+5.0000000E-02,+9.2270339E-03,+0.0000000E+00
+5.5950000E-02,+1.1057693E-02,+0.0000000E+00
+6.1900000E-02,+1.2769764E-02,+0.0000000E+00
+6.7850000E-02,+1.4305418E-02,+0.0000000E+00
+7.3800000E-02,+1.5642004E-02,+0.0000000E+00
+7.9750000E-02,+1.6791322E-02,+0.0000000E+00
+8.5700000E-02,+1.7790320E-02,+0.0000000E+00
+9.1650000E-02,+1.8686019E-02,+0.0000000E+00
+9.7600000E-02,+1.9519033E-02,+0.0000000E+00
+1.0355000E-01,+2.0310266E-02,+0.0000000E+00
+1.0950000E-01,+2.1054225E-02,+0.0000000E+00
+1.1545000E-01,+2.1720296E-02,+0.0000000E+00
+1.2140000E-01,+2.2261137E-02,+0.0000000E+00
+1.2735000E-01,+2.2625536E-02,+0.0000000E+00
+1.3330000E-01,+2.2772381E-02,+0.0000000E+00
+1.3925000E-01,+2.2682548E-02,+0.0000000E+00
+1.4520000E-01,+2.2366506E-02,+0.0000000E+00
+1.5115000E-01,+2.1866589E-02,+0.0000000E+00
+1.5710000E-01,+2.1253841E-02,+0.0000000E+00
+1.6305000E-01,+2.0619952E-02,+0.0000000E+00
+1.6900000E-01,+2.0065133E-02,+0.0000000E+00
+1.7495000E-01,+1.9683152E-02,+0.0000000E+00
+1.8090000E-01,+1.9545452E-02,+0.0000000E+00
+1.8685000E-01,+1.9687262E-02,+0.0000000E+00
+1.9280000E-01,+2.0099487E-02,+0.0000000E+00
+1.9875000E-01,+2.0730356E-02,+0.0000000E+00
+2.0470000E-01,+2.1499516E-02,+0.0000000E+00
+2.1065000E-01,+2.2324448E-02,+0.0000000E+00
+2.1660000E-01,+2.3154948E-02,+0.0000000E+00
+2.2255000E-01,+2.4007318E-02,+0.0000000E+00
+2.2850000E-01,+2.4987305E-02,+0.0000000E+00
+2.3445000E-01,+2.6291257E-02,+0.0000000E+00
+2.4040000E-01,+2.8179124E-02,+0.0000000E+00
+2.4635000E-01,+3.0920311E-02,+0.0000000E+00
+2.5230000E-01,+3.4722132E-02,+0.0000000E+00
+2.5825000E-01,+3.9658065E-02,+0.0000000E+00
+2.6420000E-01,+4.5616266E-02,+0.0000000E+00
+2.7015000E-01,+5.2286234E-02,+0.0000000E+00
+2.7610000E-01,+5.9192894E-02,+0.0000000E+00
+2.8205000E-01,+6.5774759E-02,+0.0000000E+00
+2.8800000E-01,+7.1489760E-02,+0.0000000E+00
+2.9395000E-01,+7.5922948E-02,+0.0000000E+00
+2.9990000E-01,+7.8867800E-02,+0.0000000E+00
+3.0585000E-01,+8.0358803E-02,+0.0000000E+00
+3.1180000E-01,+8.0645855E-02,+0.0000000E+00
+3.1775000E-01,+8.0117364E-02,+0.0000000E+00
+3.2370000E-01,+7.9193680E-02,+0.0000000E+00
+3.2965000E-01,+7.8221068E-02,+0.0000000E+00
+3.3560000E-01,+7.7395982E-02,+0.0000000E+00
+3.4155000E-01,+7.6739838E-02,+0.0000000E+00
+3.4750000E-01,+7.6128852E-02,+0.0000000E+00
+3.5345000E-01,+7.5366559E-02,+0.0000000E+00
+3.5940000E-01,+7.4273838E-02,+0.0000000E+00
+3.6535000E-01,+7.2766647E-02,+0.0000000E+00
+3.7130000E-01,+7.0896593E-02,+0.0000000E+00
+3.7725000E-01,+6.8842281E-02,+0.0000000E+00
+3.8320000E-01,+6.6855779E-02,+0.0000000E+00
+3.8915000E-01,+6.5183199E-02,+0.0000000E+00
+3.9510000E-01,+6.3986602E-02,+0.0000000E+00
+4.0105000E-01,+6.3293577E-02,+0.0000000E+00
+4.0700000E-01,+6.2991482E-02,+0.0000000E+00
+4.1295000E-01,+6.2868533E-02,+0.0000000E+00
+4.1890000E-01,+6.2688670E-02,+0.0000000E+00
+4.2485000E-01,+6.2276313E-02,+0.0000000E+00
+4.3080000E-01,+6.1584025E-02,+0.0000000E+00
+4.3675000E-01,+6.0721688E-02,+0.0000000E+00
+4.4270000E-01,+5.9937925E-02,+0.0000000E+00
+4.4865000E-01,+5.9559311E-02,+0.0000000E+00
+4.5460000E-01,+5.9905722E-02,+0.0000000E+00
+4.6055000E-01,+6.1207027E-02,+0.0000000E+00
+4.6650000E-01,+6.3545483E-02,+0.0000000E+00
+4.7245000E-01,+6.6840125E-02,+0.0000000E+00
+4.7840000E-01,+7.0876910E-02,+0.0000000E+00
+4.8435000E-01,+7.5375240E-02,+0.0000000E+00
+4.9030000E-01,+8.0071664E-02,+0.0000000E+00
+4.9625000E-01,+8.4797521E-02,+0.0000000E+00
+5.0220000E-01,+8.9529876E-02,+0.0000000E+00
+5.0815000E-01,+9.4402997E-02,+0.0000000E+00
+5.1410000E-01,+9.9678238E-02,+0.0000000E+00
+5.2005000E-01,+1.0568044E-01,+0.0000000E+00
+5.2600000E-01,+1.1271623E-01,+0.0000000E+00
+5.3195000E-01,+1.2099235E-01,+0.0000000E+00
+5.3790000E-01,+1.3055073E-01,+0.0000000E+00
+5.4385000E-01,+1.4123206E-01,+0.0000000E+00
+5.4980000E-01,+1.5267341E-01,+0.0000000E+00
+5.5575000E-01,+1.6433947E-01,+0.0000000E+00
+5.6170000E-01,+1.7558233E-01,+0.0000000E+00
+5.6765000E-01,+1.8572155E-01,+0.0000000E+00
+5.7360000E-01,+1.9413452E-01,+0.0000000E+00
+5.7955000E-01,+2.0034576E-01,+0.0000000E+00
+5.8550000E-01,+2.0410285E-01,+0.0000000E+00
+5.9145000E-01,+2.0542645E-01,+0.0000000E+00
+5.9740000E-01,+2.0462253E-01,+0.0000000E+00
+6.0335000E-01,+2.0224905E-01,+0.0000000E+00
+6.0930000E-01,+1.9903563E-01,+0.0000000E+00
+6.1525000E-01,+1.9576421E-01,+0.0000000E+00
+6.2120000E-01,+1.9312923E-01,+0.0000000E+00
+6.2715000E-01,+1.9160422E-01,+0.0000000E+00
+6.3310000E-01,+1.9134531E-01,+0.0000000E+00
+6.3905000E-01,+1.9215825E-01,+0.0000000E+00
+6.4500000E-01,+1.9354376E-01,+0.0000000E+00
+6.5095000E-01,+1.9481804E-01,+0.0000000E+00
+6.5690000E-01,+1.9528579E-01,+0.0000000E+00
+6.6285000E-01,+1.9442691E-01,+0.0000000E+00
+6.6880000E-01,+1.9205107E-01,+0.0000000E+00
+6.7475000E-01,+1.8837963E-01,+0.0000000E+00
+6.8070000E-01,+1.8403118E-01,+0.0000000E+00
+6.8665000E-01,+1.7991194E-01,+0.0000000E+00
+6.9260000E-01,+1.7703836E-01,+0.0000000E+00
+6.9855000E-01,+1.7633843E-01,+0.0000000E+00
+7.0450000E-01,+1.7848449E-01,+0.0000000E+00
+7.1045000E-01,+1.8380129E-01,+0.0000000E+00
+7.1640000E-01,+1.9227034E-01,+0.0000000E+00
+7.2235000E-01,+2.0362246E-01,+0.0000000E+00
+7.2830000E-01,+2.1748308E-01,+0.0000000E+00
+7.3425000E-01,+2.3351901E-01,+0.0000000E+00
+7.4020000E-01,+2.5153550E-01,+0.0000000E+00
+7.4615000E-01,+2.7148943E-01,+0.0000000E+00
+7.5210000E-01,+2.9341319E-01,+0.0000000E+00
+7.5805000E-01,+3.1727456E-01,+0.0000000E+00
+7.6400000E-01,+3.4282148E-01,+0.0000000E+00
+7.6995000E-01,+3.6946830E-01,+0.0000000E+00
+7.7590000E-01,+3.9626928E-01,+0.0000000E+00
+7.8185000E-01,+4.2199936E-01,+0.0000000E+00
+7.8780000E-01,+4.4532867E-01,+0.0000000E+00
+7.9375000E-01,+4.6504775E-01,+0.0000000E+00
+7.9970000E-01,+4.8028365E-01,+0.0000000E+00
+8.0565000E-01,+4.9064887E-01,+0.0000000E+00
+8.1160000E-01,+4.9628452E-01,+0.0000000E+00
+8.1755000E-01,+4.9779007E-01,+0.0000000E+00
+8.2350000E-01,+4.9606436E-01,+0.0000000E+00
+8.2945000E-01,+4.9210625E-01,+0.0000000E+00
+8.3540000E-01,+4.8683096E-01,+0.0000000E+00
+8.4135000E-01,+4.8094833E-01,+0.0000000E+00
+8.4730000E-01,+4.7492597E-01,+0.0000000E+00
+8.5325000E-01,+4.6903146E-01,+0.0000000E+00
+8.5920000E-01,+4.6342369E-01,+0.0000000E+00
+8.6515000E-01,+4.5825097E-01,+0.0000000E+00
+8.7110000E-01,+4.5371672E-01,+0.0000000E+00
+8.7705000E-01,+4.5008940E-01,+0.0000000E+00
+8.8300000E-01,+4.4765657E-01,+0.0000000E+00
+8.8895000E-01,+4.4664414E-01,+0.0000000E+00
+8.9490000E-01,+4.4713429E-01,+0.0000000E+00
+9.0085000E-01,+4.4901539E-01,+0.0000000E+00
+9.0680000E-01,+4.5198499E-01,+0.0000000E+00
+9.1275000E-01,+4.5560757E-01,+0.0000000E+00
+9.1870000E-01,+4.5940973E-01,+0.0000000E+00
+9.2465000E-01,+4.6298270E-01,+0.0000000E+00
+9.3060000E-01,+4.6606076E-01,+0.0000000E+00
+9.3655000E-01,+4.6855292E-01,+0.0000000E+00
+9.4250000E-01,+4.7052190E-01,+0.0000000E+00
+9.4845000E-01,+4.7212191E-01,+0.0000000E+00
+9.5440000E-01,+4.7351913E-01,+0.0000000E+00
+9.6035000E-01,+4.7482295E-01,+0.0000000E+00
+9.6630000E-01,+4.7604937E-01,+0.0000000E+00
+9.7225000E-01,+4.7712563E-01,+0.0000000E+00
+9.7820000E-01,+4.7792937E-01,+0.0000000E+00
+9.8415000E-01,+4.7834434E-01,+0.0000000E+00
+9.9010000E-01,+4.7830985E-01,+0.0000000E+00
+9.9605000E-01,+4.7784543E-01,+0.0000000E+00
+1.0020000E+00,+4.7704224E-01,+0.0000000E+00
+1.0079500E+00,+4.7602628E-01,+0.0000000E+00
+1.0139000E+00,+4.7490872E-01,+0.0000000E+00
+1.0198500E+00,+4.7374319E-01,+0.0000000E+00
+1.0258000E+00,+4.7250721E-01,+0.0000000E+00
+1.0317500E+00,+4.7111520E-01,+0.0000000E+00
+1.0377000E+00,+4.6945867E-01,+0.0000000E+00
+1.0436500E+00,+4.6745891E-01,+0.0000000E+00
+1.0496000E+00,+4.6511236E-01,+0.0000000E+00
+1.0555500E+00,+4.6251140E-01,+0.0000000E+00
+1.0615000E+00,+4.5983176E-01,+0.0000000E+00
+1.0674500E+00,+4.5729007E-01,+0.0000000E+00
+1.0734000E+00,+4.5508576E-01,+0.0000000E+00
+1.0793500E+00,+4.5334784E-01,+0.0000000E+00
+1.0853000E+00,+4.5210568E-01,+0.0000000E+00
+1.0912500E+00,+4.5129465E-01,+0.0000000E+00
+1.0972000E+00,+4.5079514E-01,+0.0000000E+00
+1.1031500E+00,+4.5049103E-01,+0.0000000E+00
+1.1091000E+00,+4.5032581E-01,+0.0000000E+00
+1.1150500E+00,+4.5033439E-01,+0.0000000E+00
+1.1210000E+00,+4.5063639E-01,+0.0000000E+00
+1.1269500E+00,+4.5139011E-01,+0.0000000E+00
+1.1329000E+00,+4.5272111E-01,+0.0000000E+00
+1.1388500E+00,+4.5464999E-01,+0.0000000E+00
+1.1448000E+00,+4.5704686E-01,+0.0000000E+00
+1.1507500E+00,+4.5963299E-01,+0.0000000E+00
+1.1567000E+00,+4.6203601E-01,+0.0000000E+00
+1.1626500E+00,+4.6388655E-01,+0.0000000E+00
+1.1686000E+00,+4.6492916E-01,+0.0000000E+00
+1.1745500E+00,+4.6511260E-01,+0.0000000E+00
+1.1805000E+00,+4.6462821E-01,+0.0000000E+00
+1.1864500E+00,+4.6387871E-01,+0.0000000E+00
+1.1924000E+00,+4.6338080E-01,+0.0000000E+00
+1.1983500E+00,+4.6362530E-01,+0.0000000E+00
+1.2043000E+00,+4.6493340E-01,+0.0000000E+00
+1.2102500E+00,+4.6735079E-01,+0.0000000E+00
+1.2162000E+00,+4.7061164E-01,+0.0000000E+00
+1.2221500E+00,+4.7418530E-01,+0.0000000E+00
+1.2281000E+00,+4.7739459E-01,+0.0000000E+00
+1.2340500E+00,+4.7957391E-01,+0.0000000E+00
+1.2400000E+00,+4.8022419E-01,+0.0000000E+00
+1.2459500E+00,+4.7912340E-01,+0.0000000E+00
+1.2519000E+00,+4.7636505E-01,+0.0000000E+00
+1.2578500E+00,+4.7231852E-01,+0.0000000E+00
+1.2638000E+00,+4.6752752E-01,+0.0000000E+00
+1.2697500E+00,+4.6257904E-01,+0.0000000E+00
+1.2757000E+00,+4.5798086E-01,+0.0000000E+00
+1.2816500E+00,+4.5407923E-01,+0.0000000E+00
+1.2876000E+00,+4.5103298E-01,+0.0000000E+00
+1.2935500E+00,+4.4884148E-01,+0.0000000E+00
+1.2995000E+00,+4.4740766E-01,+0.0000000E+00
+1.3054500E+00,+4.4660912E-01,+0.0000000E+00
+1.3114000E+00,+4.4635194E-01,+0.0000000E+00
+1.3173500E+00,+4.4659190E-01,+0.0000000E+00
+1.3233000E+00,+4.4732186E-01,+0.0000000E+00
+1.3292500E+00,+4.4853727E-01,+0.0000000E+00
+1.3352000E+00,+4.5019888E-01,+0.0000000E+00
+1.3411500E+00,+4.5221089E-01,+0.0000000E+00
+1.3471000E+00,+4.5442530E-01,+0.0000000E+00
+1.3530500E+00,+4.5667128E-01,+0.0000000E+00
+1.3590000E+00,+4.5879799E-01,+0.0000000E+00
+1.3649500E+00,+4.6071363E-01,+0.0000000E+00
+1.3709000E+00,+4.6240472E-01,+0.0000000E+00
+1.3768500E+00,+4.6392726E-01,+0.0000000E+00
+1.3828000E+00,+4.6537243E-01,+0.0000000E+00
+1.3887500E+00,+4.6681924E-01,+0.0000000E+00
+1.3947000E+00,+4.6829197E-01,+0.0000000E+00
+1.4006500E+00,+4.6973854E-01,+0.0000000E+00
+1.4066000E+00,+4.7103880E-01,+0.0000000E+00
+1.4125500E+00,+4.7204024E-01,+0.0000000E+00
+1.4185000E+00,+4.7260878E-01,+0.0000000E+00
+1.4244500E+00,+4.7267636E-01,+0.0000000E+00
+1.4304000E+00,+4.7226767E-01,+0.0000000E+00
+1.4363500E+00,+4.7149547E-01,+0.0000000E+00
+1.4423000E+00,+4.7052488E-01,+0.0000000E+00
+1.4482500E+00,+4.6951806E-01,+0.0000000E+00
+1.4542000E+00,+4.6857776E-01,+0.0000000E+00
+1.4601500E+00,+4.6770933E-01,+0.0000000E+00
+1.4661000E+00,+4.6681508E-01,+0.0000000E+00
+1.4720500E+00,+4.6572441E-01,+0.0000000E+00
+1.4780000E+00,+4.6425172E-01,+0.0000000E+00
+1.4839500E+00,+4.6226455E-01,+0.0000000E+00
+1.4899000E+00,+4.5974113E-01,+0.0000000E+00
+1.4958500E+00,+4.5679927E-01,+0.0000000E+00
+1.5018000E+00,+4.5368674E-01,+0.0000000E+00
+1.5077500E+00,+4.5073501E-01,+0.0000000E+00
+1.5137000E+00,+4.4828859E-01,+0.0000000E+00
+1.5196500E+00,+4.4662902E-01,+0.0000000E+00
+1.5256000E+00,+4.4591390E-01,+0.0000000E+00
+1.5315500E+00,+4.4614629E-01,+0.0000000E+00
+1.5375000E+00,+4.4718148E-01,+0.0000000E+00
+1.5434500E+00,+4.4876740E-01,+0.0000000E+00
+1.5494000E+00,+4.5060669E-01,+0.0000000E+00
+1.5553500E+00,+4.5242352E-01,+0.0000000E+00
+1.5613000E+00,+4.5401853E-01,+0.0000000E+00
+1.5672500E+00,+4.5529949E-01,+0.0000000E+00
+1.5732000E+00,+4.5628312E-01,+0.0000000E+00
+1.5791500E+00,+4.5707095E-01,+0.0000000E+00
+1.5851000E+00,+4.5780837E-01,+0.0000000E+00
+1.5910500E+00,+4.5863933E-01,+0.0000000E+00
+1.5970000E+00,+4.5966817E-01,+0.0000000E+00
+1.6029500E+00,+4.6093728E-01,+0.0000000E+00
+1.6089000E+00,+4.6242335E-01,+0.0000000E+00
+1.6148500E+00,+4.6405053E-01,+0.0000000E+00
+1.6208000E+00,+4.6571444E-01,+0.0000000E+00
+1.6267500E+00,+4.6730931E-01,+0.0000000E+00
+1.6327000E+00,+4.6875103E-01,+0.0000000E+00
+1.6386500E+00,+4.6999098E-01,+0.0000000E+00
+1.6446000E+00,+4.7101869E-01,+0.0000000E+00
+1.6505500E+00,+4.7185439E-01,+0.0000000E+00
+1.6565000E+00,+4.7253487E-01,+0.0000000E+00
+1.6624500E+00,+4.7309719E-01,+0.0000000E+00
+1.6684000E+00,+4.7356468E-01,+0.0000000E+00
+1.6743500E+00,+4.7393859E-01,+0.0000000E+00
+1.6803000E+00,+4.7419729E-01,+0.0000000E+00
+1.6862500E+00,+4.7430278E-01,+0.0000000E+00
+1.6922000E+00,+4.7421287E-01,+0.0000000E+00
+1.6981500E+00,+4.7389596E-01,+0.0000000E+00
+1.7041000E+00,+4.7334467E-01,+0.0000000E+00
+1.7100500E+00,+4.7258471E-01,+0.0000000E+00
+1.7160000E+00,+4.7167598E-01,+0.0000000E+00
+1.7219500E+00,+4.7070445E-01,+0.0000000E+00
+1.7279000E+00,+4.6976545E-01,+0.0000000E+00
+1.7338500E+00,+4.6894105E-01,+0.0000000E+00
+1.7398000E+00,+4.6827636E-01,+0.0000000E+00
+1.7457500E+00,+4.6776039E-01,+0.0000000E+00
+1.7517000E+00,+4.6731702E-01,+0.0000000E+00
+1.7576500E+00,+4.6681015E-01,+0.0000000E+00
+1.7636000E+00,+4.6606375E-01,+0.0000000E+00
+1.7695500E+00,+4.6489430E-01,+0.0000000E+00
+1.7755000E+00,+4.6314972E-01,+0.0000000E+00
+1.7814500E+00,+4.6074644E-01,+0.0000000E+00
+1.7874000E+00,+4.5769623E-01,+0.0000000E+00
+1.7933500E+00,+4.5411593E-01,+0.0000000E+00
+1.7993000E+00,+4.5021698E-01,+0.0000000E+00
+1.8052500E+00,+4.4627609E-01,+0.0000000E+00
+1.8112000E+00,+4.4259286E-01,+0.0000000E+00
+1.8171500E+00,+4.3944304E-01,+0.0000000E+00
+1.8231000E+00,+4.3703721E-01,+0.0000000E+00
+1.8290500E+00,+4.3549318E-01,+0.0000000E+00
+1.8350000E+00,+4.3482685E-01,+0.0000000E+00
+1.8409500E+00,+4.3496222E-01,+0.0000000E+00
+1.8469000E+00,+4.3575654E-01,+0.0000000E+00
+1.8528500E+00,+4.3703394E-01,+0.0000000E+00
+1.8588000E+00,+4.3861933E-01,+0.0000000E+00
+1.8647500E+00,+4.4036551E-01,+0.0000000E+00
+1.8707000E+00,+4.4216881E-01,+0.0000000E+00
+1.8766500E+00,+4.4397189E-01,+0.0000000E+00
+1.8826000E+00,+4.4575556E-01,+0.0000000E+00
+1.8885500E+00,+4.4752393E-01,+0.0000000E+00
+1.8945000E+00,+4.4928795E-01,+0.0000000E+00
+1.9004500E+00,+4.5105194E-01,+0.0000000E+00
+1.9064000E+00,+4.5280632E-01,+0.0000000E+00
+1.9123500E+00,+4.5452728E-01,+0.0000000E+00
+1.9183000E+00,+4.5618225E-01,+0.0000000E+00
+1.9242500E+00,+4.5773841E-01,+0.0000000E+00
+1.9302000E+00,+4.5917121E-01,+0.0000000E+00
+1.9361500E+00,+4.6046979E-01,+0.0000000E+00
+1.9421000E+00,+4.6163788E-01,+0.0000000E+00
+1.9480500E+00,+4.6268991E-01,+0.0000000E+00
+1.9540000E+00,+4.6364371E-01,+0.0000000E+00
+1.9599500E+00,+4.6451236E-01,+0.0000000E+00
+1.9659000E+00,+4.6529773E-01,+0.0000000E+00
+1.9718500E+00,+4.6598805E-01,+0.0000000E+00
+1.9778000E+00,+4.6656052E-01,+0.0000000E+00
+1.9837500E+00,+4.6698835E-01,+0.0000000E+00
+1.9897000E+00,+4.6725014E-01,+0.0000000E+00
+1.9956500E+00,+4.6733874E-01,+0.0000000E+00
+2.0016000E+00,+4.6726639E-01,+0.0000000E+00
+2.0075500E+00,+4.6706418E-01,+0.0000000E+00
+2.0135000E+00,+4.6677541E-01,+0.0000000E+00
+2.0194500E+00,+4.6644455E-01,+0.0000000E+00
+2.0254000E+00,+4.6610515E-01,+0.0000000E+00
+2.0313500E+00,+4.6577092E-01,+0.0000000E+00
+2.0373000E+00,+4.6543330E-01,+0.0000000E+00
+2.0432500E+00,+4.6506734E-01,+0.0000000E+00
+2.0492000E+00,+4.6464467E-01,+0.0000000E+00
+2.0551500E+00,+4.6414971E-01,+0.0000000E+00
+2.0611000E+00,+4.6359365E-01,+0.0000000E+00
+2.0670500E+00,+4.6302020E-01,+0.0000000E+00
+2.0730000E+00,+4.6249929E-01,+0.0000000E+00
+2.0789500E+00,+4.6210823E-01,+0.0000000E+00
+2.0849000E+00,+4.6190381E-01,+0.0000000E+00
+2.0908500E+00,+4.6189274E-01,+0.0000000E+00
+2.0968000E+00,+4.6200943E-01,+0.0000000E+00
+2.1027500E+00,+4.6210965E-01,+0.0000000E+00
+2.1087000E+00,+4.6198507E-01,+0.0000000E+00
+2.1146500E+00,+4.6139835E-01,+0.0000000E+00
+2.1206000E+00,+4.6013287E-01,+0.0000000E+00
+2.1265500E+00,+4.5804585E-01,+0.0000000E+00
+2.1325000E+00,+4.5511205E-01,+0.0000000E+00
+2.1384500E+00,+4.5144596E-01,+0.0000000E+00
+2.1444000E+00,+4.4729526E-01,+0.0000000E+00
+2.1503500E+00,+4.4300502E-01,+0.0000000E+00
+2.1563000E+00,+4.3895945E-01,+0.0000000E+00
+2.1622500E+00,+4.3551396E-01,+0.0000000E+00
+2.1682000E+00,+4.3293287E-01,+0.0000000E+00
+2.1741500E+00,+4.3134699E-01,+0.0000000E+00
+2.1801000E+00,+4.3074032E-01,+0.0000000E+00
+2.1860500E+00,+4.3096798E-01,+0.0000000E+00
+2.1920000E+00,+4.3179952E-01,+0.0000000E+00
+2.1979500E+00,+4.3297597E-01,+0.0000000E+00
+2.2039000E+00,+4.3426601E-01,+0.0000000E+00
+2.2098500E+00,+4.3550798E-01,+0.0000000E+00
+2.2158000E+00,+4.3662884E-01,+0.0000000E+00
+2.2217500E+00,+4.3763812E-01,+0.0000000E+00
+2.2277000E+00,+4.3860177E-01,+0.0000000E+00
+2.2336500E+00,+4.3960546E-01,+0.0000000E+00
+2.2396000E+00,+4.4071933E-01,+0.0000000E+00
+2.2455500E+00,+4.4197381E-01,+0.0000000E+00
+2.2515000E+00,+4.4335248E-01,+0.0000000E+00
+2.2574500E+00,+4.4480157E-01,+0.0000000E+00
+2.2634000E+00,+4.4625097E-01,+0.0000000E+00
+2.2693500E+00,+4.4763839E-01,+0.0000000E+00
+2.2753000E+00,+4.4892820E-01,+0.0000000E+00
+2.2812500E+00,+4.5011897E-01,+0.0000000E+00
+2.2872000E+00,+4.5123821E-01,+0.0000000E+00
+2.2931500E+00,+4.5232726E-01,+0.0000000E+00
+2.2991000E+00,+4.5342231E-01,+0.0000000E+00
+2.3050500E+00,+4.5453870E-01,+0.0000000E+00
+2.3110000E+00,+4.5566378E-01,+0.0000000E+00
+2.3169500E+00,+4.5676049E-01,+0.0000000E+00
+2.3229000E+00,+4.5777962E-01,+0.0000000E+00
+2.3288500E+00,+4.5867596E-01,+0.0000000E+00
+2.3348000E+00,+4.5942225E-01,+0.0000000E+00
+2.3407500E+00,+4.6001594E-01,+0.0000000E+00
+2.3467000E+00,+4.6047666E-01,+0.0000000E+00
+2.3526500E+00,+4.6083569E-01,+0.0000000E+00
+2.3586000E+00,+4.6112177E-01,+0.0000000E+00
+2.3645500E+00,+4.6134866E-01,+0.0000000E+00
+2.3705000E+00,+4.6150909E-01,+0.0000000E+00
+2.3764500E+00,+4.6157738E-01,+0.0000000E+00
+2.3824000E+00,+4.6151946E-01,+0.0000000E+00
+2.3883500E+00,+4.6130643E-01,+0.0000000E+00
+2.3943000E+00,+4.6092625E-01,+0.0000000E+00
+2.4002500E+00,+4.6038892E-01,+0.0000000E+00
+2.4062000E+00,+4.5972261E-01,+0.0000000E+00
+2.4121500E+00,+4.5896181E-01,+0.0000000E+00
+2.4181000E+00,+4.5813130E-01,+0.0000000E+00
+2.4240500E+00,+4.5723161E-01,+0.0000000E+00
+2.4300000E+00,+4.5623167E-01,+0.0000000E+00
+2.4359500E+00,+4.5507184E-01,+0.0000000E+00
+2.4419000E+00,+4.5367797E-01,+0.0000000E+00
+2.4478500E+00,+4.5198309E-01,+0.0000000E+00
+2.4538000E+00,+4.4995127E-01,+0.0000000E+00
+2.4597500E+00,+4.4759698E-01,+0.0000000E+00
+2.4657000E+00,+4.4499452E-01,+0.0000000E+00
+2.4716500E+00,+4.4227433E-01,+0.0000000E+00
+2.4776000E+00,+4.3960630E-01,+0.0000000E+00
+2.4835500E+00,+4.3717337E-01,+0.0000000E+00
+2.4895000E+00,+4.3514077E-01,+0.0000000E+00
+2.4954500E+00,+4.3362699E-01,+0.0000000E+00
+2.5014000E+00,+4.3268235E-01,+0.0000000E+00
+2.5073500E+00,+4.3227880E-01,+0.0000000E+00
+2.5133000E+00,+4.3231278E-01,+0.0000000E+00
+2.5192500E+00,+4.3262050E-01,+0.0000000E+00
+2.5252000E+00,+4.3300267E-01,+0.0000000E+00
+2.5311500E+00,+4.3325490E-01,+0.0000000E+00
+2.5371000E+00,+4.3319850E-01,+0.0000000E+00
+2.5430500E+00,+4.3270713E-01,+0.0000000E+00
+2.5490000E+00,+4.3172483E-01,+0.0000000E+00
+2.5549500E+00,+4.3027269E-01,+0.0000000E+00
+2.5609000E+00,+4.2844299E-01,+0.0000000E+00
+2.5668500E+00,+4.2638189E-01,+0.0000000E+00
+2.5728000E+00,+4.2426372E-01,+0.0000000E+00
+2.5787500E+00,+4.2226181E-01,+0.0000000E+00
+2.5847000E+00,+4.2052118E-01,+0.0000000E+00
+2.5906500E+00,+4.1913849E-01,+0.0000000E+00
+2.5966000E+00,+4.1815271E-01,+0.0000000E+00
+2.6025500E+00,+4.1754779E-01,+0.0000000E+00
+2.6085000E+00,+4.1726585E-01,+0.0000000E+00
+2.6144500E+00,+4.1722695E-01,+0.0000000E+00
+2.6204000E+00,+4.1735021E-01,+0.0000000E+00
+2.6263500E+00,+4.1757107E-01,+0.0000000E+00
+2.6323000E+00,+4.1785104E-01,+0.0000000E+00
+2.6382500E+00,+4.1817834E-01,+0.0000000E+00
+2.6442000E+00,+4.1856074E-01,+0.0000000E+00
+2.6501500E+00,+4.1901381E-01,+0.0000000E+00
+2.6561000E+00,+4.1954884E-01,+0.0000000E+00
+2.6620500E+00,+4.2016433E-01,+0.0000000E+00
+2.6680000E+00,+4.2084332E-01,+0.0000000E+00
+2.6739500E+00,+4.2155683E-01,+0.0000000E+00
+2.6799000E+00,+4.2227157E-01,+0.0000000E+00
+2.6858500E+00,+4.2295881E-01,+0.0000000E+00
+2.6918000E+00,+4.2360125E-01,+0.0000000E+00
+2.6977500E+00,+4.2419564E-01,+0.0000000E+00
+2.7037000E+00,+4.2475054E-01,+0.0000000E+00
+2.7096500E+00,+4.2528046E-01,+0.0000000E+00
+2.7156000E+00,+4.2579878E-01,+0.0000000E+00
+2.7215500E+00,+4.2631213E-01,+0.0000000E+00
+2.7275000E+00,+4.2681824E-01,+0.0000000E+00
+2.7334500E+00,+4.2730784E-01,+0.0000000E+00
+2.7394000E+00,+4.2776964E-01,+0.0000000E+00
+2.7453500E+00,+4.2819622E-01,+0.0000000E+00
+2.7513000E+00,+4.2858849E-01,+0.0000000E+00
+2.7572500E+00,+4.2895680E-01,+0.0000000E+00
+2.7632000E+00,+4.2931827E-01,+0.0000000E+00
+2.7691500E+00,+4.2969135E-01,+0.0000000E+00
+2.7751000E+00,+4.3008954E-01,+0.0000000E+00
+2.7810500E+00,+4.3051686E-01,+0.0000000E+00
+2.7870000E+00,+4.3096663E-01,+0.0000000E+00
+2.7929500E+00,+4.3142419E-01,+0.0000000E+00
+2.7989000E+00,+4.3187243E-01,+0.0000000E+00
+2.8048500E+00,+4.3229813E-01,+0.0000000E+00
+2.8108000E+00,+4.3269672E-01,+0.0000000E+00
+2.8167500E+00,+4.3307360E-01,+0.0000000E+00
+2.8227000E+00,+4.3344179E-01,+0.0000000E+00
+2.8286500E+00,+4.3381683E-01,+0.0000000E+00
+2.8346000E+00,+4.3421121E-01,+0.0000000E+00
+2.8405500E+00,+4.3463068E-01,+0.0000000E+00
+2.8465000E+00,+4.3507410E-01,+0.0000000E+00
+2.8524500E+00,+4.3553708E-01,+0.0000000E+00
+2.8584000E+00,+4.3601795E-01,+0.0000000E+00
+2.8643500E+00,+4.3652381E-01,+0.0000000E+00
+2.8703000E+00,+4.3707394E-01,+0.0000000E+00
+2.8762500E+00,+4.3769926E-01,+0.0000000E+00
+2.8822000E+00,+4.3843778E-01,+0.0000000E+00
+2.8881500E+00,+4.3932807E-01,+0.0000000E+00
+2.8941000E+00,+4.4040346E-01,+0.0000000E+00
+2.9000500E+00,+4.4168979E-01,+0.0000000E+00
+2.9060000E+00,+4.4320785E-01,+0.0000000E+00
+2.9119500E+00,+4.4497939E-01,+0.0000000E+00
+2.9179000E+00,+4.4703355E-01,+0.0000000E+00
+2.9238500E+00,+4.4940921E-01,+0.0000000E+00
+2.9298000E+00,+4.5214938E-01,+0.0000000E+00
+2.9357500E+00,+4.5528612E-01,+0.0000000E+00
+2.9417000E+00,+4.5881777E-01,+0.0000000E+00
+2.9476500E+00,+4.6268414E-01,+0.0000000E+00
+2.9536000E+00,+4.6674740E-01,+0.0000000E+00
+2.9595500E+00,+4.7078645E-01,+0.0000000E+00
+2.9655000E+00,+4.7451024E-01,+0.0000000E+00
+2.9714500E+00,+4.7759043E-01,+0.0000000E+00
+2.9774000E+00,+4.7970869E-01,+0.0000000E+00
+2.9833500E+00,+4.8060899E-01,+0.0000000E+00
+2.9893000E+00,+4.8014299E-01,+0.0000000E+00
+2.9952500E+00,+4.7829763E-01,+0.0000000E+00
+3.0012000E+00,+4.7519800E-01,+0.0000000E+00
+3.0071500E+00,+4.7108451E-01,+0.0000000E+00
+3.0131000E+00,+4.6626997E-01,+0.0000000E+00
+3.0190500E+00,+4.6108677E-01,+0.0000000E+00
+3.0250000E+00,+4.5583656E-01,+0.0000000E+00
+3.0309500E+00,+4.5075316E-01,+0.0000000E+00
+3.0369000E+00,+4.4598524E-01,+0.0000000E+00
+3.0428500E+00,+4.4159974E-01,+0.0000000E+00
+3.0488000E+00,+4.3760126E-01,+0.0000000E+00
+3.0547500E+00,+4.3395955E-01,+0.0000000E+00
+3.0607000E+00,+4.3063585E-01,+0.0000000E+00
+3.0666500E+00,+4.2760131E-01,+0.0000000E+00
+3.0726000E+00,+4.2484406E-01,+0.0000000E+00
+3.0785500E+00,+4.2236575E-01,+0.0000000E+00
+3.0845000E+00,+4.2017169E-01,+0.0000000E+00
+3.0904500E+00,+4.1826028E-01,+0.0000000E+00
+3.0964000E+00,+4.1661621E-01,+0.0000000E+00
+3.1023500E+00,+4.1521031E-01,+0.0000000E+00
+3.1083000E+00,+4.1400535E-01,+0.0000000E+00
+3.1142500E+00,+4.1296520E-01,+0.0000000E+00
+3.1202000E+00,+4.1206346E-01,+0.0000000E+00
+3.1261500E+00,+4.1128806E-01,+0.0000000E+00
+3.1321000E+00,+4.1064042E-01,+0.0000000E+00
+3.1380500E+00,+4.1012957E-01,+0.0000000E+00
+3.1440000E+00,+4.0976389E-01,+0.0000000E+00
+3.1499500E+00,+4.0954360E-01,+0.0000000E+00
+3.1559000E+00,+4.0945694E-01,+0.0000000E+00
+3.1618500E+00,+4.0948122E-01,+0.0000000E+00
+3.1678000E+00,+4.0958821E-01,+0.0000000E+00
+3.1737500E+00,+4.0975157E-01,+0.0000000E+00
+3.1797000E+00,+4.0995357E-01,+0.0000000E+00
+3.1856500E+00,+4.1018841E-01,+0.0000000E+00
+3.1916000E+00,+4.1046129E-01,+0.0000000E+00
+3.1975500E+00,+4.1078346E-01,+0.0000000E+00
+3.2035000E+00,+4.1116546E-01,+0.0000000E+00
+3.2094500E+00,+4.1161096E-01,+0.0000000E+00
+3.2154000E+00,+4.1211355E-01,+0.0000000E+00
+3.2213500E+00,+4.1265753E-01,+0.0000000E+00
+3.2273000E+00,+4.1322218E-01,+0.0000000E+00
+3.2332500E+00,+4.1378795E-01,+0.0000000E+00
+3.2392000E+00,+4.1434206E-01,+0.0000000E+00
+3.2451500E+00,+4.1488154E-01,+0.0000000E+00
+3.2511000E+00,+4.1541271E-01,+0.0000000E+00
+3.2570500E+00,+4.1594720E-01,+0.0000000E+00
+3.2630000E+00,+4.1649634E-01,+0.0000000E+00
+3.2689500E+00,+4.1706581E-01,+0.0000000E+00
+3.2749000E+00,+4.1765268E-01,+0.0000000E+00
+3.2808500E+00,+4.1824572E-01,+0.0000000E+00
+3.2868000E+00,+4.1882893E-01,+0.0000000E+00
+3.2927500E+00,+4.1938674E-01,+0.0000000E+00
+3.2987000E+00,+4.1990908E-01,+0.0000000E+00
+3.3046500E+00,+4.2039434E-01,+0.0000000E+00
+3.3106000E+00,+4.2084915E-01,+0.0000000E+00
+3.3165500E+00,+4.2128526E-01,+0.0000000E+00
+3.3225000E+00,+4.2171454E-01,+0.0000000E+00
+3.3284500E+00,+4.2214419E-01,+0.0000000E+00
+3.3344000E+00,+4.2257374E-01,+0.0000000E+00
+3.3403500E+00,+4.2299511E-01,+0.0000000E+00
+3.3463000E+00,+4.2339548E-01,+0.0000000E+00
+3.3522500E+00,+4.2376192E-01,+0.0000000E+00
+3.3582000E+00,+4.2408609E-01,+0.0000000E+00
+3.3641500E+00,+4.2436700E-01,+0.0000000E+00
+3.3701000E+00,+4.2461107E-01,+0.0000000E+00
+3.3760500E+00,+4.2482925E-01,+0.0000000E+00
+3.3820000E+00,+4.2503241E-01,+0.0000000E+00
+3.3879500E+00,+4.2522674E-01,+0.0000000E+00
+3.3939000E+00,+4.2541077E-01,+0.0000000E+00
+3.3998500E+00,+4.2557522E-01,+0.0000000E+00
+3.4058000E+00,+4.2570574E-01,+0.0000000E+00
+3.4117500E+00,+4.2578729E-01,+0.0000000E+00
+3.4177000E+00,+4.2580883E-01,+0.0000000E+00
+3.4236500E+00,+4.2576628E-01,+0.0000000E+00
+3.4296000E+00,+4.2566297E-01,+0.0000000E+00
+3.4355500E+00,+4.2550730E-01,+0.0000000E+00
+3.4415000E+00,+4.2530867E-01,+0.0000000E+00
+3.4474500E+00,+4.2507342E-01,+0.0000000E+00
+3.4534000E+00,+4.2480222E-01,+0.0000000E+00
+3.4593500E+00,+4.2449004E-01,+0.0000000E+00
+3.4653000E+00,+4.2412875E-01,+0.0000000E+00
+3.4712500E+00,+4.2371122E-01,+0.0000000E+00
+3.4772000E+00,+4.2323544E-01,+0.0000000E+00
+3.4831500E+00,+4.2270693E-01,+0.0000000E+00
+3.4891000E+00,+4.2213860E-01,+0.0000000E+00
+3.4950500E+00,+4.2154802E-01,+0.0000000E+00
+3.5010000E+00,+4.2095323E-01,+0.0000000E+00
+3.5069500E+00,+4.2036863E-01,+0.0000000E+00
+3.5129000E+00,+4.1980260E-01,+0.0000000E+00
+3.5188500E+00,+4.1925780E-01,+0.0000000E+00
+3.5248000E+00,+4.1873389E-01,+0.0000000E+00
+3.5307500E+00,+4.1823183E-01,+0.0000000E+00
+3.5367000E+00,+4.1775791E-01,+0.0000000E+00
+3.5426500E+00,+4.1732611E-01,+0.0000000E+00
+3.5486000E+00,+4.1695789E-01,+0.0000000E+00
+3.5545500E+00,+4.1667954E-01,+0.0000000E+00
+3.5605000E+00,+4.1651818E-01,+0.0000000E+00
+3.5664500E+00,+4.1649783E-01,+0.0000000E+00
+3.5724000E+00,+4.1663704E-01,+0.0000000E+00
+3.5783500E+00,+4.1694857E-01,+0.0000000E+00
+3.5843000E+00,+4.1744070E-01,+0.0000000E+00
+3.5902500E+00,+4.1811914E-01,+0.0000000E+00
+3.5962000E+00,+4.1898774E-01,+0.0000000E+00
+3.6021500E+00,+4.2004702E-01,+0.0000000E+00
+3.6081000E+00,+4.2129028E-01,+0.0000000E+00
+3.6140500E+00,+4.2269822E-01,+0.0000000E+00
+3.6200000E+00,+4.2423394E-01,+0.0000000E+00
+3.6259500E+00,+4.2584067E-01,+0.0000000E+00
+3.6319000E+00,+4.2744366E-01,+0.0000000E+00
+3.6378500E+00,+4.2895691E-01,+0.0000000E+00
+3.6438000E+00,+4.3029364E-01,+0.0000000E+00
+3.6497500E+00,+4.3137818E-01,+0.0000000E+00
+3.6557000E+00,+4.3215642E-01,+0.0000000E+00
+3.6616500E+00,+4.3260223E-01,+0.0000000E+00
+3.6676000E+00,+4.3271825E-01,+0.0000000E+00
+3.6735500E+00,+4.3253127E-01,+0.0000000E+00
+3.6795000E+00,+4.3208367E-01,+0.0000000E+00
+3.6854500E+00,+4.3142355E-01,+0.0000000E+00
+3.6914000E+00,+4.3059623E-01,+0.0000000E+00
+3.6973500E+00,+4.2963900E-01,+0.0000000E+00
+3.7033000E+00,+4.2857990E-01,+0.0000000E+00
+3.7092500E+00,+4.2743983E-01,+0.0000000E+00
+3.7152000E+00,+4.2623625E-01,+0.0000000E+00
+3.7211500E+00,+4.2498667E-01,+0.0000000E+00
+3.7271000E+00,+4.2371020E-01,+0.0000000E+00
+3.7330500E+00,+4.2242683E-01,+0.0000000E+00
+3.7390000E+00,+4.2115469E-01,+0.0000000E+00
+3.7449500E+00,+4.1990684E-01,+0.0000000E+00
+3.7509000E+00,+4.1868892E-01,+0.0000000E+00
+3.7568500E+00,+4.1749893E-01,+0.0000000E+00
+3.7628000E+00,+4.1632929E-01,+0.0000000E+00
+3.7687500E+00,+4.1517070E-01,+0.0000000E+00
+3.7747000E+00,+4.1401621E-01,+0.0000000E+00
+3.7806500E+00,+4.1286423E-01,+0.0000000E+00
+3.7866000E+00,+4.1171931E-01,+0.0000000E+00
+3.7925500E+00,+4.1059039E-01,+0.0000000E+00
+3.7985000E+00,+4.0948734E-01,+0.0000000E+00
+3.8044500E+00,+4.0841707E-01,+0.0000000E+00
+3.8104000E+00,+4.0738066E-01,+0.0000000E+00
+3.8163500E+00,+4.0637275E-01,+0.0000000E+00
+3.8223000E+00,+4.0538326E-01,+0.0000000E+00
+3.8282500E+00,+4.0440102E-01,+0.0000000E+00
+3.8342000E+00,+4.0341779E-01,+0.0000000E+00
+3.8401500E+00,+4.0243123E-01,+0.0000000E+00
+3.8461000E+00,+4.0144578E-01,+0.0000000E+00
+3.8520500E+00,+4.0047101E-01,+0.0000000E+00
+3.8580000E+00,+3.9951809E-01,+0.0000000E+00
+3.8639500E+00,+3.9859573E-01,+0.0000000E+00
+3.8699000E+00,+3.9770702E-01,+0.0000000E+00
+3.8758500E+00,+3.9684850E-01,+0.0000000E+00
+3.8818000E+00,+3.9601161E-01,+0.0000000E+00
+3.8877500E+00,+3.9518626E-01,+0.0000000E+00
+3.8937000E+00,+3.9436494E-01,+0.0000000E+00
+3.8996500E+00,+3.9354605E-01,+0.0000000E+00
+3.9056000E+00,+3.9273502E-01,+0.0000000E+00
+3.9115500E+00,+3.9194299E-01,+0.0000000E+00
+3.9175000E+00,+3.9118327E-01,+0.0000000E+00
+3.9234500E+00,+3.9046714E-01,+0.0000000E+00
+3.9294000E+00,+3.8980037E-01,+0.0000000E+00
+3.9353500E+00,+3.8918183E-01,+0.0000000E+00
+3.9413000E+00,+3.8860483E-01,+0.0000000E+00
+3.9472500E+00,+3.8806044E-01,+0.0000000E+00
+3.9532000E+00,+3.8754185E-01,+0.0000000E+00
+3.9591500E+00,+3.8704788E-01,+0.0000000E+00
+3.9651000E+00,+3.8658447E-01,+0.0000000E+00
+3.9710500E+00,+3.8616338E-01,+0.0000000E+00
+3.9770000E+00,+3.8579866E-01,+0.0000000E+00
+3.9829500E+00,+3.8550212E-01,+0.0000000E+00
+3.9889000E+00,+3.8527938E-01,+0.0000000E+00
+3.9948500E+00,+3.8512809E-01,+0.0000000E+00
+4.0008000E+00,+3.8503875E-01,+0.0000000E+00
+4.0067500E+00,+3.8499803E-01,+0.0000000E+00
+4.0127000E+00,+3.8499310E-01,+0.0000000E+00
+4.0186500E+00,+3.8501549E-01,+0.0000000E+00
+4.0246000E+00,+3.8506293E-01,+0.0000000E+00
+4.0305500E+00,+3.8513857E-01,+0.0000000E+00
+4.0365000E+00,+3.8524794E-01,+0.0000000E+00
+4.0424500E+00,+3.8539482E-01,+0.0000000E+00
+4.0484000E+00,+3.8557780E-01,+0.0000000E+00
+4.0543500E+00,+3.8578890E-01,+0.0000000E+00
+4.0603000E+00,+3.8601486E-01,+0.0000000E+00
+4.0662500E+00,+3.8624076E-01,+0.0000000E+00
+4.0722000E+00,+3.8645462E-01,+0.0000000E+00
+4.0781500E+00,+3.8665132E-01,+0.0000000E+00
+4.0841000E+00,+3.8683422E-01,+0.0000000E+00
+4.0900500E+00,+3.8701396E-01,+0.0000000E+00
+4.0960000E+00,+3.8720480E-01,+0.0000000E+00
+4.1019500E+00,+3.8741981E-01,+0.0000000E+00
+4.1079000E+00,+3.8766667E-01,+0.0000000E+00
+4.1138500E+00,+3.8794565E-01,+0.0000000E+00
+4.1198000E+00,+3.8825040E-01,+0.0000000E+00
+4.1257500E+00,+3.8857131E-01,+0.0000000E+00
+4.1317000E+00,+3.8889994E-01,+0.0000000E+00
+4.1376500E+00,+3.8923299E-01,+0.0000000E+00
+4.1436000E+00,+3.8957413E-01,+0.0000000E+00
+4.1495500E+00,+3.8993310E-01,+0.0000000E+00
+4.1555000E+00,+3.9032233E-01,+0.0000000E+00
+4.1614500E+00,+3.9075253E-01,+0.0000000E+00
+4.1674000E+00,+3.9122877E-01,+0.0000000E+00
+4.1733500E+00,+3.9174869E-01,+0.0000000E+00
+4.1793000E+00,+3.9230340E-01,+0.0000000E+00
+4.1852500E+00,+3.9288084E-01,+0.0000000E+00
+4.1912000E+00,+3.9347018E-01,+0.0000000E+00
+4.1971500E+00,+3.9406572E-01,+0.0000000E+00
+4.2031000E+00,+3.9466869E-01,+0.0000000E+00
+4.2090500E+00,+3.9528636E-01,+0.0000000E+00
+4.2150000E+00,+3.9592874E-01,+0.0000000E+00
+4.2209500E+00,+3.9660422E-01,+0.0000000E+00
+4.2269000E+00,+3.9731565E-01,+0.0000000E+00
+4.2328500E+00,+3.9805848E-01,+0.0000000E+00
+4.2388000E+00,+3.9882149E-01,+0.0000000E+00
+4.2447500E+00,+3.9958993E-01,+0.0000000E+00
+4.2507000E+00,+4.0034976E-01,+0.0000000E+00
+4.2566500E+00,+4.0109144E-01,+0.0000000E+00
+4.2626000E+00,+4.0181185E-01,+0.0000000E+00
+4.2685500E+00,+4.0251368E-01,+0.0000000E+00
+4.2745000E+00,+4.0320242E-01,+0.0000000E+00
+4.2804500E+00,+4.0388241E-01,+0.0000000E+00
+4.2864000E+00,+4.0455321E-01,+0.0000000E+00
+4.2923500E+00,+4.0520784E-01,+0.0000000E+00
+4.2983000E+00,+4.0583359E-01,+0.0000000E+00
+4.3042500E+00,+4.0641504E-01,+0.0000000E+00
+4.3102000E+00,+4.0693834E-01,+0.0000000E+00
+4.3161500E+00,+4.0739497E-01,+0.0000000E+00
+4.3221000E+00,+4.0778387E-01,+0.0000000E+00
+4.3280500E+00,+4.0811091E-01,+0.0000000E+00
+4.3340000E+00,+4.0838615E-01,+0.0000000E+00
+4.3399500E+00,+4.0861978E-01,+0.0000000E+00
+4.3459000E+00,+4.0881828E-01,+0.0000000E+00
+4.3518500E+00,+4.0898230E-01,+0.0000000E+00
+4.3578000E+00,+4.0910690E-01,+0.0000000E+00
+4.3637500E+00,+4.0918417E-01,+0.0000000E+00
+4.3697000E+00,+4.0920710E-01,+0.0000000E+00
+4.3756500E+00,+4.0917334E-01,+0.0000000E+00
+4.3816000E+00,+4.0908736E-01,+0.0000000E+00
+4.3875500E+00,+4.0896020E-01,+0.0000000E+00
+4.3935000E+00,+4.0880691E-01,+0.0000000E+00
+4.3994500E+00,+4.0864250E-01,+0.0000000E+00
+4.4054000E+00,+4.0847804E-01,+0.0000000E+00
+4.4113500E+00,+4.0831814E-01,+0.0000000E+00
+4.4173000E+00,+4.0816094E-01,+0.0000000E+00
+4.4232500E+00,+4.0800036E-01,+0.0000000E+00
+4.4292000E+00,+4.0782990E-01,+0.0000000E+00
+4.4351500E+00,+4.0764640E-01,+0.0000000E+00
+4.4411000E+00,+4.0745240E-01,+0.0000000E+00
+4.4470500E+00,+4.0725595E-01,+0.0000000E+00
+4.4530000E+00,+4.0706804E-01,+0.0000000E+00
+4.4589500E+00,+4.0689836E-01,+0.0000000E+00
+4.4649000E+00,+4.0675099E-01,+0.0000000E+00
+4.4708500E+00,+4.0662157E-01,+0.0000000E+00
+4.4768000E+00,+4.0649700E-01,+0.0000000E+00
+4.4827500E+00,+4.0635798E-01,+0.0000000E+00
+4.4887000E+00,+4.0618326E-01,+0.0000000E+00
+4.4946500E+00,+4.0595448E-01,+0.0000000E+00
+4.5006000E+00,+4.0565961E-01,+0.0000000E+00
+4.5065500E+00,+4.0529411E-01,+0.0000000E+00
+4.5125000E+00,+4.0485940E-01,+0.0000000E+00
+4.5184500E+00,+4.0435940E-01,+0.0000000E+00
+4.5244000E+00,+4.0379677E-01,+0.0000000E+00
+4.5303500E+00,+4.0317018E-01,+0.0000000E+00
+4.5363000E+00,+4.0247405E-01,+0.0000000E+00
+4.5422500E+00,+4.0170076E-01,+0.0000000E+00
+4.5482000E+00,+4.0084463E-01,+0.0000000E+00
+4.5541500E+00,+3.9990605E-01,+0.0000000E+00
+4.5601000E+00,+3.9889416E-01,+0.0000000E+00
+4.5660500E+00,+3.9782686E-01,+0.0000000E+00
+4.5720000E+00,+3.9672790E-01,+0.0000000E+00
+4.5779500E+00,+3.9562212E-01,+0.0000000E+00
+4.5839000E+00,+3.9453023E-01,+0.0000000E+00
+4.5898500E+00,+3.9346525E-01,+0.0000000E+00
+4.5958000E+00,+3.9243161E-01,+0.0000000E+00
+4.6017500E+00,+3.9142742E-01,+0.0000000E+00
+4.6077000E+00,+3.9044876E-01,+0.0000000E+00
+4.6136500E+00,+3.8949455E-01,+0.0000000E+00
+4.6196000E+00,+3.8856986E-01,+0.0000000E+00
+4.6255500E+00,+3.8768654E-01,+0.0000000E+00
+4.6315000E+00,+3.8686069E-01,+0.0000000E+00
+4.6374500E+00,+3.8610814E-01,+0.0000000E+00
+4.6434000E+00,+3.8543936E-01,+0.0000000E+00
+4.6493500E+00,+3.8485609E-01,+0.0000000E+00
+4.6553000E+00,+3.8435077E-01,+0.0000000E+00
+4.6612500E+00,+3.8390924E-01,+0.0000000E+00
+4.6672000E+00,+3.8351566E-01,+0.0000000E+00
+4.6731500E+00,+3.8315791E-01,+0.0000000E+00
+4.6791000E+00,+3.8283137E-01,+0.0000000E+00
+4.6850500E+00,+3.8253983E-01,+0.0000000E+00
+4.6910000E+00,+3.8229306E-01,+0.0000000E+00
+4.6969500E+00,+3.8210202E-01,+0.0000000E+00
+4.7029000E+00,+3.8197363E-01,+0.0000000E+00
+4.7088500E+00,+3.8190703E-01,+0.0000000E+00
+4.7148000E+00,+3.8189285E-01,+0.0000000E+00
+4.7207500E+00,+3.8191571E-01,+0.0000000E+00
+4.7267000E+00,+3.8195910E-01,+0.0000000E+00
+4.7326500E+00,+3.8201073E-01,+0.0000000E+00
+4.7386000E+00,+3.8206639E-01,+0.0000000E+00
+4.7445500E+00,+3.8213070E-01,+0.0000000E+00
+4.7505000E+00,+3.8221466E-01,+0.0000000E+00
+4.7564500E+00,+3.8233067E-01,+0.0000000E+00
+4.7624000E+00,+3.8248709E-01,+0.0000000E+00
+4.7683500E+00,+3.8268431E-01,+0.0000000E+00
+4.7743000E+00,+3.8291378E-01,+0.0000000E+00
+4.7802500E+00,+3.8316046E-01,+0.0000000E+00
+4.7862000E+00,+3.8340765E-01,+0.0000000E+00
+4.7921500E+00,+3.8364250E-01,+0.0000000E+00
+4.7981000E+00,+3.8386007E-01,+0.0000000E+00
+4.8040500E+00,+3.8406435E-01,+0.0000000E+00
+4.8100000E+00,+3.8426602E-01,+0.0000000E+00
+4.8159500E+00,+3.8447764E-01,+0.0000000E+00
+4.8219000E+00,+3.8470813E-01,+0.0000000E+00
+4.8278500E+00,+3.8495869E-01,+0.0000000E+00
+4.8338000E+00,+3.8522157E-01,+0.0000000E+00
+4.8397500E+00,+3.8548223E-01,+0.0000000E+00
+4.8457000E+00,+3.8572411E-01,+0.0000000E+00
+4.8516500E+00,+3.8593422E-01,+0.0000000E+00
+4.8576000E+00,+3.8610745E-01,+0.0000000E+00
+4.8635500E+00,+3.8624806E-01,+0.0000000E+00
+4.8695000E+00,+3.8636785E-01,+0.0000000E+00
+4.8754500E+00,+3.8648154E-01,+0.0000000E+00
+4.8814000E+00,+3.8660132E-01,+0.0000000E+00
+4.8873500E+00,+3.8673244E-01,+0.0000000E+00
+4.8933000E+00,+3.8687158E-01,+0.0000000E+00
+4.8992500E+00,+3.8700860E-01,+0.0000000E+00
+4.9052000E+00,+3.8713112E-01,+0.0000000E+00
+4.9111500E+00,+3.8723014E-01,+0.0000000E+00
+4.9171000E+00,+3.8730479E-01,+0.0000000E+00
+4.9230500E+00,+3.8736428E-01,+0.0000000E+00
+4.9290000E+00,+3.8742647E-01,+0.0000000E+00
+4.9349500E+00,+3.8751343E-01,+0.0000000E+00
+4.9409000E+00,+3.8764564E-01,+0.0000000E+00
+4.9468500E+00,+3.8783683E-01,+0.0000000E+00
+4.9528000E+00,+3.8809135E-01,+0.0000000E+00
+4.9587500E+00,+3.8840497E-01,+0.0000000E+00
+4.9647000E+00,+3.8876852E-01,+0.0000000E+00
+4.9706500E+00,+3.8917323E-01,+0.0000000E+00
+4.9766000E+00,+3.8961535E-01,+0.0000000E+00
+4.9825500E+00,+3.9009844E-01,+0.0000000E+00
+4.9885000E+00,+3.9063227E-01,+0.0000000E+00
+4.9944500E+00,+3.9122869E-01,+0.0000000E+00
+5.0004000E+00,+3.9189594E-01,+0.0000000E+00
+5.0063500E+00,+3.9263362E-01,+0.0000000E+00
+5.0123000E+00,+3.9343016E-01,+0.0000000E+00
+5.0182500E+00,+3.9426403E-01,+0.0000000E+00
+5.0242000E+00,+3.9510821E-01,+0.0000000E+00
+5.0301500E+00,+3.9593669E-01,+0.0000000E+00
+5.0361000E+00,+3.9673056E-01,+0.0000000E+00
+5.0420500E+00,+3.9748162E-01,+0.0000000E+00
+5.0480000E+00,+3.9819231E-01,+0.0000000E+00
+5.0539500E+00,+3.9887197E-01,+0.0000000E+00
+5.0599000E+00,+3.9953093E-01,+0.0000000E+00
+5.0658500E+00,+4.0017471E-01,+0.0000000E+00
+5.0718000E+00,+4.0080041E-01,+0.0000000E+00
+5.0777500E+00,+4.0139678E-01,+0.0000000E+00
+5.0837000E+00,+4.0194790E-01,+0.0000000E+00
+5.0896500E+00,+4.0243901E-01,+0.0000000E+00
+5.0956000E+00,+4.0286232E-01,+0.0000000E+00
+5.1015500E+00,+4.0322041E-01,+0.0000000E+00
+5.1075000E+00,+4.0352601E-01,+0.0000000E+00
+5.1134500E+00,+4.0379793E-01,+0.0000000E+00
+5.1194000E+00,+4.0405484E-01,+0.0000000E+00
+5.1253500E+00,+4.0430903E-01,+0.0000000E+00
+5.1313000E+00,+4.0456260E-01,+0.0000000E+00
+5.1372500E+00,+4.0480757E-01,+0.0000000E+00
+5.1432000E+00,+4.0502979E-01,+0.0000000E+00
+5.1491500E+00,+4.0521527E-01,+0.0000000E+00
+5.1551000E+00,+4.0535644E-01,+0.0000000E+00
+5.1610500E+00,+4.0545598E-01,+0.0000000E+00
+5.1670000E+00,+4.0552673E-01,+0.0000000E+00
+5.1729500E+00,+4.0558760E-01,+0.0000000E+00
+5.1789000E+00,+4.0565713E-01,+0.0000000E+00
+5.1848500E+00,+4.0574706E-01,+0.0000000E+00
+5.1908000E+00,+4.0585848E-01,+0.0000000E+00
+5.1967500E+00,+4.0598203E-01,+0.0000000E+00
+5.2027000E+00,+4.0610212E-01,+0.0000000E+00
+5.2086500E+00,+4.0620366E-01,+0.0000000E+00
+5.2146000E+00,+4.0627859E-01,+0.0000000E+00
+5.2205500E+00,+4.0632993E-01,+0.0000000E+00
+5.2265000E+00,+4.0637163E-01,+0.0000000E+00
+5.2324500E+00,+4.0642428E-01,+0.0000000E+00
+5.2384000E+00,+4.0650845E-01,+0.0000000E+00
+5.2443500E+00,+4.0663801E-01,+0.0000000E+00
+5.2503000E+00,+4.0681619E-01,+0.0000000E+00
+5.2562500E+00,+4.0703577E-01,+0.0000000E+00
+5.2622000E+00,+4.0728344E-01,+0.0000000E+00
+5.2681500E+00,+4.0754650E-01,+0.0000000E+00
+5.2741000E+00,+4.0781948E-01,+0.0000000E+00
+5.2800500E+00,+4.0810795E-01,+0.0000000E+00
+5.2860000E+00,+4.0842799E-01,+0.0000000E+00
+5.2919500E+00,+4.0880155E-01,+0.0000000E+00
+5.2979000E+00,+4.0924916E-01,+0.0000000E+00
+5.3038500E+00,+4.0978286E-01,+0.0000000E+00
+5.3098000E+00,+4.1040188E-01,+0.0000000E+00
+5.3157500E+00,+4.1109265E-01,+0.0000000E+00
+5.3217000E+00,+4.1183310E-01,+0.0000000E+00
+5.3276500E+00,+4.1259970E-01,+0.0000000E+00
+5.3336000E+00,+4.1337446E-01,+0.0000000E+00
+5.3395500E+00,+4.1414941E-01,+0.0000000E+00
+5.3455000E+00,+4.1492694E-01,+0.0000000E+00
+5.3514500E+00,+4.1571589E-01,+0.0000000E+00
+5.3574000E+00,+4.1652515E-01,+0.0000000E+00
+5.3633500E+00,+4.1735711E-01,+0.0000000E+00
+5.3693000E+00,+4.1820374E-01,+0.0000000E+00
+5.3752500E+00,+4.1904674E-01,+0.0000000E+00
+5.3812000E+00,+4.1986177E-01,+0.0000000E+00
+5.3871500E+00,+4.2062535E-01,+0.0000000E+00
+5.3931000E+00,+4.2132170E-01,+0.0000000E+00
+5.3990500E+00,+4.2194710E-01,+0.0000000E+00
+5.4050000E+00,+4.2251007E-01,+0.0000000E+00
+5.4109500E+00,+4.2302725E-01,+0.0000000E+00
+5.4169000E+00,+4.2351667E-01,+0.0000000E+00
+5.4228500E+00,+4.2399060E-01,+0.0000000E+00
+5.4288000E+00,+4.2445099E-01,+0.0000000E+00
+5.4347500E+00,+4.2488883E-01,+0.0000000E+00
+5.4407000E+00,+4.2528796E-01,+0.0000000E+00
+5.4466500E+00,+4.2563162E-01,+0.0000000E+00
+5.4526000E+00,+4.2590956E-01,+0.0000000E+00
+5.4585500E+00,+4.2612285E-01,+0.0000000E+00
+5.4645000E+00,+4.2628465E-01,+0.0000000E+00
+5.4704500E+00,+4.2641666E-01,+0.0000000E+00
+5.4764000E+00,+4.2654247E-01,+0.0000000E+00
+5.4823500E+00,+4.2668032E-01,+0.0000000E+00
+5.4883000E+00,+4.2683777E-01,+0.0000000E+00
+5.4942500E+00,+4.2701049E-01,+0.0000000E+00
+5.5002000E+00,+4.2718530E-01,+0.0000000E+00
+5.5061500E+00,+4.2734650E-01,+0.0000000E+00
+5.5121000E+00,+4.2748293E-01,+0.0000000E+00
+5.5180500E+00,+4.2759312E-01,+0.0000000E+00
+5.5240000E+00,+4.2768645E-01,+0.0000000E+00
+5.5299500E+00,+4.2777979E-01,+0.0000000E+00
+5.5359000E+00,+4.2789082E-01,+0.0000000E+00
+5.5418500E+00,+4.2803044E-01,+0.0000000E+00
+5.5478000E+00,+4.2819725E-01,+0.0000000E+00
+5.5537500E+00,+4.2837618E-01,+0.0000000E+00
+5.5597000E+00,+4.2854219E-01,+0.0000000E+00
+5.5656500E+00,+4.2866765E-01,+0.0000000E+00
+5.5716000E+00,+4.2873116E-01,+0.0000000E+00
+5.5775500E+00,+4.2872441E-01,+0.0000000E+00
+5.5835000E+00,+4.2865482E-01,+0.0000000E+00
+5.5894500E+00,+4.2854287E-01,+0.0000000E+00
+5.5954000E+00,+4.2841516E-01,+0.0000000E+00
+5.6013500E+00,+4.2829567E-01,+0.0000000E+00
+5.6073000E+00,+4.2819847E-01,+0.0000000E+00
+5.6132500E+00,+4.2812459E-01,+0.0000000E+00
+5.6192000E+00,+4.2806402E-01,+0.0000000E+00
+5.6251500E+00,+4.2800222E-01,+0.0000000E+00
+5.6311000E+00,+4.2792833E-01,+0.0000000E+00
+5.6370500E+00,+4.2784211E-01,+0.0000000E+00
+5.6430000E+00,+4.2775660E-01,+0.0000000E+00
+5.6489500E+00,+4.2769545E-01,+0.0000000E+00
+5.6549000E+00,+4.2768577E-01,+0.0000000E+00
+5.6608500E+00,+4.2774912E-01,+0.0000000E+00
+5.6668000E+00,+4.2789406E-01,+0.0000000E+00
+5.6727500E+00,+4.2811316E-01,+0.0000000E+00
+5.6787000E+00,+4.2838575E-01,+0.0000000E+00
+5.6846500E+00,+4.2868537E-01,+0.0000000E+00
+5.6906000E+00,+4.2898942E-01,+0.0000000E+00
+5.6965500E+00,+4.2928715E-01,+0.0000000E+00
+5.7025000E+00,+4.2958312E-01,+0.0000000E+00
+5.7084500E+00,+4.2989481E-01,+0.0000000E+00
+5.7144000E+00,+4.3024513E-01,+0.0000000E+00
+5.7203500E+00,+4.3065281E-01,+0.0000000E+00
+5.7263000E+00,+4.3112436E-01,+0.0000000E+00
+5.7322500E+00,+4.3165060E-01,+0.0000000E+00
+5.7382000E+00,+4.3220929E-01,+0.0000000E+00
+5.7441500E+00,+4.3277279E-01,+0.0000000E+00
+5.7501000E+00,+4.3331799E-01,+0.0000000E+00
+5.7560500E+00,+4.3383460E-01,+0.0000000E+00
+5.7620000E+00,+4.3432866E-01,+0.0000000E+00
+5.7679500E+00,+4.3481992E-01,+0.0000000E+00
+5.7739000E+00,+4.3533401E-01,+0.0000000E+00
+5.7798500E+00,+4.3589241E-01,+0.0000000E+00
+5.7858000E+00,+4.3650398E-01,+0.0000000E+00
+5.7917500E+00,+4.3716141E-01,+0.0000000E+00
+5.7977000E+00,+4.3784378E-01,+0.0000000E+00
+5.8036500E+00,+4.3852452E-01,+0.0000000E+00
+5.8096000E+00,+4.3918142E-01,+0.0000000E+00
+5.8155500E+00,+4.3980522E-01,+0.0000000E+00
+5.8215000E+00,+4.4040324E-01,+0.0000000E+00
+5.8274500E+00,+4.4099682E-01,+0.0000000E+00
+5.8334000E+00,+4.4161347E-01,+0.0000000E+00
+5.8393500E+00,+4.4227687E-01,+0.0000000E+00
+5.8453000E+00,+4.4299826E-01,+0.0000000E+00
+5.8512500E+00,+4.4377277E-01,+0.0000000E+00
+5.8572000E+00,+4.4458179E-01,+0.0000000E+00
+5.8631500E+00,+4.4540064E-01,+0.0000000E+00
+5.8691000E+00,+4.4620848E-01,+0.0000000E+00
+5.8750500E+00,+4.4699684E-01,+0.0000000E+00
+5.8810000E+00,+4.4777336E-01,+0.0000000E+00
+5.8869500E+00,+4.4855956E-01,+0.0000000E+00
+5.8929000E+00,+4.4938335E-01,+0.0000000E+00
+5.8988500E+00,+4.5026917E-01,+0.0000000E+00
+5.9048000E+00,+4.5122935E-01,+0.0000000E+00
+5.9107500E+00,+4.5225998E-01,+0.0000000E+00
+5.9167000E+00,+4.5334260E-01,+0.0000000E+00
+5.9226500E+00,+4.5445109E-01,+0.0000000E+00
+5.9286000E+00,+4.5556106E-01,+0.0000000E+00
+5.9345500E+00,+4.5665827E-01,+0.0000000E+00
+5.9405000E+00,+4.5774289E-01,+0.0000000E+00
+5.9464500E+00,+4.5882814E-01,+0.0000000E+00
+5.9524000E+00,+4.5993396E-01,+0.0000000E+00
+5.9583500E+00,+4.6107795E-01,+0.0000000E+00
+5.9643000E+00,+4.6226723E-01,+0.0000000E+00
+5.9702500E+00,+4.6349408E-01,+0.0000000E+00
+5.9762000E+00,+4.6473701E-01,+0.0000000E+00
+5.9821500E+00,+4.6596686E-01,+0.0000000E+00
+5.9881000E+00,+4.6715568E-01,+0.0000000E+00
+5.9940500E+00,+4.6828508E-01,+0.0000000E+00
+6.0000000E+00,+4.6935116E-01,+0.0000000E+00
