+5.0000000E-02,+4.9077297E-01,+0.0000000E+00
+5.5950000E-02,+4.8894231E-01,+0.0000000E+00
+6.1900000E-02,+4.8723024E-01,+0.0000000E+00
+6.7850000E-02,+4.8569458E-01,+0.0000000E+00
+7.3800000E-02,+4.8435800E-01,+0.0000000E+00
+7.9750000E-02,+4.8320868E-01,+0.0000000E+00
+8.5700000E-02,+4.8220968E-01,+0.0000000E+00
+9.1650000E-02,+4.8131398E-01,+0.0000000E+00
+9.7600000E-02,+4.8048097E-01,+0.0000000E+00
+1.0355000E-01,+4.7968973E-01,+0.0000000E+00
+1.0950000E-01,+4.7894578E-01,+0.0000000E+00
+1.1545000E-01,+4.7827970E-01,+0.0000000E+00
+1.2140000E-01,+4.7773886E-01,+0.0000000E+00
+1.2735000E-01,+4.7737446E-01,+0.0000000E+00
+1.3330000E-01,+4.7722762E-01,+0.0000000E+00
+1.3925000E-01,+4.7731745E-01,+0.0000000E+00
+1.4520000E-01,+4.7763349E-01,+0.0000000E+00
+1.5115000E-01,+4.7813341E-01,+0.0000000E+00
+1.5710000E-01,+4.7874616E-01,+0.0000000E+00
+1.6305000E-01,+4.7938005E-01,+0.0000000E+00
+1.6900000E-01,+4.7993487E-01,+0.0000000E+00
+1.7495000E-01,+4.8031685E-01,+0.0000000E+00
+1.8090000E-01,+4.8045455E-01,+0.0000000E+00
+1.8685000E-01,+4.8031274E-01,+0.0000000E+00
+1.9280000E-01,+4.7990051E-01,+0.0000000E+00
+1.9875000E-01,+4.7926964E-01,+0.0000000E+00
+2.0470000E-01,+4.7850048E-01,+0.0000000E+00
+2.1065000E-01,+4.7767555E-01,+0.0000000E+00
+2.1660000E-01,+4.7684505E-01,+0.0000000E+00
+2.2255000E-01,+4.7599268E-01,+0.0000000E+00
+2.2850000E-01,+4.7501270E-01,+0.0000000E+00
+2.3445000E-01,+4.7370874E-01,+0.0000000E+00
+2.4040000E-01,+4.7182088E-01,+0.0000000E+00
+2.4635000E-01,+4.6907969E-01,+0.0000000E+00
+2.5230000E-01,+4.6527787E-01,+0.0000000E+00
+2.5825000E-01,+4.6034193E-01,+0.0000000E+00
+2.6420000E-01,+4.5438373E-01,+0.0000000E+00
+2.7015000E-01,+4.4771377E-01,+0.0000000E+00
+2.7610000E-01,+4.4080711E-01,+0.0000000E+00
+2.8205000E-01,+4.3422524E-01,+0.0000000E+00
+2.8800000E-01,+4.2851024E-01,+0.0000000E+00
+2.9395000E-01,+4.2407705E-01,+0.0000000E+00
+2.9990000E-01,+4.2113220E-01,+0.0000000E+00
+3.0585000E-01,+4.1964120E-01,+0.0000000E+00
+3.1180000E-01,+4.1935414E-01,+0.0000000E+00
+3.1775000E-01,+4.1988264E-01,+0.0000000E+00
+3.2370000E-01,+4.2080632E-01,+0.0000000E+00
+3.2965000E-01,+4.2177893E-01,+0.0000000E+00
+3.3560000E-01,+4.2260402E-01,+0.0000000E+00
+3.4155000E-01,+4.2326016E-01,+0.0000000E+00
+3.4750000E-01,+4.2387115E-01,+0.0000000E+00
+3.5345000E-01,+4.2463344E-01,+0.0000000E+00
+3.5940000E-01,+4.2572616E-01,+0.0000000E+00
+3.6535000E-01,+4.2723335E-01,+0.0000000E+00
+3.7130000E-01,+4.2910341E-01,+0.0000000E+00
+3.7725000E-01,+4.3115772E-01,+0.0000000E+00
+3.8320000E-01,+4.3314422E-01,+0.0000000E+00
+3.8915000E-01,+4.3481680E-01,+0.0000000E+00
+3.9510000E-01,+4.3601340E-01,+0.0000000E+00
+4.0105000E-01,+4.3670642E-01,+0.0000000E+00
+4.0700000E-01,+4.3700852E-01,+0.0000000E+00
+4.1295000E-01,+4.3713147E-01,+0.0000000E+00
+4.1890000E-01,+4.3731133E-01,+0.0000000E+00
+4.2485000E-01,+4.3772369E-01,+0.0000000E+00
+4.3080000E-01,+4.3841598E-01,+0.0000000E+00
+4.3675000E-01,+4.3927831E-01,+0.0000000E+00
+4.4270000E-01,+4.4006208E-01,+0.0000000E+00
+4.4865000E-01,+4.4044069E-01,+0.0000000E+00
+4.5460000E-01,+4.4009428E-01,+0.0000000E+00
+4.6055000E-01,+4.3879297E-01,+0.0000000E+00
+4.6650000E-01,+4.3645452E-01,+0.0000000E+00
+4.7245000E-01,+4.3315988E-01,+0.0000000E+00
+4.7840000E-01,+4.2912309E-01,+0.0000000E+00
+4.8435000E-01,+4.2462476E-01,+0.0000000E+00
+4.9030000E-01,+4.1992834E-01,+0.0000000E+00
+4.9625000E-01,+4.1520248E-01,+0.0000000E+00
+5.0220000E-01,+4.1047012E-01,+0.0000000E+00
+5.0815000E-01,+4.0559700E-01,+0.0000000E+00
+5.1410000E-01,+4.0032176E-01,+0.0000000E+00
+5.2005000E-01,+3.9431956E-01,+0.0000000E+00
+5.2600000E-01,+3.8728377E-01,+0.0000000E+00
+5.3195000E-01,+3.7900765E-01,+0.0000000E+00
+5.3790000E-01,+3.6944927E-01,+0.0000000E+00
+5.4385000E-01,+3.5876794E-01,+0.0000000E+00
+5.4980000E-01,+3.4732659E-01,+0.0000000E+00
+5.5575000E-01,+3.3566053E-01,+0.0000000E+00
+5.6170000E-01,+3.2441767E-01,+0.0000000E+00
+5.6765000E-01,+3.1427845E-01,+0.0000000E+00
+5.7360000E-01,+3.0586548E-01,+0.0000000E+00
+5.7955000E-01,+2.9965424E-01,+0.0000000E+00
+5.8550000E-01,+2.9589715E-01,+0.0000000E+00
+5.9145000E-01,+2.9457355E-01,+0.0000000E+00
+5.9740000E-01,+2.9537747E-01,+0.0000000E+00
+6.0335000E-01,+2.9775095E-01,+0.0000000E+00
+6.0930000E-01,+3.0096437E-01,+0.0000000E+00
+6.1525000E-01,+3.0423579E-01,+0.0000000E+00
+6.2120000E-01,+3.0687077E-01,+0.0000000E+00
+6.2715000E-01,+3.0839578E-01,+0.0000000E+00
+6.3310000E-01,+3.0865469E-01,+0.0000000E+00
+6.3905000E-01,+3.0784175E-01,+0.0000000E+00
+6.4500000E-01,+3.0645624E-01,+0.0000000E+00
+6.5095000E-01,+3.0518196E-01,+0.0000000E+00
+6.5690000E-01,+3.0471421E-01,+0.0000000E+00
+6.6285000E-01,+3.0557309E-01,+0.0000000E+00
+6.6880000E-01,+3.0794893E-01,+0.0000000E+00
+6.7475000E-01,+3.1162037E-01,+0.0000000E+00
+6.8070000E-01,+3.1596882E-01,+0.0000000E+00
+6.8665000E-01,+3.2008806E-01,+0.0000000E+00
+6.9260000E-01,+3.2296164E-01,+0.0000000E+00
+6.9855000E-01,+3.2366157E-01,+0.0000000E+00
+7.0450000E-01,+3.2151551E-01,+0.0000000E+00
+7.1045000E-01,+3.1619871E-01,+0.0000000E+00
+7.1640000E-01,+3.0772966E-01,+0.0000000E+00
+7.2235000E-01,+2.9637754E-01,+0.0000000E+00
+7.2830000E-01,+2.8251692E-01,+0.0000000E+00
+7.3425000E-01,+2.6648099E-01,+0.0000000E+00
+7.4020000E-01,+2.4846450E-01,+0.0000000E+00
+7.4615000E-01,+2.2851057E-01,+0.0000000E+00
+7.5210000E-01,+2.0658681E-01,+0.0000000E+00
+7.5805000E-01,+1.8272544E-01,+0.0000000E+00
+7.6400000E-01,+1.5717852E-01,+0.0000000E+00
+7.6995000E-01,+1.3053170E-01,+0.0000000E+00
+7.7590000E-01,+1.0373072E-01,+0.0000000E+00
+7.8185000E-01,+7.8000640E-02,+0.0000000E+00
+7.8780000E-01,+5.4671325E-02,+0.0000000E+00
+7.9375000E-01,+3.4952245E-02,+0.0000000E+00
+7.9970000E-01,+1.9716346E-02,+0.0000000E+00
+8.0565000E-01,+9.3511273E-03,+0.0000000E+00
+8.1160000E-01,+3.7154769E-03,+0.0000000E+00
+8.1755000E-01,+2.2099299E-03,+0.0000000E+00
+8.2350000E-01,+3.9356418E-03,+0.0000000E+00
+8.2945000E-01,+7.8937501E-03,+0.0000000E+00
+8.3540000E-01,+1.3169041E-02,+0.0000000E+00
+8.4135000E-01,+1.9051668E-02,+0.0000000E+00
+8.4730000E-01,+2.5074028E-02,+0.0000000E+00
+8.5325000E-01,+3.0968537E-02,+0.0000000E+00
+8.5920000E-01,+3.6576312E-02,+0.0000000E+00
+8.6515000E-01,+4.1749027E-02,+0.0000000E+00
+8.7110000E-01,+4.6283278E-02,+0.0000000E+00
+8.7705000E-01,+4.9910605E-02,+0.0000000E+00
+8.8300000E-01,+5.2343435E-02,+0.0000000E+00
+8.8895000E-01,+5.3355862E-02,+0.0000000E+00
+8.9490000E-01,+5.2865711E-02,+0.0000000E+00
+9.0085000E-01,+5.0984607E-02,+0.0000000E+00
+9.0680000E-01,+4.8015010E-02,+0.0000000E+00
+9.1275000E-01,+4.4392427E-02,+0.0000000E+00
+9.1870000E-01,+4.0590272E-02,+0.0000000E+00
+9.2465000E-01,+3.7017298E-02,+0.0000000E+00
+9.3060000E-01,+3.3939236E-02,+0.0000000E+00
+9.3655000E-01,+3.1447082E-02,+0.0000000E+00
+9.4250000E-01,+2.9478099E-02,+0.0000000E+00
+9.4845000E-01,+2.7878094E-02,+0.0000000E+00
+9.5440000E-01,+2.6480865E-02,+0.0000000E+00
+9.6035000E-01,+2.5177051E-02,+0.0000000E+00
+9.6630000E-01,+2.3950631E-02,+0.0000000E+00
+9.7225000E-01,+2.2874372E-02,+0.0000000E+00
+9.7820000E-01,+2.2070630E-02,+0.0000000E+00
+9.8415000E-01,+2.1655665E-02,+0.0000000E+00
+9.9010000E-01,+2.1690147E-02,+0.0000000E+00
+9.9605000E-01,+2.2154571E-02,+0.0000000E+00
+1.0020000E+00,+2.2957765E-02,+0.0000000E+00
+1.0079500E+00,+2.3973716E-02,+0.0000000E+00
+1.0139000E+00,+2.5091281E-02,+0.0000000E+00
+1.0198500E+00,+2.6256815E-02,+0.0000000E+00
+1.0258000E+00,+2.7492792E-02,+0.0000000E+00
+1.0317500E+00,+2.8884804E-02,+0.0000000E+00
+1.0377000E+00,+3.0541334E-02,+0.0000000E+00
+1.0436500E+00,+3.2541095E-02,+0.0000000E+00
+1.0496000E+00,+3.4887639E-02,+0.0000000E+00
+1.0555500E+00,+3.7488600E-02,+0.0000000E+00
+1.0615000E+00,+4.0168236E-02,+0.0000000E+00
+1.0674500E+00,+4.2709930E-02,+0.0000000E+00
+1.0734000E+00,+4.4914245E-02,+0.0000000E+00
+1.0793500E+00,+4.6652162E-02,+0.0000000E+00
+1.0853000E+00,+4.7894322E-02,+0.0000000E+00
+1.0912500E+00,+4.8705355E-02,+0.0000000E+00
+1.0972000E+00,+4.9204862E-02,+0.0000000E+00
+1.1031500E+00,+4.9508968E-02,+0.0000000E+00
+1.1091000E+00,+4.9674186E-02,+0.0000000E+00
+1.1150500E+00,+4.9665606E-02,+0.0000000E+00
+1.1210000E+00,+4.9363610E-02,+0.0000000E+00
+1.1269500E+00,+4.8609893E-02,+0.0000000E+00
+1.1329000E+00,+4.7278895E-02,+0.0000000E+00
+1.1388500E+00,+4.5350007E-02,+0.0000000E+00
+1.1448000E+00,+4.2953144E-02,+0.0000000E+00
+1.1507500E+00,+4.0367014E-02,+0.0000000E+00
+1.1567000E+00,+3.7963990E-02,+0.0000000E+00
+1.1626500E+00,+3.6113446E-02,+0.0000000E+00
+1.1686000E+00,+3.5070840E-02,+0.0000000E+00
+1.1745500E+00,+3.4887398E-02,+0.0000000E+00
+1.1805000E+00,+3.5371793E-02,+0.0000000E+00
+1.1864500E+00,+3.6121289E-02,+0.0000000E+00
+1.1924000E+00,+3.6619196E-02,+0.0000000E+00
+1.1983500E+00,+3.6374704E-02,+0.0000000E+00
+1.2043000E+00,+3.5066598E-02,+0.0000000E+00
+1.2102500E+00,+3.2649207E-02,+0.0000000E+00
+1.2162000E+00,+2.9388361E-02,+0.0000000E+00
+1.2221500E+00,+2.5814703E-02,+0.0000000E+00
+1.2281000E+00,+2.2605409E-02,+0.0000000E+00
+1.2340500E+00,+2.0426088E-02,+0.0000000E+00
+1.2400000E+00,+1.9775809E-02,+0.0000000E+00
+1.2459500E+00,+2.0876596E-02,+0.0000000E+00
+1.2519000E+00,+2.3634947E-02,+0.0000000E+00
+1.2578500E+00,+2.7681476E-02,+0.0000000E+00
+1.2638000E+00,+3.2472479E-02,+0.0000000E+00
+1.2697500E+00,+3.7420962E-02,+0.0000000E+00
+1.2757000E+00,+4.2019141E-02,+0.0000000E+00
+1.2816500E+00,+4.5920774E-02,+0.0000000E+00
+1.2876000E+00,+4.8967025E-02,+0.0000000E+00
+1.2935500E+00,+5.1158521E-02,+0.0000000E+00
+1.2995000E+00,+5.2592337E-02,+0.0000000E+00
+1.3054500E+00,+5.3390877E-02,+0.0000000E+00
+1.3114000E+00,+5.3648056E-02,+0.0000000E+00
+1.3173500E+00,+5.3408101E-02,+0.0000000E+00
+1.3233000E+00,+5.2678145E-02,+0.0000000E+00
+1.3292500E+00,+5.1462728E-02,+0.0000000E+00
+1.3352000E+00,+4.9801123E-02,+0.0000000E+00
+1.3411500E+00,+4.7789115E-02,+0.0000000E+00
+1.3471000E+00,+4.5574702E-02,+0.0000000E+00
+1.3530500E+00,+4.3328723E-02,+0.0000000E+00
+1.3590000E+00,+4.1202012E-02,+0.0000000E+00
+1.3649500E+00,+3.9286368E-02,+0.0000000E+00
+1.3709000E+00,+3.7595282E-02,+0.0000000E+00
+1.3768500E+00,+3.6072744E-02,+0.0000000E+00
+1.3828000E+00,+3.4627574E-02,+0.0000000E+00
+1.3887500E+00,+3.3180757E-02,+0.0000000E+00
+1.3947000E+00,+3.1708034E-02,+0.0000000E+00
+1.4006500E+00,+3.0261461E-02,+0.0000000E+00
+1.4066000E+00,+2.8961195E-02,+0.0000000E+00
+1.4125500E+00,+2.7959759E-02,+0.0000000E+00
+1.4185000E+00,+2.7391223E-02,+0.0000000E+00
+1.4244500E+00,+2.7323643E-02,+0.0000000E+00
+1.4304000E+00,+2.7732331E-02,+0.0000000E+00
+1.4363500E+00,+2.8504535E-02,+0.0000000E+00
+1.4423000E+00,+2.9475124E-02,+0.0000000E+00
+1.4482500E+00,+3.0481941E-02,+0.0000000E+00
+1.4542000E+00,+3.1422238E-02,+0.0000000E+00
+1.4601500E+00,+3.2290665E-02,+0.0000000E+00
+1.4661000E+00,+3.3184922E-02,+0.0000000E+00
+1.4720500E+00,+3.4275587E-02,+0.0000000E+00
+1.4780000E+00,+3.5748277E-02,+0.0000000E+00
+1.4839500E+00,+3.7735454E-02,+0.0000000E+00
+1.4899000E+00,+4.0258869E-02,+0.0000000E+00
+1.4958500E+00,+4.3200730E-02,+0.0000000E+00
+1.5018000E+00,+4.6313263E-02,+0.0000000E+00
+1.5077500E+00,+4.9264991E-02,+0.0000000E+00
+1.5137000E+00,+5.1711412E-02,+0.0000000E+00
+1.5196500E+00,+5.3370977E-02,+0.0000000E+00
+1.5256000E+00,+5.4086103E-02,+0.0000000E+00
+1.5315500E+00,+5.3853710E-02,+0.0000000E+00
+1.5375000E+00,+5.2818516E-02,+0.0000000E+00
+1.5434500E+00,+5.1232597E-02,+0.0000000E+00
+1.5494000E+00,+4.9393314E-02,+0.0000000E+00
+1.5553500E+00,+4.7576476E-02,+0.0000000E+00
+1.5613000E+00,+4.5981470E-02,+0.0000000E+00
+1.5672500E+00,+4.4700514E-02,+0.0000000E+00
+1.5732000E+00,+4.3716882E-02,+0.0000000E+00
+1.5791500E+00,+4.2929054E-02,+0.0000000E+00
+1.5851000E+00,+4.2191626E-02,+0.0000000E+00
+1.5910500E+00,+4.1360674E-02,+0.0000000E+00
+1.5970000E+00,+4.0331825E-02,+0.0000000E+00
+1.6029500E+00,+3.9062716E-02,+0.0000000E+00
+1.6089000E+00,+3.7576651E-02,+0.0000000E+00
+1.6148500E+00,+3.5949472E-02,+0.0000000E+00
+1.6208000E+00,+3.4285564E-02,+0.0000000E+00
+1.6267500E+00,+3.2690692E-02,+0.0000000E+00
+1.6327000E+00,+3.1248969E-02,+0.0000000E+00
+1.6386500E+00,+3.0009017E-02,+0.0000000E+00
+1.6446000E+00,+2.8981309E-02,+0.0000000E+00
+1.6505500E+00,+2.8145614E-02,+0.0000000E+00
+1.6565000E+00,+2.7465133E-02,+0.0000000E+00
+1.6624500E+00,+2.6902808E-02,+0.0000000E+00
+1.6684000E+00,+2.6435322E-02,+0.0000000E+00
+1.6743500E+00,+2.6061412E-02,+0.0000000E+00
+1.6803000E+00,+2.5802714E-02,+0.0000000E+00
+1.6862500E+00,+2.5697223E-02,+0.0000000E+00
+1.6922000E+00,+2.5787129E-02,+0.0000000E+00
+1.6981500E+00,+2.6104041E-02,+0.0000000E+00
+1.7041000E+00,+2.6655332E-02,+0.0000000E+00
+1.7100500E+00,+2.7415290E-02,+0.0000000E+00
+1.7160000E+00,+2.8324021E-02,+0.0000000E+00
+1.7219500E+00,+2.9295549E-02,+0.0000000E+00
+1.7279000E+00,+3.0234554E-02,+0.0000000E+00
+1.7338500E+00,+3.1058951E-02,+0.0000000E+00
+1.7398000E+00,+3.1723635E-02,+0.0000000E+00
+1.7457500E+00,+3.2239614E-02,+0.0000000E+00
+1.7517000E+00,+3.2682981E-02,+0.0000000E+00
+1.7576500E+00,+3.3189845E-02,+0.0000000E+00
+1.7636000E+00,+3.3936248E-02,+0.0000000E+00
+1.7695500E+00,+3.5105697E-02,+0.0000000E+00
+1.7755000E+00,+3.6850279E-02,+0.0000000E+00
+1.7814500E+00,+3.9253557E-02,+0.0000000E+00
+1.7874000E+00,+4.2303766E-02,+0.0000000E+00
+1.7933500E+00,+4.5884067E-02,+0.0000000E+00
+1.7993000E+00,+4.9783021E-02,+0.0000000E+00
+1.8052500E+00,+5.3723909E-02,+0.0000000E+00
+1.8112000E+00,+5.7407140E-02,+0.0000000E+00
+1.8171500E+00,+6.0556963E-02,+0.0000000E+00
+1.8231000E+00,+6.2962787E-02,+0.0000000E+00
+1.8290500E+00,+6.4506819E-02,+0.0000000E+00
+1.8350000E+00,+6.5173147E-02,+0.0000000E+00
+1.8409500E+00,+6.5037783E-02,+0.0000000E+00
+1.8469000E+00,+6.4243461E-02,+0.0000000E+00
+1.8528500E+00,+6.2966060E-02,+0.0000000E+00
+1.8588000E+00,+6.1380672E-02,+0.0000000E+00
+1.8647500E+00,+5.9634491E-02,+0.0000000E+00
+1.8707000E+00,+5.7831188E-02,+0.0000000E+00
+1.8766500E+00,+5.6028114E-02,+0.0000000E+00
+1.8826000E+00,+5.4244444E-02,+0.0000000E+00
+1.8885500E+00,+5.2476065E-02,+0.0000000E+00
+1.8945000E+00,+5.0712049E-02,+0.0000000E+00
+1.9004500E+00,+4.8948063E-02,+0.0000000E+00
+1.9064000E+00,+4.7193683E-02,+0.0000000E+00
+1.9123500E+00,+4.5472717E-02,+0.0000000E+00
+1.9183000E+00,+4.3817752E-02,+0.0000000E+00
+1.9242500E+00,+4.2261588E-02,+0.0000000E+00
+1.9302000E+00,+4.0828791E-02,+0.0000000E+00
+1.9361500E+00,+3.9530210E-02,+0.0000000E+00
+1.9421000E+00,+3.8362117E-02,+0.0000000E+00
+1.9480500E+00,+3.7310094E-02,+0.0000000E+00
+1.9540000E+00,+3.6356290E-02,+0.0000000E+00
+1.9599500E+00,+3.5487639E-02,+0.0000000E+00
+1.9659000E+00,+3.4702273E-02,+0.0000000E+00
+1.9718500E+00,+3.4011953E-02,+0.0000000E+00
+1.9778000E+00,+3.3439477E-02,+0.0000000E+00
+1.9837500E+00,+3.3011649E-02,+0.0000000E+00
+1.9897000E+00,+3.2749856E-02,+0.0000000E+00
+1.9956500E+00,+3.2661258E-02,+0.0000000E+00
+2.0016000E+00,+3.2733609E-02,+0.0000000E+00
+2.0075500E+00,+3.2935818E-02,+0.0000000E+00
+2.0135000E+00,+3.3224587E-02,+0.0000000E+00
+2.0194500E+00,+3.3555453E-02,+0.0000000E+00
+2.0254000E+00,+3.3894849E-02,+0.0000000E+00
+2.0313500E+00,+3.4229081E-02,+0.0000000E+00
+2.0373000E+00,+3.4566702E-02,+0.0000000E+00
+2.0432500E+00,+3.4932659E-02,+0.0000000E+00
+2.0492000E+00,+3.5355335E-02,+0.0000000E+00
+2.0551500E+00,+3.5850289E-02,+0.0000000E+00
+2.0611000E+00,+3.6406345E-02,+0.0000000E+00
+2.0670500E+00,+3.6979801E-02,+0.0000000E+00
+2.0730000E+00,+3.7500710E-02,+0.0000000E+00
+2.0789500E+00,+3.7891770E-02,+0.0000000E+00
+2.0849000E+00,+3.8096187E-02,+0.0000000E+00
+2.0908500E+00,+3.8107260E-02,+0.0000000E+00
+2.0968000E+00,+3.7990572E-02,+0.0000000E+00
+2.1027500E+00,+3.7890348E-02,+0.0000000E+00
+2.1087000E+00,+3.8014934E-02,+0.0000000E+00
+2.1146500E+00,+3.8601647E-02,+0.0000000E+00
+2.1206000E+00,+3.9867130E-02,+0.0000000E+00
+2.1265500E+00,+4.1954152E-02,+0.0000000E+00
+2.1325000E+00,+4.4887954E-02,+0.0000000E+00
+2.1384500E+00,+4.8554043E-02,+0.0000000E+00
+2.1444000E+00,+5.2704736E-02,+0.0000000E+00
+2.1503500E+00,+5.6994976E-02,+0.0000000E+00
+2.1563000E+00,+6.1040546E-02,+0.0000000E+00
+2.1622500E+00,+6.4486037E-02,+0.0000000E+00
+2.1682000E+00,+6.7067127E-02,+0.0000000E+00
+2.1741500E+00,+6.8653013E-02,+0.0000000E+00
+2.1801000E+00,+6.9259680E-02,+0.0000000E+00
+2.1860500E+00,+6.9032016E-02,+0.0000000E+00
+2.1920000E+00,+6.8200476E-02,+0.0000000E+00
+2.1979500E+00,+6.7024034E-02,+0.0000000E+00
+2.2039000E+00,+6.5733994E-02,+0.0000000E+00
+2.2098500E+00,+6.4492020E-02,+0.0000000E+00
+2.2158000E+00,+6.3371165E-02,+0.0000000E+00
+2.2217500E+00,+6.2361879E-02,+0.0000000E+00
+2.2277000E+00,+6.1398235E-02,+0.0000000E+00
+2.2336500E+00,+6.0394536E-02,+0.0000000E+00
+2.2396000E+00,+5.9280671E-02,+0.0000000E+00
+2.2455500E+00,+5.8026189E-02,+0.0000000E+00
+2.2515000E+00,+5.6647517E-02,+0.0000000E+00
+2.2574500E+00,+5.5198428E-02,+0.0000000E+00
+2.2634000E+00,+5.3749030E-02,+0.0000000E+00
+2.2693500E+00,+5.2361605E-02,+0.0000000E+00
+2.2753000E+00,+5.1071795E-02,+0.0000000E+00
+2.2812500E+00,+4.9881032E-02,+0.0000000E+00
+2.2872000E+00,+4.8761790E-02,+0.0000000E+00
+2.2931500E+00,+4.7672741E-02,+0.0000000E+00
+2.2991000E+00,+4.6577689E-02,+0.0000000E+00
+2.3050500E+00,+4.5461304E-02,+0.0000000E+00
+2.3110000E+00,+4.4336220E-02,+0.0000000E+00
+2.3169500E+00,+4.3239508E-02,+0.0000000E+00
+2.3229000E+00,+4.2220380E-02,+0.0000000E+00
+2.3288500E+00,+4.1324040E-02,+0.0000000E+00
+2.3348000E+00,+4.0577749E-02,+0.0000000E+00
+2.3407500E+00,+3.9984057E-02,+0.0000000E+00
+2.3467000E+00,+3.9523342E-02,+0.0000000E+00
+2.3526500E+00,+3.9164314E-02,+0.0000000E+00
+2.3586000E+00,+3.8878229E-02,+0.0000000E+00
+2.3645500E+00,+3.8651340E-02,+0.0000000E+00
+2.3705000E+00,+3.8490907E-02,+0.0000000E+00
+2.3764500E+00,+3.8422619E-02,+0.0000000E+00
+2.3824000E+00,+3.8480541E-02,+0.0000000E+00
+2.3883500E+00,+3.8693575E-02,+0.0000000E+00
+2.3943000E+00,+3.9073748E-02,+0.0000000E+00
+2.4002500E+00,+3.9611078E-02,+0.0000000E+00
+2.4062000E+00,+4.0277387E-02,+0.0000000E+00
+2.4121500E+00,+4.1038186E-02,+0.0000000E+00
+2.4181000E+00,+4.1868704E-02,+0.0000000E+00
+2.4240500E+00,+4.2768387E-02,+0.0000000E+00
+2.4300000E+00,+4.3768332E-02,+0.0000000E+00
+2.4359500E+00,+4.4928161E-02,+0.0000000E+00
+2.4419000E+00,+4.6322031E-02,+0.0000000E+00
+2.4478500E+00,+4.8016906E-02,+0.0000000E+00
+2.4538000E+00,+5.0048728E-02,+0.0000000E+00
+2.4597500E+00,+5.2403020E-02,+0.0000000E+00
+2.4657000E+00,+5.5005477E-02,+0.0000000E+00
+2.4716500E+00,+5.7725669E-02,+0.0000000E+00
+2.4776000E+00,+6.0393700E-02,+0.0000000E+00
+2.4835500E+00,+6.2826625E-02,+0.0000000E+00
+2.4895000E+00,+6.4859234E-02,+0.0000000E+00
+2.4954500E+00,+6.6373010E-02,+0.0000000E+00
+2.5014000E+00,+6.7317646E-02,+0.0000000E+00
+2.5073500E+00,+6.7721201E-02,+0.0000000E+00
+2.5133000E+00,+6.7687215E-02,+0.0000000E+00
+2.5192500E+00,+6.7379504E-02,+0.0000000E+00
+2.5252000E+00,+6.6997328E-02,+0.0000000E+00
+2.5311500E+00,+6.6745100E-02,+0.0000000E+00
+2.5371000E+00,+6.6801497E-02,+0.0000000E+00
+2.5430500E+00,+6.7292871E-02,+0.0000000E+00
+2.5490000E+00,+6.8275174E-02,+0.0000000E+00
+2.5549500E+00,+6.9727315E-02,+0.0000000E+00
+2.5609000E+00,+7.1557010E-02,+0.0000000E+00
+2.5668500E+00,+7.3618114E-02,+0.0000000E+00
+2.5728000E+00,+7.5736281E-02,+0.0000000E+00
+2.5787500E+00,+7.7738195E-02,+0.0000000E+00
+2.5847000E+00,+7.9478821E-02,+0.0000000E+00
+2.5906500E+00,+8.0861507E-02,+0.0000000E+00
+2.5966000E+00,+8.1847291E-02,+0.0000000E+00
+2.6025500E+00,+8.2452214E-02,+0.0000000E+00
+2.6085000E+00,+8.2734150E-02,+0.0000000E+00
+2.6144500E+00,+8.2773046E-02,+0.0000000E+00
+2.6204000E+00,+8.2649793E-02,+0.0000000E+00
+2.6263500E+00,+8.2428935E-02,+0.0000000E+00
+2.6323000E+00,+8.2148965E-02,+0.0000000E+00
+2.6382500E+00,+8.1821661E-02,+0.0000000E+00
+2.6442000E+00,+8.1439259E-02,+0.0000000E+00
+2.6501500E+00,+8.0986192E-02,+0.0000000E+00
+2.6561000E+00,+8.0451161E-02,+0.0000000E+00
+2.6620500E+00,+7.9835673E-02,+0.0000000E+00
+2.6680000E+00,+7.9156684E-02,+0.0000000E+00
+2.6739500E+00,+7.8443169E-02,+0.0000000E+00
+2.6799000E+00,+7.7728426E-02,+0.0000000E+00
+2.6858500E+00,+7.7041187E-02,+0.0000000E+00
+2.6918000E+00,+7.6398746E-02,+0.0000000E+00
+2.6977500E+00,+7.5804359E-02,+0.0000000E+00
+2.7037000E+00,+7.5249463E-02,+0.0000000E+00
+2.7096500E+00,+7.4719543E-02,+0.0000000E+00
+2.7156000E+00,+7.4201221E-02,+0.0000000E+00
+2.7215500E+00,+7.3687869E-02,+0.0000000E+00
+2.7275000E+00,+7.3181759E-02,+0.0000000E+00
+2.7334500E+00,+7.2692157E-02,+0.0000000E+00
+2.7394000E+00,+7.2230360E-02,+0.0000000E+00
+2.7453500E+00,+7.1803777E-02,+0.0000000E+00
+2.7513000E+00,+7.1411507E-02,+0.0000000E+00
+2.7572500E+00,+7.1043201E-02,+0.0000000E+00
+2.7632000E+00,+7.0681727E-02,+0.0000000E+00
+2.7691500E+00,+7.0308652E-02,+0.0000000E+00
+2.7751000E+00,+6.9910461E-02,+0.0000000E+00
+2.7810500E+00,+6.9483142E-02,+0.0000000E+00
+2.7870000E+00,+6.9033368E-02,+0.0000000E+00
+2.7929500E+00,+6.8575809E-02,+0.0000000E+00
+2.7989000E+00,+6.8127574E-02,+0.0000000E+00
+2.8048500E+00,+6.7701869E-02,+0.0000000E+00
+2.8108000E+00,+6.7303280E-02,+0.0000000E+00
+2.8167500E+00,+6.6926397E-02,+0.0000000E+00
+2.8227000E+00,+6.6558207E-02,+0.0000000E+00
+2.8286500E+00,+6.6183168E-02,+0.0000000E+00
+2.8346000E+00,+6.5788791E-02,+0.0000000E+00
+2.8405500E+00,+6.5369324E-02,+0.0000000E+00
+2.8465000E+00,+6.4925900E-02,+0.0000000E+00
+2.8524500E+00,+6.4462922E-02,+0.0000000E+00
+2.8584000E+00,+6.3982047E-02,+0.0000000E+00
+2.8643500E+00,+6.3476192E-02,+0.0000000E+00
+2.8703000E+00,+6.2926062E-02,+0.0000000E+00
+2.8762500E+00,+6.2300745E-02,+0.0000000E+00
+2.8822000E+00,+6.1562219E-02,+0.0000000E+00
+2.8881500E+00,+6.0671931E-02,+0.0000000E+00
+2.8941000E+00,+5.9596544E-02,+0.0000000E+00
+2.9000500E+00,+5.8310210E-02,+0.0000000E+00
+2.9060000E+00,+5.6792150E-02,+0.0000000E+00
+2.9119500E+00,+5.5020608E-02,+0.0000000E+00
+2.9179000E+00,+5.2966446E-02,+0.0000000E+00
+2.9238500E+00,+5.0590789E-02,+0.0000000E+00
+2.9298000E+00,+4.7850615E-02,+0.0000000E+00
+2.9357500E+00,+4.4713880E-02,+0.0000000E+00
+2.9417000E+00,+4.1182235E-02,+0.0000000E+00
+2.9476500E+00,+3.7315860E-02,+0.0000000E+00
+2.9536000E+00,+3.3252602E-02,+0.0000000E+00
+2.9595500E+00,+2.9213547E-02,+0.0000000E+00
+2.9655000E+00,+2.5489761E-02,+0.0000000E+00
+2.9714500E+00,+2.2409575E-02,+0.0000000E+00
+2.9774000E+00,+2.0291311E-02,+0.0000000E+00
+2.9833500E+00,+1.9391009E-02,+0.0000000E+00
+2.9893000E+00,+1.9857011E-02,+0.0000000E+00
+2.9952500E+00,+2.1702368E-02,+0.0000000E+00
+3.0012000E+00,+2.4801998E-02,+0.0000000E+00
+3.0071500E+00,+2.8915485E-02,+0.0000000E+00
+3.0131000E+00,+3.3730029E-02,+0.0000000E+00
+3.0190500E+00,+3.8913230E-02,+0.0000000E+00
+3.0250000E+00,+4.4163436E-02,+0.0000000E+00
+3.0309500E+00,+4.9246840E-02,+0.0000000E+00
+3.0369000E+00,+5.4014759E-02,+0.0000000E+00
+3.0428500E+00,+5.8400265E-02,+0.0000000E+00
+3.0488000E+00,+6.2398735E-02,+0.0000000E+00
+3.0547500E+00,+6.6040447E-02,+0.0000000E+00
+3.0607000E+00,+6.9364153E-02,+0.0000000E+00
+3.0666500E+00,+7.2398691E-02,+0.0000000E+00
+3.0726000E+00,+7.5155936E-02,+0.0000000E+00
+3.0785500E+00,+7.7634254E-02,+0.0000000E+00
+3.0845000E+00,+7.9828308E-02,+0.0000000E+00
+3.0904500E+00,+8.1739722E-02,+0.0000000E+00
+3.0964000E+00,+8.3383787E-02,+0.0000000E+00
+3.1023500E+00,+8.4789686E-02,+0.0000000E+00
+3.1083000E+00,+8.5994650E-02,+0.0000000E+00
+3.1142500E+00,+8.7034797E-02,+0.0000000E+00
+3.1202000E+00,+8.7936542E-02,+0.0000000E+00
+3.1261500E+00,+8.8711939E-02,+0.0000000E+00
+3.1321000E+00,+8.9359579E-02,+0.0000000E+00
+3.1380500E+00,+8.9870425E-02,+0.0000000E+00
+3.1440000E+00,+9.0236107E-02,+0.0000000E+00
+3.1499500E+00,+9.0456397E-02,+0.0000000E+00
+3.1559000E+00,+9.0543059E-02,+0.0000000E+00
+3.1618500E+00,+9.0518778E-02,+0.0000000E+00
+3.1678000E+00,+9.0411791E-02,+0.0000000E+00
+3.1737500E+00,+9.0248426E-02,+0.0000000E+00
+3.1797000E+00,+9.0046432E-02,+0.0000000E+00
+3.1856500E+00,+8.9811587E-02,+0.0000000E+00
+3.1916000E+00,+8.9538707E-02,+0.0000000E+00
+3.1975500E+00,+8.9216535E-02,+0.0000000E+00
+3.2035000E+00,+8.8834539E-02,+0.0000000E+00
+3.2094500E+00,+8.8389042E-02,+0.0000000E+00
+3.2154000E+00,+8.7886447E-02,+0.0000000E+00
+3.2213500E+00,+8.7342468E-02,+0.0000000E+00
+3.2273000E+00,+8.6777815E-02,+0.0000000E+00
+3.2332500E+00,+8.6212047E-02,+0.0000000E+00
+3.2392000E+00,+8.5657943E-02,+0.0000000E+00
+3.2451500E+00,+8.5118455E-02,+0.0000000E+00
+3.2511000E+00,+8.4587288E-02,+0.0000000E+00
+3.2570500E+00,+8.4052799E-02,+0.0000000E+00
+3.2630000E+00,+8.3503664E-02,+0.0000000E+00
+3.2689500E+00,+8.2934191E-02,+0.0000000E+00
+3.2749000E+00,+8.2347323E-02,+0.0000000E+00
+3.2808500E+00,+8.1754279E-02,+0.0000000E+00
+3.2868000E+00,+8.1171074E-02,+0.0000000E+00
+3.2927500E+00,+8.0613265E-02,+0.0000000E+00
+3.2987000E+00,+8.0090920E-02,+0.0000000E+00
+3.3046500E+00,+7.9605662E-02,+0.0000000E+00
+3.3106000E+00,+7.9150847E-02,+0.0000000E+00
+3.3165500E+00,+7.8714740E-02,+0.0000000E+00
+3.3225000E+00,+7.8285457E-02,+0.0000000E+00
+3.3284500E+00,+7.7855812E-02,+0.0000000E+00
+3.3344000E+00,+7.7426259E-02,+0.0000000E+00
+3.3403500E+00,+7.7004887E-02,+0.0000000E+00
+3.3463000E+00,+7.6604524E-02,+0.0000000E+00
+3.3522500E+00,+7.6238078E-02,+0.0000000E+00
+3.3582000E+00,+7.5913912E-02,+0.0000000E+00
+3.3641500E+00,+7.5632999E-02,+0.0000000E+00
+3.3701000E+00,+7.5388929E-02,+0.0000000E+00
+3.3760500E+00,+7.5170752E-02,+0.0000000E+00
+3.3820000E+00,+7.4967587E-02,+0.0000000E+00
+3.3879500E+00,+7.4773259E-02,+0.0000000E+00
+3.3939000E+00,+7.4589235E-02,+0.0000000E+00
+3.3998500E+00,+7.4424775E-02,+0.0000000E+00
+3.4058000E+00,+7.4294259E-02,+0.0000000E+00
+3.4117500E+00,+7.4212707E-02,+0.0000000E+00
+3.4177000E+00,+7.4191174E-02,+0.0000000E+00
+3.4236500E+00,+7.4233721E-02,+0.0000000E+00
+3.4296000E+00,+7.4337026E-02,+0.0000000E+00
+3.4355500E+00,+7.4492704E-02,+0.0000000E+00
+3.4415000E+00,+7.4691332E-02,+0.0000000E+00
+3.4474500E+00,+7.4926580E-02,+0.0000000E+00
+3.4534000E+00,+7.5197784E-02,+0.0000000E+00
+3.4593500E+00,+7.5509963E-02,+0.0000000E+00
+3.4653000E+00,+7.5871253E-02,+0.0000000E+00
+3.4712500E+00,+7.6288777E-02,+0.0000000E+00
+3.4772000E+00,+7.6764556E-02,+0.0000000E+00
+3.4831500E+00,+7.7293066E-02,+0.0000000E+00
+3.4891000E+00,+7.7861399E-02,+0.0000000E+00
+3.4950500E+00,+7.8451977E-02,+0.0000000E+00
+3.5010000E+00,+7.9046768E-02,+0.0000000E+00
+3.5069500E+00,+7.9631374E-02,+0.0000000E+00
+3.5129000E+00,+8.0197400E-02,+0.0000000E+00
+3.5188500E+00,+8.0742204E-02,+0.0000000E+00
+3.5248000E+00,+8.1266110E-02,+0.0000000E+00
+3.5307500E+00,+8.1768168E-02,+0.0000000E+00
+3.5367000E+00,+8.2242090E-02,+0.0000000E+00
+3.5426500E+00,+8.2673893E-02,+0.0000000E+00
+3.5486000E+00,+8.3042115E-02,+0.0000000E+00
+3.5545500E+00,+8.3320460E-02,+0.0000000E+00
+3.5605000E+00,+8.3481822E-02,+0.0000000E+00
+3.5664500E+00,+8.3502171E-02,+0.0000000E+00
+3.5724000E+00,+8.3362956E-02,+0.0000000E+00
+3.5783500E+00,+8.3051434E-02,+0.0000000E+00
+3.5843000E+00,+8.2559300E-02,+0.0000000E+00
+3.5902500E+00,+8.1880858E-02,+0.0000000E+00
+3.5962000E+00,+8.1012260E-02,+0.0000000E+00
+3.6021500E+00,+7.9952978E-02,+0.0000000E+00
+3.6081000E+00,+7.8709716E-02,+0.0000000E+00
+3.6140500E+00,+7.7301784E-02,+0.0000000E+00
+3.6200000E+00,+7.5766061E-02,+0.0000000E+00
+3.6259500E+00,+7.4159332E-02,+0.0000000E+00
+3.6319000E+00,+7.2556343E-02,+0.0000000E+00
+3.6378500E+00,+7.1043091E-02,+0.0000000E+00
+3.6438000E+00,+6.9706361E-02,+0.0000000E+00
+3.6497500E+00,+6.8621824E-02,+0.0000000E+00
+3.6557000E+00,+6.7843580E-02,+0.0000000E+00
+3.6616500E+00,+6.7397770E-02,+0.0000000E+00
+3.6676000E+00,+6.7281746E-02,+0.0000000E+00
+3.6735500E+00,+6.7468726E-02,+0.0000000E+00
+3.6795000E+00,+6.7916328E-02,+0.0000000E+00
+3.6854500E+00,+6.8576446E-02,+0.0000000E+00
+3.6914000E+00,+6.9403769E-02,+0.0000000E+00
+3.6973500E+00,+7.0361003E-02,+0.0000000E+00
+3.7033000E+00,+7.1420102E-02,+0.0000000E+00
+3.7092500E+00,+7.2560174E-02,+0.0000000E+00
+3.7152000E+00,+7.3763748E-02,+0.0000000E+00
+3.7211500E+00,+7.5013331E-02,+0.0000000E+00
+3.7271000E+00,+7.6289795E-02,+0.0000000E+00
+3.7330500E+00,+7.7573169E-02,+0.0000000E+00
+3.7390000E+00,+7.8845308E-02,+0.0000000E+00
+3.7449500E+00,+8.0093160E-02,+0.0000000E+00
+3.7509000E+00,+8.1311078E-02,+0.0000000E+00
+3.7568500E+00,+8.2501074E-02,+0.0000000E+00
+3.7628000E+00,+8.3670709E-02,+0.0000000E+00
+3.7687500E+00,+8.4829301E-02,+0.0000000E+00
+3.7747000E+00,+8.5983793E-02,+0.0000000E+00
+3.7806500E+00,+8.7135768E-02,+0.0000000E+00
+3.7866000E+00,+8.8280689E-02,+0.0000000E+00
+3.7925500E+00,+8.9409611E-02,+0.0000000E+00
+3.7985000E+00,+9.0512658E-02,+0.0000000E+00
+3.8044500E+00,+9.1582930E-02,+0.0000000E+00
+3.8104000E+00,+9.2619337E-02,+0.0000000E+00
+3.8163500E+00,+9.3627253E-02,+0.0000000E+00
+3.8223000E+00,+9.4616740E-02,+0.0000000E+00
+3.8282500E+00,+9.5598975E-02,+0.0000000E+00
+3.8342000E+00,+9.6582209E-02,+0.0000000E+00
+3.8401500E+00,+9.7568770E-02,+0.0000000E+00
+3.8461000E+00,+9.8554217E-02,+0.0000000E+00
+3.8520500E+00,+9.9528987E-02,+0.0000000E+00
+3.8580000E+00,+1.0048191E-01,+0.0000000E+00
+3.8639500E+00,+1.0140427E-01,+0.0000000E+00
+3.8699000E+00,+1.0229298E-01,+0.0000000E+00
+3.8758500E+00,+1.0315150E-01,+0.0000000E+00
+3.8818000E+00,+1.0398839E-01,+0.0000000E+00
+3.8877500E+00,+1.0481374E-01,+0.0000000E+00
+3.8937000E+00,+1.0563506E-01,+0.0000000E+00
+3.8996500E+00,+1.0645395E-01,+0.0000000E+00
+3.9056000E+00,+1.0726498E-01,+0.0000000E+00
+3.9115500E+00,+1.0805701E-01,+0.0000000E+00
+3.9175000E+00,+1.0881673E-01,+0.0000000E+00
+3.9234500E+00,+1.0953286E-01,+0.0000000E+00
+3.9294000E+00,+1.1019963E-01,+0.0000000E+00
+3.9353500E+00,+1.1081817E-01,+0.0000000E+00
+3.9413000E+00,+1.1139517E-01,+0.0000000E+00
+3.9472500E+00,+1.1193956E-01,+0.0000000E+00
+3.9532000E+00,+1.1245815E-01,+0.0000000E+00
+3.9591500E+00,+1.1295212E-01,+0.0000000E+00
+3.9651000E+00,+1.1341553E-01,+0.0000000E+00
+3.9710500E+00,+1.1383662E-01,+0.0000000E+00
+3.9770000E+00,+1.1420134E-01,+0.0000000E+00
+3.9829500E+00,+1.1449788E-01,+0.0000000E+00
+3.9889000E+00,+1.1472062E-01,+0.0000000E+00
+3.9948500E+00,+1.1487191E-01,+0.0000000E+00
+4.0008000E+00,+1.1496125E-01,+0.0000000E+00
+4.0067500E+00,+1.1500197E-01,+0.0000000E+00
+4.0127000E+00,+1.1500690E-01,+0.0000000E+00
+4.0186500E+00,+1.1498451E-01,+0.0000000E+00
+4.0246000E+00,+1.1493707E-01,+0.0000000E+00
+4.0305500E+00,+1.1486143E-01,+0.0000000E+00
+4.0365000E+00,+1.1475206E-01,+0.0000000E+00
+4.0424500E+00,+1.1460518E-01,+0.0000000E+00
+4.0484000E+00,+1.1442220E-01,+0.0000000E+00
+4.0543500E+00,+1.1421110E-01,+0.0000000E+00
+4.0603000E+00,+1.1398514E-01,+0.0000000E+00
+4.0662500E+00,+1.1375924E-01,+0.0000000E+00
+4.0722000E+00,+1.1354538E-01,+0.0000000E+00
+4.0781500E+00,+1.1334868E-01,+0.0000000E+00
+4.0841000E+00,+1.1316578E-01,+0.0000000E+00
+4.0900500E+00,+1.1298604E-01,+0.0000000E+00
+4.0960000E+00,+1.1279520E-01,+0.0000000E+00
+4.1019500E+00,+1.1258019E-01,+0.0000000E+00
+4.1079000E+00,+1.1233333E-01,+0.0000000E+00
+4.1138500E+00,+1.1205435E-01,+0.0000000E+00
+4.1198000E+00,+1.1174960E-01,+0.0000000E+00
+4.1257500E+00,+1.1142869E-01,+0.0000000E+00
+4.1317000E+00,+1.1110006E-01,+0.0000000E+00
+4.1376500E+00,+1.1076701E-01,+0.0000000E+00
+4.1436000E+00,+1.1042587E-01,+0.0000000E+00
+4.1495500E+00,+1.1006690E-01,+0.0000000E+00
+4.1555000E+00,+1.0967767E-01,+0.0000000E+00
+4.1614500E+00,+1.0924747E-01,+0.0000000E+00
+4.1674000E+00,+1.0877123E-01,+0.0000000E+00
+4.1733500E+00,+1.0825131E-01,+0.0000000E+00
+4.1793000E+00,+1.0769660E-01,+0.0000000E+00
+4.1852500E+00,+1.0711916E-01,+0.0000000E+00
+4.1912000E+00,+1.0652982E-01,+0.0000000E+00
+4.1971500E+00,+1.0593428E-01,+0.0000000E+00
+4.2031000E+00,+1.0533131E-01,+0.0000000E+00
+4.2090500E+00,+1.0471364E-01,+0.0000000E+00
+4.2150000E+00,+1.0407126E-01,+0.0000000E+00
+4.2209500E+00,+1.0339578E-01,+0.0000000E+00
+4.2269000E+00,+1.0268435E-01,+0.0000000E+00
+4.2328500E+00,+1.0194152E-01,+0.0000000E+00
+4.2388000E+00,+1.0117851E-01,+0.0000000E+00
+4.2447500E+00,+1.0041007E-01,+0.0000000E+00
+4.2507000E+00,+9.9650243E-02,+0.0000000E+00
+4.2566500E+00,+9.8908564E-02,+0.0000000E+00
+4.2626000E+00,+9.8188145E-02,+0.0000000E+00
+4.2685500E+00,+9.7486324E-02,+0.0000000E+00
+4.2745000E+00,+9.6797583E-02,+0.0000000E+00
+4.2804500E+00,+9.6117590E-02,+0.0000000E+00
+4.2864000E+00,+9.5446791E-02,+0.0000000E+00
+4.2923500E+00,+9.4792159E-02,+0.0000000E+00
+4.2983000E+00,+9.4166413E-02,+0.0000000E+00
+4.3042500E+00,+9.3584957E-02,+0.0000000E+00
+4.3102000E+00,+9.3061663E-02,+0.0000000E+00
+4.3161500E+00,+9.2605030E-02,+0.0000000E+00
+4.3221000E+00,+9.2216135E-02,+0.0000000E+00
+4.3280500E+00,+9.1889094E-02,+0.0000000E+00
+4.3340000E+00,+9.1613848E-02,+0.0000000E+00
+4.3399500E+00,+9.1380220E-02,+0.0000000E+00
+4.3459000E+00,+9.1181718E-02,+0.0000000E+00
+4.3518500E+00,+9.1017700E-02,+0.0000000E+00
+4.3578000E+00,+9.0893097E-02,+0.0000000E+00
+4.3637500E+00,+9.0815827E-02,+0.0000000E+00
+4.3697000E+00,+9.0792898E-02,+0.0000000E+00
+4.3756500E+00,+9.0826659E-02,+0.0000000E+00
+4.3816000E+00,+9.0912642E-02,+0.0000000E+00
+4.3875500E+00,+9.1039798E-02,+0.0000000E+00
+4.3935000E+00,+9.1193090E-02,+0.0000000E+00
+4.3994500E+00,+9.1357497E-02,+0.0000000E+00
+4.4054000E+00,+9.1521963E-02,+0.0000000E+00
+4.4113500E+00,+9.1681859E-02,+0.0000000E+00
+4.4173000E+00,+9.1839058E-02,+0.0000000E+00
+4.4232500E+00,+9.1999637E-02,+0.0000000E+00
+4.4292000E+00,+9.2170103E-02,+0.0000000E+00
+4.4351500E+00,+9.2353600E-02,+0.0000000E+00
+4.4411000E+00,+9.2547604E-02,+0.0000000E+00
+4.4470500E+00,+9.2744053E-02,+0.0000000E+00
+4.4530000E+00,+9.2931960E-02,+0.0000000E+00
+4.4589500E+00,+9.3101636E-02,+0.0000000E+00
+4.4649000E+00,+9.3249005E-02,+0.0000000E+00
+4.4708500E+00,+9.3378434E-02,+0.0000000E+00
+4.4768000E+00,+9.3502997E-02,+0.0000000E+00
+4.4827500E+00,+9.3642022E-02,+0.0000000E+00
+4.4887000E+00,+9.3816737E-02,+0.0000000E+00
+4.4946500E+00,+9.4045521E-02,+0.0000000E+00
+4.5006000E+00,+9.4340391E-02,+0.0000000E+00
+4.5065500E+00,+9.4705888E-02,+0.0000000E+00
+4.5125000E+00,+9.5140604E-02,+0.0000000E+00
+4.5184500E+00,+9.5640599E-02,+0.0000000E+00
+4.5244000E+00,+9.6203233E-02,+0.0000000E+00
+4.5303500E+00,+9.6829825E-02,+0.0000000E+00
+4.5363000E+00,+9.7525954E-02,+0.0000000E+00
+4.5422500E+00,+9.8299239E-02,+0.0000000E+00
+4.5482000E+00,+9.9155369E-02,+0.0000000E+00
+4.5541500E+00,+1.0009395E-01,+0.0000000E+00
+4.5601000E+00,+1.0110584E-01,+0.0000000E+00
+4.5660500E+00,+1.0217314E-01,+0.0000000E+00
+4.5720000E+00,+1.0327210E-01,+0.0000000E+00
+4.5779500E+00,+1.0437788E-01,+0.0000000E+00
+4.5839000E+00,+1.0546977E-01,+0.0000000E+00
+4.5898500E+00,+1.0653475E-01,+0.0000000E+00
+4.5958000E+00,+1.0756839E-01,+0.0000000E+00
+4.6017500E+00,+1.0857258E-01,+0.0000000E+00
+4.6077000E+00,+1.0955124E-01,+0.0000000E+00
+4.6136500E+00,+1.1050545E-01,+0.0000000E+00
+4.6196000E+00,+1.1143014E-01,+0.0000000E+00
+4.6255500E+00,+1.1231346E-01,+0.0000000E+00
+4.6315000E+00,+1.1313931E-01,+0.0000000E+00
+4.6374500E+00,+1.1389186E-01,+0.0000000E+00
+4.6434000E+00,+1.1456064E-01,+0.0000000E+00
+4.6493500E+00,+1.1514391E-01,+0.0000000E+00
+4.6553000E+00,+1.1564923E-01,+0.0000000E+00
+4.6612500E+00,+1.1609076E-01,+0.0000000E+00
+4.6672000E+00,+1.1648434E-01,+0.0000000E+00
+4.6731500E+00,+1.1684209E-01,+0.0000000E+00
+4.6791000E+00,+1.1716863E-01,+0.0000000E+00
+4.6850500E+00,+1.1746017E-01,+0.0000000E+00
+4.6910000E+00,+1.1770694E-01,+0.0000000E+00
+4.6969500E+00,+1.1789798E-01,+0.0000000E+00
+4.7029000E+00,+1.1802637E-01,+0.0000000E+00
+4.7088500E+00,+1.1809297E-01,+0.0000000E+00
+4.7148000E+00,+1.1810715E-01,+0.0000000E+00
+4.7207500E+00,+1.1808429E-01,+0.0000000E+00
+4.7267000E+00,+1.1804090E-01,+0.0000000E+00
+4.7326500E+00,+1.1798927E-01,+0.0000000E+00
+4.7386000E+00,+1.1793361E-01,+0.0000000E+00
+4.7445500E+00,+1.1786930E-01,+0.0000000E+00
+4.7505000E+00,+1.1778534E-01,+0.0000000E+00
+4.7564500E+00,+1.1766933E-01,+0.0000000E+00
+4.7624000E+00,+1.1751291E-01,+0.0000000E+00
+4.7683500E+00,+1.1731569E-01,+0.0000000E+00
+4.7743000E+00,+1.1708622E-01,+0.0000000E+00
+4.7802500E+00,+1.1683954E-01,+0.0000000E+00
+4.7862000E+00,+1.1659235E-01,+0.0000000E+00
+4.7921500E+00,+1.1635750E-01,+0.0000000E+00
+4.7981000E+00,+1.1613993E-01,+0.0000000E+00
+4.8040500E+00,+1.1593565E-01,+0.0000000E+00
+4.8100000E+00,+1.1573398E-01,+0.0000000E+00
+4.8159500E+00,+1.1552236E-01,+0.0000000E+00
+4.8219000E+00,+1.1529187E-01,+0.0000000E+00
+4.8278500E+00,+1.1504131E-01,+0.0000000E+00
+4.8338000E+00,+1.1477843E-01,+0.0000000E+00
+4.8397500E+00,+1.1451777E-01,+0.0000000E+00
+4.8457000E+00,+1.1427589E-01,+0.0000000E+00
+4.8516500E+00,+1.1406578E-01,+0.0000000E+00
+4.8576000E+00,+1.1389255E-01,+0.0000000E+00
+4.8635500E+00,+1.1375194E-01,+0.0000000E+00
+4.8695000E+00,+1.1363215E-01,+0.0000000E+00
+4.8754500E+00,+1.1351846E-01,+0.0000000E+00
+4.8814000E+00,+1.1339868E-01,+0.0000000E+00
+4.8873500E+00,+1.1326756E-01,+0.0000000E+00
+4.8933000E+00,+1.1312842E-01,+0.0000000E+00
+4.8992500E+00,+1.1299140E-01,+0.0000000E+00
+4.9052000E+00,+1.1286888E-01,+0.0000000E+00
+4.9111500E+00,+1.1276986E-01,+0.0000000E+00
+4.9171000E+00,+1.1269521E-01,+0.0000000E+00
+4.9230500E+00,+1.1263572E-01,+0.0000000E+00
+4.9290000E+00,+1.1257353E-01,+0.0000000E+00
+4.9349500E+00,+1.1248657E-01,+0.0000000E+00
+4.9409000E+00,+1.1235436E-01,+0.0000000E+00
+4.9468500E+00,+1.1216317E-01,+0.0000000E+00
+4.9528000E+00,+1.1190865E-01,+0.0000000E+00
+4.9587500E+00,+1.1159503E-01,+0.0000000E+00
+4.9647000E+00,+1.1123148E-01,+0.0000000E+00
+4.9706500E+00,+1.1082677E-01,+0.0000000E+00
+4.9766000E+00,+1.1038465E-01,+0.0000000E+00
+4.9825500E+00,+1.0990156E-01,+0.0000000E+00
+4.9885000E+00,+1.0936773E-01,+0.0000000E+00
+4.9944500E+00,+1.0877131E-01,+0.0000000E+00
+5.0004000E+00,+1.0810406E-01,+0.0000000E+00
+5.0063500E+00,+1.0736638E-01,+0.0000000E+00
+5.0123000E+00,+1.0656984E-01,+0.0000000E+00
+5.0182500E+00,+1.0573597E-01,+0.0000000E+00
+5.0242000E+00,+1.0489179E-01,+0.0000000E+00
+5.0301500E+00,+1.0406331E-01,+0.0000000E+00
+5.0361000E+00,+1.0326944E-01,+0.0000000E+00
+5.0420500E+00,+1.0251838E-01,+0.0000000E+00
+5.0480000E+00,+1.0180769E-01,+0.0000000E+00
+5.0539500E+00,+1.0112803E-01,+0.0000000E+00
+5.0599000E+00,+1.0046907E-01,+0.0000000E+00
+5.0658500E+00,+9.9825286E-02,+0.0000000E+00
+5.0718000E+00,+9.9199590E-02,+0.0000000E+00
+5.0777500E+00,+9.8603219E-02,+0.0000000E+00
+5.0837000E+00,+9.8052100E-02,+0.0000000E+00
+5.0896500E+00,+9.7560987E-02,+0.0000000E+00
+5.0956000E+00,+9.7137684E-02,+0.0000000E+00
+5.1015500E+00,+9.6779590E-02,+0.0000000E+00
+5.1075000E+00,+9.6473992E-02,+0.0000000E+00
+5.1134500E+00,+9.6202068E-02,+0.0000000E+00
+5.1194000E+00,+9.5945156E-02,+0.0000000E+00
+5.1253500E+00,+9.5690972E-02,+0.0000000E+00
+5.1313000E+00,+9.5437402E-02,+0.0000000E+00
+5.1372500E+00,+9.5192431E-02,+0.0000000E+00
+5.1432000E+00,+9.4970205E-02,+0.0000000E+00
+5.1491500E+00,+9.4784726E-02,+0.0000000E+00
+5.1551000E+00,+9.4643561E-02,+0.0000000E+00
+5.1610500E+00,+9.4544020E-02,+0.0000000E+00
+5.1670000E+00,+9.4473271E-02,+0.0000000E+00
+5.1729500E+00,+9.4412398E-02,+0.0000000E+00
+5.1789000E+00,+9.4342869E-02,+0.0000000E+00
+5.1848500E+00,+9.4252941E-02,+0.0000000E+00
+5.1908000E+00,+9.4141523E-02,+0.0000000E+00
+5.1967500E+00,+9.4017975E-02,+0.0000000E+00
+5.2027000E+00,+9.3897877E-02,+0.0000000E+00
+5.2086500E+00,+9.3796342E-02,+0.0000000E+00
+5.2146000E+00,+9.3721414E-02,+0.0000000E+00
+5.2205500E+00,+9.3670071E-02,+0.0000000E+00
+5.2265000E+00,+9.3628374E-02,+0.0000000E+00
+5.2324500E+00,+9.3575718E-02,+0.0000000E+00
+5.2384000E+00,+9.3491548E-02,+0.0000000E+00
+5.2443500E+00,+9.3361989E-02,+0.0000000E+00
+5.2503000E+00,+9.3183813E-02,+0.0000000E+00
+5.2562500E+00,+9.2964229E-02,+0.0000000E+00
+5.2622000E+00,+9.2716564E-02,+0.0000000E+00
+5.2681500E+00,+9.2453504E-02,+0.0000000E+00
+5.2741000E+00,+9.2180520E-02,+0.0000000E+00
+5.2800500E+00,+9.1892054E-02,+0.0000000E+00
+5.2860000E+00,+9.1572008E-02,+0.0000000E+00
+5.2919500E+00,+9.1198449E-02,+0.0000000E+00
+5.2979000E+00,+9.0750843E-02,+0.0000000E+00
+5.3038500E+00,+9.0217142E-02,+0.0000000E+00
+5.3098000E+00,+8.9598119E-02,+0.0000000E+00
+5.3157500E+00,+8.8907352E-02,+0.0000000E+00
+5.3217000E+00,+8.8166898E-02,+0.0000000E+00
+5.3276500E+00,+8.7400298E-02,+0.0000000E+00
+5.3336000E+00,+8.6625540E-02,+0.0000000E+00
+5.3395500E+00,+8.5850587E-02,+0.0000000E+00
+5.3455000E+00,+8.5073059E-02,+0.0000000E+00
+5.3514500E+00,+8.4284105E-02,+0.0000000E+00
+5.3574000E+00,+8.3474852E-02,+0.0000000E+00
+5.3633500E+00,+8.2642894E-02,+0.0000000E+00
+5.3693000E+00,+8.1796260E-02,+0.0000000E+00
+5.3752500E+00,+8.0953264E-02,+0.0000000E+00
+5.3812000E+00,+8.0138231E-02,+0.0000000E+00
+5.3871500E+00,+7.9374651E-02,+0.0000000E+00
+5.3931000E+00,+7.8678299E-02,+0.0000000E+00
+5.3990500E+00,+7.8052896E-02,+0.0000000E+00
+5.4050000E+00,+7.7489933E-02,+0.0000000E+00
+5.4109500E+00,+7.6972746E-02,+0.0000000E+00
+5.4169000E+00,+7.6483334E-02,+0.0000000E+00
+5.4228500E+00,+7.6009401E-02,+0.0000000E+00
+5.4288000E+00,+7.5549014E-02,+0.0000000E+00
+5.4347500E+00,+7.5111167E-02,+0.0000000E+00
+5.4407000E+00,+7.4712042E-02,+0.0000000E+00
+5.4466500E+00,+7.4368380E-02,+0.0000000E+00
+5.4526000E+00,+7.4090436E-02,+0.0000000E+00
+5.4585500E+00,+7.3877149E-02,+0.0000000E+00
+5.4645000E+00,+7.3715353E-02,+0.0000000E+00
+5.4704500E+00,+7.3583344E-02,+0.0000000E+00
+5.4764000E+00,+7.3457526E-02,+0.0000000E+00
+5.4823500E+00,+7.3319682E-02,+0.0000000E+00
+5.4883000E+00,+7.3162229E-02,+0.0000000E+00
+5.4942500E+00,+7.2989510E-02,+0.0000000E+00
+5.5002000E+00,+7.2814697E-02,+0.0000000E+00
+5.5061500E+00,+7.2653497E-02,+0.0000000E+00
+5.5121000E+00,+7.2517066E-02,+0.0000000E+00
+5.5180500E+00,+7.2406877E-02,+0.0000000E+00
+5.5240000E+00,+7.2313552E-02,+0.0000000E+00
+5.5299500E+00,+7.2220213E-02,+0.0000000E+00
+5.5359000E+00,+7.2109184E-02,+0.0000000E+00
+5.5418500E+00,+7.1969559E-02,+0.0000000E+00
+5.5478000E+00,+7.1802751E-02,+0.0000000E+00
+5.5537500E+00,+7.1623815E-02,+0.0000000E+00
+5.5597000E+00,+7.1457813E-02,+0.0000000E+00
+5.5656500E+00,+7.1332351E-02,+0.0000000E+00
+5.5716000E+00,+7.1268844E-02,+0.0000000E+00
+5.5775500E+00,+7.1275595E-02,+0.0000000E+00
+5.5835000E+00,+7.1345185E-02,+0.0000000E+00
+5.5894500E+00,+7.1457130E-02,+0.0000000E+00
+5.5954000E+00,+7.1584838E-02,+0.0000000E+00
+5.6013500E+00,+7.1704332E-02,+0.0000000E+00
+5.6073000E+00,+7.1801528E-02,+0.0000000E+00
+5.6132500E+00,+7.1875411E-02,+0.0000000E+00
+5.6192000E+00,+7.1935976E-02,+0.0000000E+00
+5.6251500E+00,+7.1997784E-02,+0.0000000E+00
+5.6311000E+00,+7.2071673E-02,+0.0000000E+00
+5.6370500E+00,+7.2157890E-02,+0.0000000E+00
+5.6430000E+00,+7.2243399E-02,+0.0000000E+00
+5.6489500E+00,+7.2304548E-02,+0.0000000E+00
+5.6549000E+00,+7.2314228E-02,+0.0000000E+00
+5.6608500E+00,+7.2250880E-02,+0.0000000E+00
+5.6668000E+00,+7.2105942E-02,+0.0000000E+00
+5.6727500E+00,+7.1886836E-02,+0.0000000E+00
+5.6787000E+00,+7.1614252E-02,+0.0000000E+00
+5.6846500E+00,+7.1314628E-02,+0.0000000E+00
+5.6906000E+00,+7.1010578E-02,+0.0000000E+00
+5.6965500E+00,+7.0712853E-02,+0.0000000E+00
+5.7025000E+00,+7.0416877E-02,+0.0000000E+00
+5.7084500E+00,+7.0105187E-02,+0.0000000E+00
+5.7144000E+00,+6.9754874E-02,+0.0000000E+00
+5.7203500E+00,+6.9347191E-02,+0.0000000E+00
+5.7263000E+00,+6.8875639E-02,+0.0000000E+00
+5.7322500E+00,+6.8349396E-02,+0.0000000E+00
+5.7382000E+00,+6.7790711E-02,+0.0000000E+00
+5.7441500E+00,+6.7227209E-02,+0.0000000E+00
+5.7501000E+00,+6.6682006E-02,+0.0000000E+00
+5.7560500E+00,+6.6165397E-02,+0.0000000E+00
+5.7620000E+00,+6.5671339E-02,+0.0000000E+00
+5.7679500E+00,+6.5180082E-02,+0.0000000E+00
+5.7739000E+00,+6.4665989E-02,+0.0000000E+00
+5.7798500E+00,+6.4107590E-02,+0.0000000E+00
+5.7858000E+00,+6.3496015E-02,+0.0000000E+00
+5.7917500E+00,+6.2838592E-02,+0.0000000E+00
+5.7977000E+00,+6.2156216E-02,+0.0000000E+00
+5.8036500E+00,+6.1475484E-02,+0.0000000E+00
+5.8096000E+00,+6.0818583E-02,+0.0000000E+00
+5.8155500E+00,+6.0194778E-02,+0.0000000E+00
+5.8215000E+00,+5.9596756E-02,+0.0000000E+00
+5.8274500E+00,+5.9003184E-02,+0.0000000E+00
+5.8334000E+00,+5.8386530E-02,+0.0000000E+00
+5.8393500E+00,+5.7723134E-02,+0.0000000E+00
+5.8453000E+00,+5.7001738E-02,+0.0000000E+00
+5.8512500E+00,+5.6227227E-02,+0.0000000E+00
+5.8572000E+00,+5.5418207E-02,+0.0000000E+00
+5.8631500E+00,+5.4599362E-02,+0.0000000E+00
+5.8691000E+00,+5.3791516E-02,+0.0000000E+00
+5.8750500E+00,+5.3003159E-02,+0.0000000E+00
+5.8810000E+00,+5.2226641E-02,+0.0000000E+00
+5.8869500E+00,+5.1440443E-02,+0.0000000E+00
+5.8929000E+00,+5.0616650E-02,+0.0000000E+00
+5.8988500E+00,+4.9730832E-02,+0.0000000E+00
+5.9048000E+00,+4.8770647E-02,+0.0000000E+00
+5.9107500E+00,+4.7740015E-02,+0.0000000E+00
+5.9167000E+00,+4.6657397E-02,+0.0000000E+00
+5.9226500E+00,+4.5548912E-02,+0.0000000E+00
+5.9286000E+00,+4.4438941E-02,+0.0000000E+00
+5.9345500E+00,+4.3341731E-02,+0.0000000E+00
+5.9405000E+00,+4.2257114E-02,+0.0000000E+00
+5.9464500E+00,+4.1171855E-02,+0.0000000E+00
+5.9524000E+00,+4.0066039E-02,+0.0000000E+00
+5.9583500E+00,+3.8922050E-02,+0.0000000E+00
+5.9643000E+00,+3.7732767E-02,+0.0000000E+00
+5.9702500E+00,+3.6505916E-02,+0.0000000E+00
+5.9762000E+00,+3.5262986E-02,+0.0000000E+00
+5.9821500E+00,+3.4033136E-02,+0.0000000E+00
+5.9881000E+00,+3.2844323E-02,+0.0000000E+00
+5.9940500E+00,+3.1714920E-02,+0.0000000E+00
+6.0000000E+00,+3.0648841E-02,+0.0000000E+00
