+5.4464594E-02,-1.0975540E+02
+1.0958539E-01,-9.6310150E+01
+1.6470619E-01,-7.0485550E+01
+2.1982697E-01,-5.7515041E+01
+2.7494776E-01,-5.0491894E+01
+3.3006856E-01,-3.0923351E+01
+3.8518935E-01,-2.2552343E+01
+4.4031015E-01,-2.0170549E+01
+4.9543095E-01,-8.7592316E+00
+5.5055171E-01,-4.2567830E+00
+6.0567254E-01,-3.7746756E+00
+6.6079330E-01,-1.2176509E+00
+7.1591413E-01,-9.8363914E-02
+7.7103490E-01,-6.4981475E-02
+8.2615572E-01,-4.0032868E-03
+8.8127649E-01,+0.0000000E+00
+9.3639725E-01,-1.1834463E-02
+9.9151808E-01,-2.3819145E-02
+1.0466388E+00,-3.5917100E-02
+1.1017597E+00,-4.7870994E-02
+1.1568805E+00,-5.9990723E-02
+1.2120012E+00,-7.2002910E-02
+1.2671220E+00,-8.4514849E-02
+1.3222429E+00,-9.5768094E-02
+1.3773637E+00,-1.1336468E-01
+1.4324844E+00,-1.4805131E-01
+1.4876052E+00,-1.7508954E-01
+1.5427260E+00,-2.4503221E-01
+1.5978467E+00,-3.1335250E-01
+1.6529676E+00,-3.9966804E-01
+1.7080884E+00,-4.7142789E-01
+1.7632092E+00,-5.4441029E-01
+1.8183299E+00,-6.0845304E-01
+1.8734508E+00,-6.6856116E-01
+1.9285716E+00,-7.2550923E-01
+1.9836924E+00,-7.7359170E-01
+2.0388131E+00,-8.1770235E-01
+2.0939338E+00,-8.5835731E-01
+2.1490548E+00,-8.9504468E-01
+2.2041755E+00,-9.2477942E-01
+2.2592964E+00,-9.8670614E-01
+2.3144171E+00,-1.0221145E+00
+2.3695378E+00,-1.2125287E+00
+2.4246588E+00,-1.4660327E+00
+2.4797795E+00,-1.5309232E+00
+2.5349002E+00,-1.7832183E+00
+2.5900211E+00,-1.8776675E+00
+2.6451418E+00,-1.9014621E+00
+2.7002625E+00,-1.9170206E+00
+2.7553835E+00,-1.9375235E+00
+2.8105042E+00,-1.9640099E+00
+2.8656251E+00,-2.0098033E+00
+2.9207458E+00,-2.0693896E+00
+2.9758666E+00,-2.1636262E+00
+3.0309875E+00,-2.2811885E+00
+3.0861082E+00,-2.4337142E+00
+3.1412289E+00,-2.6350553E+00
+3.1963499E+00,-2.8461142E+00
+3.2514706E+00,-3.1010885E+00
+3.3065913E+00,-3.4027982E+00
+3.3617122E+00,-3.7111027E+00
+3.4168329E+00,-4.0445676E+00
+3.4719539E+00,-4.4191408E+00
+3.5270746E+00,-4.8009481E+00
+3.5821953E+00,-5.1888981E+00
+3.6373162E+00,-5.5916572E+00
+3.6924369E+00,-6.0111036E+00
+3.7475576E+00,-6.4506969E+00
+3.8026786E+00,-6.8654737E+00
+3.8577993E+00,-7.2650142E+00
+3.9129200E+00,-7.6961999E+00
+3.9680409E+00,-8.1244526E+00
+4.0231619E+00,-8.5273561E+00
+4.0782824E+00,-8.9165421E+00
+4.1334033E+00,-9.2955818E+00
+4.1885242E+00,-9.6769342E+00
+4.2436447E+00,-1.0065901E+01
+4.2987657E+00,-1.0430913E+01
+4.3538866E+00,-1.0759438E+01
+4.4090071E+00,-1.1080012E+01
+4.4641280E+00,-1.1395108E+01
+4.5192490E+00,-1.1698087E+01
+4.5743694E+00,-1.2022241E+01
+4.6294904E+00,-1.2339607E+01
+4.6846113E+00,-1.2613327E+01
+4.7397318E+00,-1.2879895E+01
+4.7948527E+00,-1.3144846E+01
+4.8499737E+00,-1.3393623E+01
+4.9050946E+00,-1.3668791E+01
+4.9602151E+00,-1.3970160E+01
+5.0153360E+00,-1.4240552E+01
+5.0704570E+00,-1.4498832E+01
+5.1255774E+00,-1.4763342E+01
+5.1806984E+00,-1.4991772E+01
+5.2358193E+00,-1.5217067E+01
+5.2909398E+00,-1.5489093E+01
+5.3460608E+00,-1.5796508E+01
+5.4011817E+00,-1.6113340E+01
+5.4563022E+00,-1.6400434E+01
+5.5114231E+00,-1.6648808E+01
+5.5665441E+00,-1.6882681E+01
+5.6216645E+00,-1.7096870E+01
+5.6767855E+00,-1.7290424E+01
+5.7319064E+00,-1.7476439E+01
+5.7870269E+00,-1.7653418E+01
+5.8421478E+00,-1.7823614E+01
+5.8972688E+00,-1.8014149E+01
+5.9523892E+00,-1.8223661E+01
+6.0075102E+00,-1.8419056E+01
+6.0626311E+00,-1.8636028E+01
+6.1177521E+00,-1.8897545E+01
+6.1728725E+00,-1.9156637E+01
+6.2279935E+00,-1.9425823E+01
+6.2831144E+00,-1.9713921E+01
+6.3382349E+00,-1.9950832E+01
+6.3933558E+00,-2.0124790E+01
+6.4484768E+00,-2.0305199E+01
+6.5035973E+00,-2.0529470E+01
+6.5587182E+00,-2.0792402E+01
+6.6138391E+00,-2.1051706E+01
+6.6689596E+00,-2.1234751E+01
+6.7240806E+00,-2.1380678E+01
+6.7792015E+00,-2.1547504E+01
+6.8343220E+00,-2.1689045E+01
+6.8894429E+00,-2.1818043E+01
+6.9445639E+00,-2.1956627E+01
+6.9996843E+00,-2.2115395E+01
+7.0548053E+00,-2.2363264E+01
+7.1099262E+00,-2.2655098E+01
+7.1650467E+00,-2.2872814E+01
+7.2201676E+00,-2.3059530E+01
+7.2752886E+00,-2.3304962E+01
+7.3304090E+00,-2.3544155E+01
+7.3855300E+00,-2.3724375E+01
+7.4406509E+00,-2.3918159E+01
+7.4957719E+00,-2.4115633E+01
+7.5508924E+00,-2.4264921E+01
+7.6060133E+00,-2.4412836E+01
+7.6611342E+00,-2.4577108E+01
+7.7162547E+00,-2.4736008E+01
+7.7713757E+00,-2.4885187E+01
+7.8264966E+00,-2.5012014E+01
+7.8816171E+00,-2.5138084E+01
+7.9367380E+00,-2.5274763E+01
+7.9918590E+00,-2.5369112E+01
+8.0469799E+00,-2.5423820E+01
+8.1021004E+00,-2.5509708E+01
+8.1572208E+00,-2.5598785E+01
+8.2123423E+00,-2.5659878E+01
+8.2674627E+00,-2.5739975E+01
+8.3225832E+00,-2.5818548E+01
+8.3777046E+00,-2.5898550E+01
+8.4328251E+00,-2.6031214E+01
+8.4879456E+00,-2.6164015E+01
+8.5430670E+00,-2.6251930E+01
+8.5981874E+00,-2.6355106E+01
+8.6533079E+00,-2.6494436E+01
+8.7084293E+00,-2.6617887E+01
+8.7635498E+00,-2.6696125E+01
+8.8186703E+00,-2.6758755E+01
+8.8737917E+00,-2.6841274E+01
+8.9289122E+00,-2.6933327E+01
+8.9840326E+00,-2.7000416E+01
+9.0391541E+00,-2.7058725E+01
+9.0942745E+00,-2.7149876E+01
+9.1493950E+00,-2.7243067E+01
+9.2045164E+00,-2.7319542E+01
+9.2596369E+00,-2.7429192E+01
+9.3147583E+00,-2.7562857E+01
+9.3698788E+00,-2.7673407E+01
+9.4249992E+00,-2.7768236E+01
+9.4801207E+00,-2.7852566E+01
+9.5352411E+00,-2.7930826E+01
+9.5903616E+00,-2.8042263E+01
+9.6454830E+00,-2.8169035E+01
+9.7006035E+00,-2.8261507E+01
+9.7557240E+00,-2.8350039E+01
+9.8108454E+00,-2.8451675E+01
+9.8659658E+00,-2.8541660E+01
+9.9210863E+00,-2.8648319E+01
+9.9762077E+00,-2.8786064E+01
+1.0031328E+01,-2.8919931E+01
+1.0086449E+01,-2.9040070E+01
+1.0141570E+01,-2.9147743E+01
+1.0196691E+01,-2.9246346E+01
+1.0251811E+01,-2.9360296E+01
+1.0306932E+01,-2.9485725E+01
+1.0362053E+01,-2.9585136E+01
+1.0417173E+01,-2.9661592E+01
+1.0472295E+01,-2.9748388E+01
+1.0527415E+01,-2.9843060E+01
+1.0582536E+01,-2.9933325E+01
+1.0637657E+01,-3.0021523E+01
+1.0692778E+01,-3.0110426E+01
+1.0747898E+01,-3.0207047E+01
+1.0803020E+01,-3.0300970E+01
+1.0858140E+01,-3.0379549E+01
+1.0913260E+01,-3.0472330E+01
+1.0968382E+01,-3.0593344E+01
+1.1023502E+01,-3.0697380E+01
+1.1078623E+01,-3.0763054E+01
+1.1133744E+01,-3.0822916E+01
+1.1188865E+01,-3.0891972E+01
+1.1243985E+01,-3.0960699E+01
+1.1299107E+01,-3.1025673E+01
+1.1354227E+01,-3.1092186E+01
+1.1409348E+01,-3.1172018E+01
+1.1464469E+01,-3.1263945E+01
+1.1519589E+01,-3.1362837E+01
+1.1574710E+01,-3.1472403E+01
+1.1629831E+01,-3.1573217E+01
+1.1684952E+01,-3.1653427E+01
+1.1740073E+01,-3.1741680E+01
+1.1795194E+01,-3.1839151E+01
+1.1850314E+01,-3.1921175E+01
+1.1905436E+01,-3.2008396E+01
+1.1960556E+01,-3.2118084E+01
+1.2015676E+01,-3.2212311E+01
+1.2070798E+01,-3.2286507E+01
+1.2125918E+01,-3.2384113E+01
+1.2181039E+01,-3.2495823E+01
+1.2236160E+01,-3.2588848E+01
+1.2291281E+01,-3.2678566E+01
+1.2346401E+01,-3.2769047E+01
+1.2401523E+01,-3.2824982E+01
+1.2456643E+01,-3.2846157E+01
+1.2511764E+01,-3.2881966E+01
+1.2566885E+01,-3.2962826E+01
+1.2622005E+01,-3.3060913E+01
+1.2677126E+01,-3.3127510E+01
+1.2732247E+01,-3.3159748E+01
+1.2787368E+01,-3.3191925E+01
+1.2842488E+01,-3.3240295E+01
+1.2897610E+01,-3.3308281E+01
+1.2952730E+01,-3.3395866E+01
+1.3007851E+01,-3.3481663E+01
+1.3062972E+01,-3.3547832E+01
+1.3118093E+01,-3.3600727E+01
+1.3173213E+01,-3.3649590E+01
+1.3228334E+01,-3.3705578E+01
+1.3283455E+01,-3.3782032E+01
+1.3338575E+01,-3.3868710E+01
+1.3393697E+01,-3.3938339E+01
+1.3448817E+01,-3.3986618E+01
+1.3503938E+01,-3.4032719E+01
+1.3559059E+01,-3.4085812E+01
+1.3614180E+01,-3.4140877E+01
+1.3669300E+01,-3.4199062E+01
+1.3724422E+01,-3.4266483E+01
+1.3779542E+01,-3.4333736E+01
+1.3834662E+01,-3.4390747E+01
+1.3889784E+01,-3.4457062E+01
+1.3944904E+01,-3.4544254E+01
+1.4000025E+01,-3.4618694E+01
+1.4055146E+01,-3.4664051E+01
+1.4110267E+01,-3.4720577E+01
+1.4165388E+01,-3.4817417E+01
+1.4220509E+01,-3.4941463E+01
+1.4275629E+01,-3.5071136E+01
+1.4330750E+01,-3.5180229E+01
+1.4385871E+01,-3.5252270E+01
+1.4440991E+01,-3.5316048E+01
+1.4496113E+01,-3.5406075E+01
+1.4551233E+01,-3.5510311E+01
+1.4606354E+01,-3.5601963E+01
+1.4661475E+01,-3.5681194E+01
+1.4716596E+01,-3.5757397E+01
+1.4771716E+01,-3.5824795E+01
+1.4826838E+01,-3.5877213E+01
+1.4881958E+01,-3.5926502E+01
+1.4937078E+01,-3.5985020E+01
+1.4992200E+01,-3.6044968E+01
+1.5047320E+01,-3.6096657E+01
+1.5102441E+01,-3.6146580E+01
+1.5157562E+01,-3.6196449E+01
+1.5212683E+01,-3.6236610E+01
+1.5267803E+01,-3.6272324E+01
+1.5322925E+01,-3.6317341E+01
+1.5378045E+01,-3.6365826E+01
+1.5433166E+01,-3.6406403E+01
+1.5488287E+01,-3.6447533E+01
+1.5543407E+01,-3.6500336E+01
+1.5598528E+01,-3.6551598E+01
+1.5653649E+01,-3.6577274E+01
+1.5708770E+01,-3.6579262E+01
+1.5763890E+01,-3.6588966E+01
+1.5819012E+01,-3.6631077E+01
+1.5874132E+01,-3.6699322E+01
+1.5929253E+01,-3.6766441E+01
+1.5984374E+01,-3.6808136E+01
+1.6039495E+01,-3.6825199E+01
+1.6094616E+01,-3.6842846E+01
+1.6149736E+01,-3.6880928E+01
+1.6204857E+01,-3.6937000E+01
+1.6259977E+01,-3.6999134E+01
+1.6315098E+01,-3.7057983E+01
+1.6370220E+01,-3.7110020E+01
+1.6425341E+01,-3.7160625E+01
+1.6480461E+01,-3.7219860E+01
+1.6535582E+01,-3.7294319E+01
+1.6590702E+01,-3.7384220E+01
+1.6645823E+01,-3.7480904E+01
+1.6700945E+01,-3.7571571E+01
+1.6756065E+01,-3.7654091E+01
+1.6811186E+01,-3.7735680E+01
+1.6866306E+01,-3.7817287E+01
+1.6921427E+01,-3.7896046E+01
+1.6976547E+01,-3.7974739E+01
+1.7031670E+01,-3.8055119E+01
+1.7086790E+01,-3.8134876E+01
+1.7141911E+01,-3.8215935E+01
+1.7197031E+01,-3.8300110E+01
+1.7252151E+01,-3.8376465E+01
+1.7307272E+01,-3.8429283E+01
+1.7362394E+01,-3.8462566E+01
+1.7417515E+01,-3.8504784E+01
+1.7472635E+01,-3.8580688E+01
+1.7527756E+01,-3.8683296E+01
+1.7582876E+01,-3.8778954E+01
+1.7637997E+01,-3.8839134E+01
+1.7693119E+01,-3.8867088E+01
+1.7748240E+01,-3.8891922E+01
+1.7803360E+01,-3.8937115E+01
+1.7858480E+01,-3.9001747E+01
+1.7913601E+01,-3.9070789E+01
+1.7968723E+01,-3.9130886E+01
+1.8023844E+01,-3.9175869E+01
+1.8078964E+01,-3.9210674E+01
+1.8134085E+01,-3.9249466E+01
+1.8189205E+01,-3.9300705E+01
+1.8244326E+01,-3.9359276E+01
+1.8299448E+01,-3.9418228E+01
+1.8354568E+01,-3.9477962E+01
+1.8409689E+01,-3.9537685E+01
+1.8464809E+01,-3.9588726E+01
+1.8519930E+01,-3.9625011E+01
+1.8575050E+01,-3.9652679E+01
+1.8630173E+01,-3.9682877E+01
+1.8685293E+01,-3.9723156E+01
+1.8740414E+01,-3.9777176E+01
+1.8795534E+01,-3.9839703E+01
+1.8850655E+01,-3.9893093E+01
+1.8905775E+01,-3.9923290E+01
+1.8960897E+01,-3.9936050E+01
+1.9016018E+01,-3.9949234E+01
+1.9071138E+01,-3.9978947E+01
+1.9126259E+01,-4.0031906E+01
