+5.0000001E-02,+1.6751443E-03
+5.2477341E-02,+1.7106062E-03
+5.5077430E-02,+1.7488177E-03
+5.5955958E-02,+1.7619421E-03
+5.7806343E-02,+1.7899132E-03
+6.0670465E-02,+1.8340187E-03
+6.1911911E-02,+1.8534157E-03
+6.3676499E-02,+1.8812509E-03
+6.6831470E-02,+1.9317126E-03
+6.7867868E-02,+1.9484623E-03
+7.0142753E-02,+1.9854901E-03
+7.3618107E-02,+2.0426498E-03
+7.3823825E-02,+2.0460524E-03
+7.7265650E-02,+2.1032353E-03
+7.9779781E-02,+2.1452464E-03
+8.1093922E-02,+2.1672631E-03
+8.5111871E-02,+2.2347209E-03
+8.5735738E-02,+2.2452043E-03
+8.9328900E-02,+2.3055649E-03
+9.1691695E-02,+2.3451922E-03
+9.3754865E-02,+2.3797173E-03
+9.7647645E-02,+2.4445800E-03
+9.8400123E-02,+2.4570660E-03
+1.0327554E-01,+2.5374640E-03
+1.0360360E-01,+2.5428394E-03
+1.0839251E-01,+2.6207305E-03
+1.0955956E-01,+2.6395377E-03
+1.1376303E-01,+2.7066530E-03
+1.1551552E-01,+2.7343296E-03
+1.1939962E-01,+2.7949896E-03
+1.2147147E-01,+2.8269477E-03
+1.2531550E-01,+2.8854753E-03
+1.2742743E-01,+2.9171950E-03
+1.3152449E-01,+2.9778252E-03
+1.3338338E-01,+3.0049337E-03
+1.3804111E-01,+3.0717426E-03
+1.3933934E-01,+3.0900778E-03
+1.4488061E-01,+3.1669254E-03
+1.4529529E-01,+3.1725841E-03
+1.5125126E-01,+3.2524455E-03
+1.5205899E-01,+3.2630733E-03
+1.5720721E-01,+3.3296836E-03
+1.5959305E-01,+3.3598971E-03
+1.6316317E-01,+3.4043435E-03
+1.6750038E-01,+3.4571253E-03
+1.6911912E-01,+3.4764884E-03
+1.7507507E-01,+3.5461953E-03
+1.7579949E-01,+3.5545116E-03
+1.8103103E-01,+3.6135514E-03
+1.8450980E-01,+3.6518425E-03
+1.8698698E-01,+3.6786506E-03
+1.9294295E-01,+3.7415922E-03
+1.9365168E-01,+3.7489431E-03
+1.9889890E-01,+3.8024776E-03
+2.0324650E-01,+3.8456819E-03
+2.0485486E-01,+3.8614089E-03
+2.1081081E-01,+3.9184880E-03
+2.1331674E-01,+3.9419746E-03
+2.1676676E-01,+3.9738156E-03
+2.2272272E-01,+4.0274896E-03
+2.2388591E-01,+4.0377867E-03
+2.2867867E-01,+4.0796045E-03
+2.3463464E-01,+4.1302531E-03
+2.3497875E-01,+4.1331365E-03
+2.4059059E-01,+4.1795229E-03
+2.4654655E-01,+4.2274990E-03
+2.4662121E-01,+4.2280927E-03
+2.5250250E-01,+4.2742612E-03
+2.5845847E-01,+4.3198862E-03
+2.5884050E-01,+4.3227756E-03
+2.6441440E-01,+4.3644463E-03
+2.7037036E-01,+4.4080103E-03
+2.7166525E-01,+4.4173561E-03
+2.7632633E-01,+4.4506430E-03
+2.8228229E-01,+4.4924053E-03
+2.8512540E-01,+4.5120511E-03
+2.8823823E-01,+4.5333551E-03
+2.9419419E-01,+4.5735459E-03
+2.9925248E-01,+4.6071210E-03
+3.0015016E-01,+4.6130284E-03
+3.0610612E-01,+4.6518510E-03
+3.1206205E-01,+4.6900576E-03
+3.1407949E-01,+4.7028670E-03
+3.1801802E-01,+4.7276905E-03
+3.2397398E-01,+4.7647883E-03
+3.2964113E-01,+4.7996249E-03
+3.2992992E-01,+4.8013888E-03
+3.3588588E-01,+4.8375251E-03
+3.4184185E-01,+4.8732297E-03
+3.4597382E-01,+4.8977621E-03
+3.4779781E-01,+4.9085328E-03
+3.5375375E-01,+4.9434616E-03
+3.5970971E-01,+4.9780426E-03
+3.6311573E-01,+4.9976716E-03
+3.6566567E-01,+5.0123003E-03
+3.7162161E-01,+5.0462568E-03
+3.7757757E-01,+5.0799339E-03
+3.8110697E-01,+5.0997660E-03
+3.8353354E-01,+5.1133507E-03
+3.8948950E-01,+5.1465253E-03
+3.9544544E-01,+5.1794751E-03
+3.9998963E-01,+5.2044732E-03
+4.0140140E-01,+5.2122162E-03
+4.0735736E-01,+5.2447626E-03
+4.1331330E-01,+5.2771280E-03
+4.1926926E-01,+5.3093256E-03
+4.1980785E-01,+5.3122295E-03
+4.2522523E-01,+5.3413669E-03
+4.3118119E-01,+5.3732628E-03
+4.3713713E-01,+5.4050232E-03
+4.4060802E-01,+5.4234727E-03
+4.4309309E-01,+5.4366575E-03
+4.4904906E-01,+5.4681739E-03
+4.5500502E-01,+5.4995809E-03
+4.6096095E-01,+5.5308859E-03
+4.6243876E-01,+5.5386382E-03
+4.6691692E-01,+5.5620950E-03
+4.7287288E-01,+5.5932146E-03
+4.7882882E-01,+5.6242510E-03
+4.8478478E-01,+5.6552086E-03
+4.8535115E-01,+5.6581483E-03
+4.9074075E-01,+5.6860922E-03
+4.9669671E-01,+5.7169069E-03
+5.0265265E-01,+5.7476554E-03
+5.0860858E-01,+5.7783425E-03
+5.0939876E-01,+5.7824091E-03
+5.1456457E-01,+5.8089709E-03
+5.2052051E-01,+5.8395434E-03
+5.2647650E-01,+5.8700629E-03
+5.3243244E-01,+5.9005315E-03
+5.3463787E-01,+5.9118010E-03
+5.3838837E-01,+5.9309513E-03
+5.4434437E-01,+5.9613246E-03
+5.5030030E-01,+5.9916521E-03
+5.5625623E-01,+6.0219360E-03
+5.6112748E-01,+6.0466728E-03
+5.6221223E-01,+6.0521774E-03
+5.6816816E-01,+6.0823769E-03
+5.7412410E-01,+6.1125359E-03
+5.8008009E-01,+6.1426549E-03
+5.8603603E-01,+6.1727343E-03
+5.8892959E-01,+6.1873337E-03
+5.9199202E-01,+6.2027746E-03
+5.9794796E-01,+6.2327762E-03
+6.0390389E-01,+6.2627397E-03
+6.0985988E-01,+6.2926640E-03
+6.1581582E-01,+6.3225501E-03
+6.1810917E-01,+6.3340473E-03
+6.2177175E-01,+6.3523971E-03
+6.2772775E-01,+6.3822055E-03
+6.3368368E-01,+6.4119752E-03
+6.3963962E-01,+6.4417049E-03
+6.4559561E-01,+6.4713950E-03
+6.4873457E-01,+6.4870259E-03
+6.5155154E-01,+6.5010441E-03
+6.5750748E-01,+6.5306532E-03
+6.6346347E-01,+6.5602204E-03
+6.6941941E-01,+6.5897452E-03
+6.7537540E-01,+6.6192276E-03
+6.8087733E-01,+6.6464241E-03
+6.8133134E-01,+6.6486667E-03
+6.8728727E-01,+6.6780616E-03
+6.9324327E-01,+6.7074117E-03
+6.9919920E-01,+6.7367158E-03
+7.0515513E-01,+6.7659738E-03
+7.1111113E-01,+6.7951842E-03
+7.1461266E-01,+6.8123350E-03
+7.1706706E-01,+6.8243467E-03
+7.2302300E-01,+6.8534603E-03
+7.2897899E-01,+6.8825241E-03
+7.3493493E-01,+6.9115376E-03
+7.4089092E-01,+6.9404994E-03
+7.4684685E-01,+6.9694091E-03
+7.5001943E-01,+6.9847866E-03
+7.5280279E-01,+6.9982652E-03
+7.5875878E-01,+7.0270677E-03
+7.6471472E-01,+7.0558153E-03
+7.7067065E-01,+7.0845070E-03
+7.7662665E-01,+7.1131424E-03
+7.8258258E-01,+7.1417205E-03
+7.8718054E-01,+7.1637426E-03
+7.8853852E-01,+7.1702404E-03
+7.9449451E-01,+7.1987011E-03
+8.0045044E-01,+7.2271018E-03
+8.0640638E-01,+7.2554424E-03
+8.1236237E-01,+7.2837211E-03
+8.1831831E-01,+7.3119379E-03
+8.2427430E-01,+7.3400917E-03
+8.2618290E-01,+7.3491004E-03
+8.3023024E-01,+7.3681823E-03
+8.3618617E-01,+7.3962081E-03
+8.4214216E-01,+7.4241692E-03
+8.4809810E-01,+7.4520642E-03
+8.5405403E-01,+7.4798930E-03
+8.6001003E-01,+7.5076548E-03
+8.6596596E-01,+7.5353486E-03
+8.6711764E-01,+7.5406958E-03
+8.7192190E-01,+7.5629745E-03
+8.7787789E-01,+7.5905309E-03
+8.8383383E-01,+7.6180184E-03
+8.8978976E-01,+7.6454352E-03
+8.9574575E-01,+7.6727821E-03
+9.0170169E-01,+7.7000572E-03
+9.0765768E-01,+7.7272612E-03
+9.1008061E-01,+7.7383071E-03
+9.1361362E-01,+7.7543925E-03
+9.1956955E-01,+7.7814516E-03
+9.2552555E-01,+7.8084376E-03
+9.3148148E-01,+7.8353500E-03
+9.3743742E-01,+7.8621889E-03
+9.4339341E-01,+7.8889532E-03
+9.4934934E-01,+7.9156430E-03
+9.5517224E-01,+7.9416633E-03
+9.5530528E-01,+7.9422574E-03
+9.6126127E-01,+7.9687964E-03
+9.6721721E-01,+7.9952599E-03
+9.7317320E-01,+8.0216480E-03
+9.7912914E-01,+8.0479598E-03
+9.8508507E-01,+8.0741942E-03
+9.9104106E-01,+8.1003523E-03
+9.9699700E-01,+8.1264339E-03
+1.0024980E+00,+8.1504546E-03
+1.0029529E+00,+8.1524374E-03
+1.0089089E+00,+8.1783645E-03
+1.0148649E+00,+8.2042133E-03
+1.0208209E+00,+8.2299849E-03
+1.0267768E+00,+8.2556782E-03
+1.0327327E+00,+8.2812943E-03
+1.0386887E+00,+8.3068311E-03
+1.0446446E+00,+8.3322907E-03
+1.0506006E+00,+8.3576711E-03
+1.0521686E+00,+8.3643403E-03
+1.0565566E+00,+8.3829742E-03
+1.0625125E+00,+8.4081981E-03
+1.0684685E+00,+8.4333438E-03
+1.0744244E+00,+8.4584113E-03
+1.0803804E+00,+8.4834006E-03
+1.0863364E+00,+8.5083107E-03
+1.0922923E+00,+8.5331425E-03
+1.0982482E+00,+8.5578961E-03
+1.1042042E+00,+8.5825715E-03
+1.1043003E+00,+8.5829692E-03
+1.1101601E+00,+8.6071687E-03
+1.1161162E+00,+8.6316876E-03
+1.1220721E+00,+8.6561283E-03
+1.1280280E+00,+8.6804908E-03
+1.1339840E+00,+8.7047750E-03
+1.1399399E+00,+8.7289819E-03
+1.1458958E+00,+8.7531116E-03
+1.1518519E+00,+8.7771630E-03
+1.1578078E+00,+8.8011371E-03
+1.1590148E+00,+8.8059865E-03
+1.1637638E+00,+8.8250348E-03
+1.1697197E+00,+8.8488543E-03
+1.1756756E+00,+8.8725975E-03
+1.1816317E+00,+8.8962642E-03
+1.1875876E+00,+8.9198546E-03
+1.1935436E+00,+8.9433677E-03
+1.1994995E+00,+8.9668054E-03
+1.2054554E+00,+8.9901676E-03
+1.2114114E+00,+9.0134544E-03
+1.2164404E+00,+9.0330578E-03
+1.2173674E+00,+9.0366649E-03
+1.2233233E+00,+9.0598008E-03
+1.2292793E+00,+9.0828622E-03
+1.2352352E+00,+9.1058481E-03
+1.2411911E+00,+9.1287605E-03
+1.2471472E+00,+9.1515984E-03
+1.2531031E+00,+9.1743628E-03
+1.2590591E+00,+9.1970535E-03
+1.2650150E+00,+9.2196716E-03
+1.2709709E+00,+9.2422161E-03
+1.2767112E+00,+9.2638759E-03
+1.2769269E+00,+9.2646889E-03
+1.2828829E+00,+9.2870891E-03
+1.2888389E+00,+9.3094166E-03
+1.2947948E+00,+9.3316734E-03
+1.3007507E+00,+9.3538584E-03
+1.3067067E+00,+9.3759727E-03
+1.3126627E+00,+9.3980171E-03
+1.3186187E+00,+9.4199907E-03
+1.3245746E+00,+9.4418935E-03
+1.3305305E+00,+9.4637284E-03
+1.3364865E+00,+9.4854925E-03
+1.3399682E+00,+9.4981845E-03
+1.3424424E+00,+9.5071886E-03
+1.3483984E+00,+9.5288167E-03
+1.3543544E+00,+9.5503759E-03
+1.3603103E+00,+9.5718671E-03
+1.3662663E+00,+9.5932921E-03
+1.3722222E+00,+9.6146492E-03
+1.3781781E+00,+9.6359393E-03
+1.3841342E+00,+9.6571641E-03
+1.3900901E+00,+9.6783219E-03
+1.3960460E+00,+9.6994154E-03
+1.4020020E+00,+9.7204428E-03
+1.4063594E+00,+9.7357864E-03
+1.4079579E+00,+9.7414060E-03
+1.4139140E+00,+9.7623048E-03
+1.4198699E+00,+9.7831395E-03
+1.4258258E+00,+9.8039107E-03
+1.4317818E+00,+9.8246187E-03
+1.4377377E+00,+9.8452643E-03
+1.4436936E+00,+9.8658474E-03
+1.4496497E+00,+9.8863682E-03
+1.4556056E+00,+9.9068275E-03
+1.4615616E+00,+9.9272253E-03
+1.4675175E+00,+9.9475626E-03
+1.4734734E+00,+9.9678393E-03
+1.4760401E+00,+9.9765593E-03
+1.4794295E+00,+9.9880565E-03
+1.4853854E+00,+1.0008214E-02
+1.4913414E+00,+1.0028312E-02
+1.4972973E+00,+1.0048351E-02
+1.5032532E+00,+1.0068332E-02
+1.5092092E+00,+1.0088255E-02
+1.5151652E+00,+1.0108120E-02
+1.5211211E+00,+1.0127928E-02
+1.5270771E+00,+1.0147680E-02
+1.5330330E+00,+1.0167374E-02
+1.5389889E+00,+1.0187013E-02
+1.5449450E+00,+1.0206596E-02
+1.5491732E+00,+1.0220465E-02
+1.5509009E+00,+1.0226124E-02
+1.5568569E+00,+1.0245597E-02
+1.5628128E+00,+1.0265016E-02
+1.5687687E+00,+1.0284381E-02
+1.5747247E+00,+1.0303692E-02
+1.5806807E+00,+1.0322950E-02
+1.5866367E+00,+1.0342155E-02
+1.5925926E+00,+1.0361307E-02
+1.5985485E+00,+1.0380407E-02
+1.6045045E+00,+1.0399456E-02
+1.6104605E+00,+1.0418453E-02
+1.6164165E+00,+1.0437400E-02
+1.6223724E+00,+1.0456296E-02
+1.6259300E+00,+1.0467559E-02
+1.6283283E+00,+1.0475142E-02
+1.6342843E+00,+1.0493938E-02
+1.6402402E+00,+1.0512684E-02
+1.6461962E+00,+1.0531383E-02
+1.6521522E+00,+1.0550031E-02
+1.6581081E+00,+1.0568633E-02
+1.6640640E+00,+1.0587186E-02
+1.6700200E+00,+1.0605691E-02
+1.6759759E+00,+1.0624150E-02
+1.6819320E+00,+1.0642561E-02
+1.6878879E+00,+1.0660927E-02
+1.6938438E+00,+1.0679246E-02
+1.6997998E+00,+1.0697519E-02
+1.7057557E+00,+1.0715748E-02
+1.7064896E+00,+1.0717991E-02
+1.7117118E+00,+1.0733931E-02
+1.7176677E+00,+1.0752071E-02
+1.7236236E+00,+1.0770165E-02
+1.7295796E+00,+1.0788216E-02
+1.7355355E+00,+1.0806223E-02
+1.7414914E+00,+1.0824188E-02
+1.7474475E+00,+1.0842109E-02
+1.7534034E+00,+1.0859989E-02
+1.7593594E+00,+1.0877825E-02
+1.7653153E+00,+1.0895621E-02
+1.7712712E+00,+1.0913375E-02
+1.7772273E+00,+1.0931088E-02
+1.7831832E+00,+1.0948760E-02
+1.7891392E+00,+1.0966391E-02
+1.7910408E+00,+1.0972013E-02
+1.7950951E+00,+1.0983983E-02
+1.8010510E+00,+1.1001535E-02
+1.8070070E+00,+1.1019047E-02
+1.8129630E+00,+1.1036521E-02
+1.8189189E+00,+1.1053956E-02
+1.8248749E+00,+1.1071352E-02
+1.8308308E+00,+1.1088710E-02
+1.8367867E+00,+1.1106031E-02
+1.8427428E+00,+1.1123314E-02
+1.8486987E+00,+1.1140561E-02
+1.8546547E+00,+1.1157770E-02
+1.8606106E+00,+1.1174942E-02
+1.8665665E+00,+1.1192079E-02
+1.8725225E+00,+1.1209180E-02
+1.8784785E+00,+1.1226244E-02
+1.8797812E+00,+1.1229972E-02
+1.8844345E+00,+1.1243274E-02
+1.8903904E+00,+1.1260268E-02
+1.8963463E+00,+1.1277229E-02
+1.9023023E+00,+1.1294154E-02
+1.9082582E+00,+1.1311046E-02
+1.9142143E+00,+1.1327904E-02
+1.9201702E+00,+1.1344728E-02
+1.9261261E+00,+1.1361519E-02
+1.9320821E+00,+1.1378277E-02
+1.9380380E+00,+1.1395003E-02
+1.9439940E+00,+1.1411696E-02
+1.9499500E+00,+1.1428356E-02
+1.9559059E+00,+1.1444986E-02
+1.9618618E+00,+1.1461583E-02
+1.9678178E+00,+1.1478149E-02
+1.9729185E+00,+1.1492312E-02
+1.9737737E+00,+1.1494685E-02
+1.9797298E+00,+1.1511190E-02
+1.9856857E+00,+1.1527663E-02
+1.9916416E+00,+1.1544107E-02
+1.9975976E+00,+1.1560521E-02
+2.0035536E+00,+1.1576906E-02
+2.0095096E+00,+1.1593260E-02
+2.0154655E+00,+1.1609586E-02
+2.0214214E+00,+1.1625882E-02
+2.0273774E+00,+1.1642151E-02
+2.0333333E+00,+1.1658390E-02
+2.0392892E+00,+1.1674602E-02
+2.0452452E+00,+1.1690785E-02
+2.0512011E+00,+1.1706941E-02
+2.0571570E+00,+1.1723069E-02
+2.0631132E+00,+1.1739170E-02
+2.0690691E+00,+1.1755244E-02
+2.0706704E+00,+1.1759561E-02
+2.0750251E+00,+1.1771291E-02
+2.0809810E+00,+1.1787312E-02
+2.0869370E+00,+1.1803307E-02
+2.0928929E+00,+1.1819275E-02
+2.0988488E+00,+1.1835217E-02
+2.1048048E+00,+1.1851135E-02
+2.1107607E+00,+1.1867026E-02
+2.1167166E+00,+1.1882893E-02
+2.1226726E+00,+1.1898734E-02
+2.1286287E+00,+1.1914550E-02
+2.1345847E+00,+1.1930343E-02
+2.1405406E+00,+1.1946111E-02
+2.1464965E+00,+1.1961855E-02
+2.1524525E+00,+1.1977575E-02
+2.1584084E+00,+1.1993270E-02
+2.1643643E+00,+1.2008944E-02
+2.1703203E+00,+1.2024593E-02
+2.1732657E+00,+1.2032323E-02
+2.1762762E+00,+1.2040219E-02
+2.1822321E+00,+1.2055823E-02
+2.1881881E+00,+1.2071404E-02
+2.1941442E+00,+1.2086961E-02
+2.2001002E+00,+1.2102498E-02
+2.2060561E+00,+1.2118011E-02
+2.2120121E+00,+1.2133503E-02
+2.2179680E+00,+1.2148974E-02
+2.2239239E+00,+1.2164422E-02
+2.2298799E+00,+1.2179849E-02
+2.2358358E+00,+1.2195256E-02
+2.2417917E+00,+1.2210640E-02
+2.2477477E+00,+1.2226004E-02
+2.2537036E+00,+1.2241348E-02
+2.2596598E+00,+1.2256671E-02
+2.2656157E+00,+1.2271974E-02
+2.2715716E+00,+1.2287256E-02
+2.2775276E+00,+1.2302519E-02
+2.2809441E+00,+1.2311265E-02
+2.2834835E+00,+1.2317762E-02
+2.2894394E+00,+1.2332985E-02
+2.2953954E+00,+1.2348189E-02
+2.3013513E+00,+1.2363373E-02
+2.3073072E+00,+1.2378539E-02
+2.3132632E+00,+1.2393685E-02
+2.3192191E+00,+1.2408813E-02
+2.3251753E+00,+1.2423921E-02
+2.3311312E+00,+1.2439012E-02
+2.3370872E+00,+1.2454084E-02
+2.3430431E+00,+1.2469137E-02
+2.3489990E+00,+1.2484173E-02
+2.3549550E+00,+1.2499191E-02
+2.3609109E+00,+1.2514191E-02
+2.3668668E+00,+1.2529174E-02
+2.3728228E+00,+1.2544138E-02
+2.3787787E+00,+1.2559086E-02
+2.3847346E+00,+1.2574016E-02
+2.3906908E+00,+1.2588929E-02
+2.3939576E+00,+1.2597103E-02
+2.3966467E+00,+1.2603826E-02
+2.4026027E+00,+1.2618706E-02
+2.4085586E+00,+1.2633569E-02
+2.4145145E+00,+1.2648416E-02
+2.4204705E+00,+1.2663245E-02
+2.4264264E+00,+1.2678060E-02
+2.4323823E+00,+1.2692858E-02
+2.4383383E+00,+1.2707639E-02
+2.4442942E+00,+1.2722405E-02
+2.4502501E+00,+1.2737155E-02
+2.4562063E+00,+1.2751889E-02
+2.4621623E+00,+1.2766609E-02
+2.4681182E+00,+1.2781313E-02
+2.4740741E+00,+1.2796001E-02
+2.4800301E+00,+1.2810674E-02
+2.4859860E+00,+1.2825333E-02
+2.4919419E+00,+1.2839976E-02
+2.4978979E+00,+1.2854604E-02
+2.5038538E+00,+1.2869218E-02
+2.5098097E+00,+1.2883818E-02
+2.5125706E+00,+1.2890580E-02
+2.5157657E+00,+1.2898402E-02
+2.5217218E+00,+1.2912973E-02
+2.5276778E+00,+1.2927529E-02
+2.5336337E+00,+1.2942072E-02
+2.5395896E+00,+1.2956600E-02
+2.5455456E+00,+1.2971114E-02
+2.5515015E+00,+1.2985614E-02
+2.5574574E+00,+1.3000101E-02
+2.5634134E+00,+1.3014575E-02
+2.5693693E+00,+1.3029034E-02
+2.5753253E+00,+1.3043480E-02
+2.5812812E+00,+1.3057913E-02
+2.5872371E+00,+1.3072332E-02
+2.5931933E+00,+1.3086739E-02
+2.5991492E+00,+1.3101133E-02
+2.6051052E+00,+1.3115513E-02
+2.6110611E+00,+1.3129881E-02
+2.6170170E+00,+1.3144236E-02
+2.6229730E+00,+1.3158578E-02
+2.6289289E+00,+1.3172908E-02
+2.6348848E+00,+1.3187225E-02
+2.6370606E+00,+1.3192452E-02
+2.6408408E+00,+1.3201530E-02
+2.6467967E+00,+1.3215822E-02
+2.6527526E+00,+1.3230103E-02
+2.6587088E+00,+1.3244371E-02
+2.6646647E+00,+1.3258627E-02
+2.6706207E+00,+1.3272871E-02
+2.6765766E+00,+1.3287103E-02
+2.6825325E+00,+1.3301323E-02
+2.6884885E+00,+1.3315532E-02
+2.6944444E+00,+1.3329729E-02
+2.7004004E+00,+1.3343914E-02
+2.7063563E+00,+1.3358088E-02
+2.7123122E+00,+1.3372251E-02
+2.7182682E+00,+1.3386401E-02
+2.7242243E+00,+1.3400541E-02
+2.7301803E+00,+1.3414670E-02
+2.7361362E+00,+1.3428787E-02
+2.7420921E+00,+1.3442893E-02
+2.7480481E+00,+1.3456988E-02
+2.7540040E+00,+1.3471073E-02
+2.7599599E+00,+1.3485146E-02
+2.7659159E+00,+1.3499209E-02
+2.7677188E+00,+1.3503463E-02
+2.7718718E+00,+1.3513260E-02
+2.7778277E+00,+1.3527301E-02
+2.7837837E+00,+1.3541332E-02
+2.7897398E+00,+1.3555352E-02
+2.7956958E+00,+1.3569361E-02
+2.8016517E+00,+1.3583360E-02
+2.8076077E+00,+1.3597349E-02
+2.8135636E+00,+1.3611327E-02
+2.8195195E+00,+1.3625295E-02
+2.8254755E+00,+1.3639253E-02
+2.8314314E+00,+1.3653200E-02
+2.8373873E+00,+1.3667138E-02
+2.8433433E+00,+1.3681065E-02
+2.8492992E+00,+1.3694983E-02
+2.8552554E+00,+1.3708890E-02
+2.8612113E+00,+1.3722789E-02
+2.8671672E+00,+1.3736676E-02
+2.8731232E+00,+1.3750555E-02
+2.8790791E+00,+1.3764423E-02
+2.8850350E+00,+1.3778282E-02
+2.8909910E+00,+1.3792131E-02
+2.8969469E+00,+1.3805971E-02
+2.9029028E+00,+1.3819801E-02
+2.9048505E+00,+1.3824321E-02
+2.9088588E+00,+1.3833622E-02
+2.9148147E+00,+1.3847433E-02
+2.9207709E+00,+1.3861235E-02
+2.9267268E+00,+1.3875027E-02
+2.9326828E+00,+1.3888811E-02
+2.9386387E+00,+1.3902585E-02
+2.9445946E+00,+1.3916350E-02
+2.9505506E+00,+1.3930106E-02
+2.9565065E+00,+1.3943852E-02
+2.9624624E+00,+1.3957590E-02
+2.9684184E+00,+1.3971318E-02
+2.9743743E+00,+1.3985038E-02
+2.9803302E+00,+1.3998748E-02
+2.9862864E+00,+1.4012449E-02
+2.9922423E+00,+1.4026143E-02
+2.9981983E+00,+1.4039827E-02
+3.0041542E+00,+1.4053502E-02
+3.0101101E+00,+1.4067168E-02
+3.0160661E+00,+1.4080826E-02
+3.0220220E+00,+1.4094475E-02
+3.0279779E+00,+1.4108115E-02
+3.0339339E+00,+1.4121747E-02
+3.0398898E+00,+1.4135370E-02
+3.0458457E+00,+1.4148985E-02
+3.0487766E+00,+1.4155681E-02
+3.0518019E+00,+1.4162591E-02
+3.0577579E+00,+1.4176188E-02
+3.0637138E+00,+1.4189778E-02
+3.0696697E+00,+1.4203358E-02
+3.0756257E+00,+1.4216931E-02
+3.0815816E+00,+1.4230495E-02
+3.0875375E+00,+1.4244051E-02
+3.0934935E+00,+1.4257598E-02
+3.0994494E+00,+1.4271137E-02
+3.1054053E+00,+1.4284668E-02
+3.1113613E+00,+1.4298190E-02
+3.1173172E+00,+1.4311705E-02
+3.1232734E+00,+1.4325212E-02
+3.1292293E+00,+1.4338709E-02
+3.1351852E+00,+1.4352200E-02
+3.1411412E+00,+1.4365681E-02
+3.1470971E+00,+1.4379156E-02
+3.1530530E+00,+1.4392622E-02
+3.1590090E+00,+1.4406079E-02
+3.1649649E+00,+1.4419530E-02
+3.1709208E+00,+1.4432971E-02
+3.1768768E+00,+1.4446406E-02
+3.1828327E+00,+1.4459832E-02
+3.1887889E+00,+1.4473250E-02
+3.1947448E+00,+1.4486660E-02
+3.1998341E+00,+1.4498114E-02
+3.2007008E+00,+1.4500063E-02
+3.2066567E+00,+1.4513458E-02
+3.2126126E+00,+1.4526845E-02
+3.2185686E+00,+1.4540223E-02
+3.2245245E+00,+1.4553595E-02
+3.2304804E+00,+1.4566959E-02
+3.2364364E+00,+1.4580315E-02
+3.2423923E+00,+1.4593663E-02
+3.2483482E+00,+1.4607003E-02
+3.2543044E+00,+1.4620336E-02
+3.2602603E+00,+1.4633661E-02
+3.2662163E+00,+1.4646978E-02
+3.2721722E+00,+1.4660289E-02
+3.2781281E+00,+1.4673591E-02
+3.2840841E+00,+1.4686885E-02
+3.2900400E+00,+1.4700172E-02
+3.2959960E+00,+1.4713452E-02
+3.3019519E+00,+1.4726724E-02
+3.3079078E+00,+1.4739988E-02
+3.3138638E+00,+1.4753245E-02
+3.3198199E+00,+1.4766495E-02
+3.3257759E+00,+1.4779736E-02
+3.3317318E+00,+1.4792970E-02
+3.3376877E+00,+1.4806198E-02
+3.3436437E+00,+1.4819417E-02
+3.3495996E+00,+1.4832629E-02
+3.3555555E+00,+1.4845833E-02
+3.3583758E+00,+1.4852083E-02
+3.3615115E+00,+1.4859031E-02
+3.3674674E+00,+1.4872220E-02
+3.3734233E+00,+1.4885403E-02
+3.3793793E+00,+1.4898578E-02
+3.3853354E+00,+1.4911746E-02
+3.3912914E+00,+1.4924905E-02
+3.3972473E+00,+1.4938058E-02
+3.4032032E+00,+1.4951204E-02
+3.4091592E+00,+1.4964342E-02
+3.4151151E+00,+1.4977473E-02
+3.4210711E+00,+1.4990596E-02
+3.4270270E+00,+1.5003713E-02
+3.4329829E+00,+1.5016821E-02
+3.4389389E+00,+1.5029923E-02
+3.4448948E+00,+1.5043017E-02
+3.4508510E+00,+1.5056104E-02
+3.4568069E+00,+1.5069184E-02
+3.4627628E+00,+1.5082257E-02
+3.4687188E+00,+1.5095321E-02
+3.4746747E+00,+1.5108380E-02
+3.4806306E+00,+1.5121430E-02
+3.4865866E+00,+1.5134474E-02
+3.4925425E+00,+1.5147510E-02
+3.4984984E+00,+1.5160539E-02
+3.5044544E+00,+1.5173561E-02
+3.5104103E+00,+1.5186575E-02
+3.5163665E+00,+1.5199582E-02
+3.5223224E+00,+1.5212582E-02
+3.5247726E+00,+1.5217929E-02
+3.5282784E+00,+1.5225575E-02
+3.5342343E+00,+1.5238561E-02
+3.5401902E+00,+1.5251540E-02
+3.5461462E+00,+1.5264510E-02
+3.5521021E+00,+1.5277474E-02
+3.5580580E+00,+1.5290432E-02
+3.5640140E+00,+1.5303381E-02
+3.5699699E+00,+1.5316323E-02
+3.5759258E+00,+1.5329259E-02
+3.5818820E+00,+1.5342187E-02
+3.5878379E+00,+1.5355107E-02
+3.5937939E+00,+1.5368021E-02
+3.5997498E+00,+1.5380928E-02
+3.6057057E+00,+1.5393827E-02
+3.6116617E+00,+1.5406719E-02
+3.6176176E+00,+1.5419604E-02
+3.6235735E+00,+1.5432483E-02
+3.6295295E+00,+1.5445353E-02
+3.6354854E+00,+1.5458216E-02
+3.6414413E+00,+1.5471073E-02
+3.6473973E+00,+1.5483921E-02
+3.6533535E+00,+1.5496763E-02
+3.6593094E+00,+1.5509599E-02
+3.6652653E+00,+1.5522426E-02
+3.6712213E+00,+1.5535247E-02
+3.6771772E+00,+1.5548060E-02
+3.6831331E+00,+1.5560865E-02
+3.6890891E+00,+1.5573665E-02
+3.6950450E+00,+1.5586456E-02
+3.6994140E+00,+1.5595836E-02
+3.7010009E+00,+1.5599241E-02
+3.7069569E+00,+1.5612018E-02
+3.7129128E+00,+1.5624789E-02
+3.7188690E+00,+1.5637552E-02
+3.7248249E+00,+1.5650308E-02
+3.7307808E+00,+1.5663056E-02
+3.7367368E+00,+1.5675798E-02
+3.7426927E+00,+1.5688531E-02
+3.7486486E+00,+1.5701259E-02
+3.7546046E+00,+1.5713979E-02
+3.7605605E+00,+1.5726691E-02
+3.7665164E+00,+1.5739396E-02
+3.7724724E+00,+1.5752096E-02
+3.7784283E+00,+1.5764786E-02
+3.7843845E+00,+1.5777471E-02
+3.7903404E+00,+1.5790148E-02
+3.7962964E+00,+1.5802816E-02
+3.8022523E+00,+1.5815478E-02
+3.8082082E+00,+1.5828134E-02
+3.8141642E+00,+1.5840782E-02
+3.8201201E+00,+1.5853422E-02
+3.8260760E+00,+1.5866056E-02
+3.8320320E+00,+1.5878681E-02
+3.8379879E+00,+1.5891301E-02
+3.8439438E+00,+1.5903912E-02
+3.8499000E+00,+1.5916517E-02
+3.8558559E+00,+1.5929114E-02
+3.8618119E+00,+1.5941704E-02
+3.8677678E+00,+1.5954286E-02
+3.8737237E+00,+1.5966862E-02
+3.8796797E+00,+1.5979430E-02
+3.8827083E+00,+1.5985819E-02
+3.8856356E+00,+1.5991991E-02
+3.8915915E+00,+1.6004544E-02
+3.8975475E+00,+1.6017091E-02
+3.9035034E+00,+1.6029630E-02
+3.9094594E+00,+1.6042162E-02
+3.9154155E+00,+1.6054686E-02
+3.9213715E+00,+1.6067203E-02
+3.9273274E+00,+1.6079713E-02
+3.9332833E+00,+1.6092215E-02
+3.9392393E+00,+1.6104709E-02
+3.9451952E+00,+1.6117198E-02
+3.9511511E+00,+1.6129678E-02
+3.9571071E+00,+1.6142152E-02
+3.9630630E+00,+1.6154617E-02
+3.9690189E+00,+1.6167076E-02
+3.9749749E+00,+1.6179526E-02
+3.9809310E+00,+1.6191971E-02
+3.9868870E+00,+1.6204407E-02
+3.9928429E+00,+1.6216837E-02
+3.9987988E+00,+1.6229259E-02
+4.0047545E+00,+1.6241672E-02
+4.0107107E+00,+1.6254079E-02
+4.0166669E+00,+1.6266478E-02
+4.0226226E+00,+1.6278870E-02
+4.0285788E+00,+1.6291255E-02
+4.0345345E+00,+1.6303632E-02
+4.0404906E+00,+1.6316002E-02
+4.0464463E+00,+1.6328365E-02
+4.0524025E+00,+1.6340720E-02
+4.0583582E+00,+1.6353067E-02
+4.0643144E+00,+1.6365409E-02
+4.0702701E+00,+1.6377741E-02
+4.0750842E+00,+1.6387703E-02
+4.0762262E+00,+1.6390067E-02
+4.0821824E+00,+1.6402384E-02
+4.0881381E+00,+1.6414694E-02
+4.0940943E+00,+1.6426997E-02
+4.1000500E+00,+1.6439293E-02
+4.1060061E+00,+1.6451580E-02
+4.1119618E+00,+1.6463861E-02
+4.1179180E+00,+1.6476134E-02
+4.1238737E+00,+1.6488397E-02
+4.1298299E+00,+1.6500656E-02
+4.1357856E+00,+1.6512906E-02
+4.1417418E+00,+1.6525149E-02
+4.1476979E+00,+1.6537385E-02
+4.1536536E+00,+1.6549611E-02
+4.1596098E+00,+1.6561832E-02
+4.1655655E+00,+1.6574044E-02
+4.1715217E+00,+1.6586250E-02
+4.1774774E+00,+1.6598446E-02
+4.1834335E+00,+1.6610637E-02
+4.1893892E+00,+1.6622819E-02
+4.1953454E+00,+1.6634993E-02
+4.2013011E+00,+1.6647160E-02
+4.2072573E+00,+1.6659319E-02
+4.2132134E+00,+1.6671471E-02
+4.2191691E+00,+1.6683616E-02
+4.2251253E+00,+1.6695751E-02
+4.2310810E+00,+1.6707880E-02
+4.2370372E+00,+1.6720001E-02
+4.2429929E+00,+1.6732115E-02
+4.2489491E+00,+1.6744221E-02
+4.2549047E+00,+1.6756319E-02
+4.2608609E+00,+1.6768409E-02
+4.2668166E+00,+1.6780492E-02
+4.2727728E+00,+1.6792567E-02
+4.2769918E+00,+1.6801117E-02
+4.2787290E+00,+1.6804634E-02
+4.2846847E+00,+1.6816694E-02
+4.2906408E+00,+1.6828746E-02
+4.2965965E+00,+1.6840789E-02
+4.3025527E+00,+1.6852826E-02
+4.3085084E+00,+1.6864855E-02
+4.3144646E+00,+1.6876876E-02
+4.3204203E+00,+1.6888889E-02
+4.3263764E+00,+1.6900895E-02
+4.3323321E+00,+1.6912892E-02
+4.3382883E+00,+1.6924882E-02
+4.3442445E+00,+1.6936865E-02
+4.3502002E+00,+1.6948838E-02
+4.3561563E+00,+1.6960805E-02
+4.3621120E+00,+1.6972763E-02
+4.3680682E+00,+1.6984714E-02
+4.3740239E+00,+1.6996657E-02
+4.3799801E+00,+1.7008591E-02
+4.3859358E+00,+1.7020520E-02
+4.3918920E+00,+1.7032439E-02
+4.3978477E+00,+1.7044351E-02
+4.4038038E+00,+1.7056255E-02
+4.4097595E+00,+1.7068150E-02
+4.4157157E+00,+1.7080037E-02
+4.4216719E+00,+1.7091917E-02
+4.4276276E+00,+1.7103789E-02
+4.4335837E+00,+1.7115654E-02
+4.4395394E+00,+1.7127510E-02
+4.4454956E+00,+1.7139358E-02
+4.4514513E+00,+1.7151199E-02
+4.4574075E+00,+1.7163031E-02
+4.4633632E+00,+1.7174855E-02
+4.4693193E+00,+1.7186671E-02
+4.4752750E+00,+1.7198481E-02
+4.4812312E+00,+1.7210281E-02
+4.4871874E+00,+1.7222073E-02
+4.4889035E+00,+1.7225470E-02
+4.4931431E+00,+1.7233858E-02
+4.4990993E+00,+1.7245635E-02
+4.5050550E+00,+1.7257404E-02
+4.5110111E+00,+1.7269164E-02
+4.5169668E+00,+1.7280918E-02
+4.5229230E+00,+1.7292662E-02
+4.5288787E+00,+1.7304398E-02
+4.5348349E+00,+1.7316127E-02
+4.5407906E+00,+1.7327847E-02
+4.5467467E+00,+1.7339559E-02
+4.5527029E+00,+1.7351264E-02
+4.5586586E+00,+1.7362960E-02
+4.5646148E+00,+1.7374648E-02
+4.5705705E+00,+1.7386328E-02
+4.5765266E+00,+1.7398000E-02
+4.5824823E+00,+1.7409664E-02
+4.5884385E+00,+1.7421320E-02
+4.5943942E+00,+1.7432967E-02
+4.6003504E+00,+1.7444607E-02
+4.6063061E+00,+1.7456239E-02
+4.6122622E+00,+1.7467862E-02
+4.6182184E+00,+1.7479477E-02
+4.6241741E+00,+1.7491084E-02
+4.6301303E+00,+1.7502682E-02
+4.6360860E+00,+1.7514274E-02
+4.6420422E+00,+1.7525855E-02
+4.6479979E+00,+1.7537430E-02
+4.6539540E+00,+1.7548995E-02
+4.6599097E+00,+1.7560553E-02
+4.6658659E+00,+1.7572103E-02
+4.6718216E+00,+1.7583644E-02
+4.6777778E+00,+1.7595178E-02
+4.6837339E+00,+1.7606704E-02
+4.6896896E+00,+1.7618220E-02
+4.6956458E+00,+1.7629728E-02
+4.7016015E+00,+1.7641228E-02
+4.7075577E+00,+1.7652720E-02
+4.7113147E+00,+1.7659966E-02
+4.7135134E+00,+1.7664203E-02
+4.7194695E+00,+1.7675679E-02
+4.7254252E+00,+1.7687147E-02
+4.7313814E+00,+1.7698606E-02
+4.7373371E+00,+1.7710056E-02
+4.7432933E+00,+1.7721498E-02
+4.7492495E+00,+1.7732933E-02
+4.7552052E+00,+1.7744359E-02
+4.7611613E+00,+1.7755777E-02
+4.7671170E+00,+1.7767185E-02
+4.7730732E+00,+1.7778587E-02
+4.7790289E+00,+1.7789979E-02
+4.7849851E+00,+1.7801363E-02
+4.7909408E+00,+1.7812738E-02
+4.7968969E+00,+1.7824106E-02
+4.8028526E+00,+1.7835464E-02
+4.8088088E+00,+1.7846815E-02
+4.8147650E+00,+1.7858157E-02
+4.8207207E+00,+1.7869491E-02
+4.8266768E+00,+1.7880816E-02
+4.8326325E+00,+1.7892133E-02
+4.8385887E+00,+1.7903442E-02
+4.8445444E+00,+1.7914742E-02
+4.8505006E+00,+1.7926034E-02
+4.8564563E+00,+1.7937317E-02
+4.8624125E+00,+1.7948592E-02
+4.8683681E+00,+1.7959859E-02
+4.8743243E+00,+1.7971117E-02
+4.8802805E+00,+1.7982367E-02
+4.8862362E+00,+1.7993608E-02
+4.8921924E+00,+1.8004842E-02
+4.8981481E+00,+1.8016066E-02
+4.9041042E+00,+1.8027281E-02
+4.9100599E+00,+1.8038489E-02
+4.9160161E+00,+1.8049687E-02
+4.9219718E+00,+1.8060878E-02
+4.9279280E+00,+1.8072059E-02
+4.9338837E+00,+1.8083233E-02
+4.9398398E+00,+1.8094398E-02
+4.9447455E+00,+1.8103587E-02
+4.9457960E+00,+1.8105555E-02
+4.9517517E+00,+1.8116701E-02
+4.9577079E+00,+1.8127842E-02
+4.9636636E+00,+1.8138973E-02
+4.9696198E+00,+1.8150095E-02
+4.9755754E+00,+1.8161209E-02
+4.9815316E+00,+1.8172314E-02
+4.9874873E+00,+1.8183410E-02
+4.9934435E+00,+1.8194498E-02
+4.9993992E+00,+1.8205578E-02
+5.0053554E+00,+1.8216649E-02
+5.0113115E+00,+1.8227711E-02
+5.0172672E+00,+1.8238764E-02
+5.0232234E+00,+1.8249810E-02
+5.0291791E+00,+1.8260846E-02
+5.0351353E+00,+1.8271875E-02
+5.0410910E+00,+1.8282894E-02
+5.0470471E+00,+1.8293904E-02
+5.0530028E+00,+1.8304907E-02
+5.0589590E+00,+1.8315900E-02
+5.0649147E+00,+1.8326886E-02
+5.0708709E+00,+1.8337863E-02
+5.0768270E+00,+1.8348830E-02
+5.0827827E+00,+1.8359788E-02
+5.0887389E+00,+1.8370738E-02
+5.0946946E+00,+1.8381681E-02
+5.1006508E+00,+1.8392613E-02
+5.1066065E+00,+1.8403538E-02
+5.1125627E+00,+1.8414455E-02
+5.1185184E+00,+1.8425360E-02
+5.1244745E+00,+1.8436261E-02
+5.1304302E+00,+1.8447150E-02
+5.1363864E+00,+1.8458031E-02
+5.1423426E+00,+1.8468903E-02
+5.1482983E+00,+1.8479766E-02
+5.1542544E+00,+1.8490622E-02
+5.1602101E+00,+1.8501468E-02
+5.1661663E+00,+1.8512307E-02
+5.1721220E+00,+1.8523134E-02
+5.1780782E+00,+1.8533954E-02
+5.1840339E+00,+1.8544767E-02
+5.1897421E+00,+1.8555120E-02
+5.1899900E+00,+1.8555569E-02
+5.1959457E+00,+1.8566363E-02
+5.2019019E+00,+1.8577149E-02
+5.2078581E+00,+1.8587925E-02
+5.2138138E+00,+1.8598692E-02
+5.2197700E+00,+1.8609453E-02
+5.2257257E+00,+1.8620202E-02
+5.2316818E+00,+1.8630944E-02
+5.2376375E+00,+1.8641677E-02
+5.2435937E+00,+1.8652402E-02
+5.2495494E+00,+1.8663118E-02
+5.2555056E+00,+1.8673824E-02
+5.2614613E+00,+1.8684521E-02
+5.2674174E+00,+1.8695211E-02
+5.2733736E+00,+1.8705891E-02
+5.2793293E+00,+1.8716563E-02
+5.2852855E+00,+1.8727224E-02
+5.2912412E+00,+1.8737879E-02
+5.2971973E+00,+1.8748524E-02
+5.3031530E+00,+1.8759161E-02
+5.3091092E+00,+1.8769788E-02
+5.3150649E+00,+1.8780407E-02
+5.3210211E+00,+1.8791018E-02
+5.3269768E+00,+1.8801618E-02
+5.3329329E+00,+1.8812211E-02
+5.3388891E+00,+1.8822795E-02
+5.3448448E+00,+1.8833369E-02
+5.3508010E+00,+1.8843936E-02
+5.3567567E+00,+1.8854491E-02
+5.3627129E+00,+1.8865040E-02
+5.3686686E+00,+1.8875580E-02
+5.3746247E+00,+1.8886110E-02
+5.3805804E+00,+1.8896632E-02
+5.3865366E+00,+1.8907145E-02
+5.3924923E+00,+1.8917650E-02
+5.3984485E+00,+1.8928144E-02
+5.4044046E+00,+1.8938631E-02
+5.4103603E+00,+1.8949108E-02
+5.4163165E+00,+1.8959578E-02
+5.4222722E+00,+1.8970037E-02
+5.4282284E+00,+1.8980488E-02
+5.4341841E+00,+1.8990930E-02
+5.4401402E+00,+1.9001365E-02
+5.4460959E+00,+1.9011788E-02
+5.4468775E+00,+1.9013155E-02
+5.4520521E+00,+1.9022204E-02
+5.4580078E+00,+1.9032611E-02
+5.4639640E+00,+1.9043008E-02
+5.4699197E+00,+1.9053398E-02
+5.4758759E+00,+1.9063778E-02
+5.4818320E+00,+1.9074149E-02
+5.4877877E+00,+1.9084511E-02
+5.4937439E+00,+1.9094864E-02
+5.4996996E+00,+1.9105209E-02
+5.5056558E+00,+1.9115545E-02
+5.5116115E+00,+1.9125871E-02
+5.5175676E+00,+1.9136189E-02
+5.5235233E+00,+1.9146498E-02
+5.5294795E+00,+1.9156799E-02
+5.5354352E+00,+1.9167090E-02
+5.5413914E+00,+1.9177372E-02
+5.5473475E+00,+1.9187646E-02
+5.5533032E+00,+1.9197909E-02
+5.5592594E+00,+1.9208165E-02
+5.5652151E+00,+1.9218411E-02
+5.5711713E+00,+1.9228650E-02
+5.5771270E+00,+1.9238878E-02
+5.5830832E+00,+1.9249098E-02
+5.5890388E+00,+1.9259309E-02
+5.5949950E+00,+1.9269511E-02
+5.6009507E+00,+1.9279705E-02
+5.6069069E+00,+1.9289890E-02
+5.6128631E+00,+1.9300064E-02
+5.6188188E+00,+1.9310232E-02
+5.6247749E+00,+1.9320389E-02
+5.6307306E+00,+1.9330537E-02
+5.6366868E+00,+1.9340677E-02
+5.6426425E+00,+1.9350808E-02
+5.6485987E+00,+1.9360930E-02
+5.6545544E+00,+1.9371042E-02
+5.6605105E+00,+1.9381147E-02
+5.6664662E+00,+1.9391242E-02
+5.6724224E+00,+1.9401329E-02
+5.6783786E+00,+1.9411406E-02
+5.6843343E+00,+1.9421473E-02
+5.6902905E+00,+1.9431533E-02
+5.6962461E+00,+1.9441582E-02
+5.7022023E+00,+1.9451624E-02
+5.7081580E+00,+1.9461656E-02
+5.7141142E+00,+1.9471681E-02
+5.7167530E+00,+1.9476119E-02
+5.7200699E+00,+1.9481694E-02
+5.7260261E+00,+1.9491700E-02
+5.7319818E+00,+1.9501697E-02
+5.7379379E+00,+1.9511685E-02
+5.7438941E+00,+1.9521665E-02
+5.7498498E+00,+1.9531634E-02
+5.7558060E+00,+1.9541595E-02
+5.7617617E+00,+1.9551547E-02
+5.7677178E+00,+1.9561490E-02
+5.7736735E+00,+1.9571424E-02
+5.7796297E+00,+1.9581350E-02
+5.7855854E+00,+1.9591266E-02
+5.7915416E+00,+1.9601174E-02
+5.7974973E+00,+1.9611072E-02
+5.8034534E+00,+1.9620961E-02
+5.8094096E+00,+1.9630842E-02
+5.8153653E+00,+1.9640712E-02
+5.8213215E+00,+1.9650575E-02
+5.8272772E+00,+1.9660430E-02
+5.8332334E+00,+1.9670274E-02
+5.8391891E+00,+1.9680109E-02
+5.8451452E+00,+1.9689936E-02
+5.8511009E+00,+1.9699754E-02
+5.8570571E+00,+1.9709563E-02
+5.8630128E+00,+1.9719362E-02
+5.8689690E+00,+1.9729154E-02
+5.8749251E+00,+1.9738937E-02
+5.8808808E+00,+1.9748710E-02
+5.8868370E+00,+1.9758474E-02
+5.8927927E+00,+1.9768229E-02
+5.8987489E+00,+1.9777976E-02
+5.9047046E+00,+1.9787712E-02
+5.9106607E+00,+1.9797441E-02
+5.9166164E+00,+1.9807160E-02
+5.9225726E+00,+1.9816870E-02
+5.9285283E+00,+1.9826572E-02
+5.9344845E+00,+1.9836266E-02
+5.9404407E+00,+1.9845949E-02
+5.9463964E+00,+1.9855624E-02
+5.9523525E+00,+1.9865289E-02
+5.9583082E+00,+1.9874945E-02
+5.9642644E+00,+1.9884594E-02
+5.9702201E+00,+1.9894233E-02
+5.9761763E+00,+1.9903863E-02
+5.9821320E+00,+1.9913483E-02
+5.9880881E+00,+1.9923097E-02
+5.9940438E+00,+1.9932700E-02
+6.0000000E+00,+1.9942293E-02
