+5.0000001E-02,+1.8198758E-03
+5.5955958E-02,+1.9252179E-03
+6.1911911E-02,+2.0250878E-03
+6.7867868E-02,+2.1202588E-03
+7.3823825E-02,+2.2113374E-03
+7.9779781E-02,+2.2988105E-03
+8.5735738E-02,+2.3830747E-03
+9.1691695E-02,+2.4644597E-03
+9.7647645E-02,+2.5432417E-03
+1.0360360E-01,+2.6196553E-03
+1.0955956E-01,+2.6939025E-03
+1.1551552E-01,+2.7661575E-03
+1.2147147E-01,+2.8365725E-03
+1.2742743E-01,+2.9052813E-03
+1.3338338E-01,+2.9724024E-03
+1.3933934E-01,+3.0380408E-03
+1.4529529E-01,+3.1022909E-03
+1.5125126E-01,+3.1652369E-03
+1.5720721E-01,+3.2269554E-03
+1.6316317E-01,+3.2875154E-03
+1.6911912E-01,+3.3469799E-03
+1.7507507E-01,+3.4054059E-03
+1.8103103E-01,+3.4628466E-03
+1.8698698E-01,+3.5193497E-03
+1.9294295E-01,+3.5749599E-03
+1.9889890E-01,+3.6297184E-03
+2.0485486E-01,+3.6836627E-03
+2.1081081E-01,+3.7368287E-03
+2.1676676E-01,+3.7892484E-03
+2.2272272E-01,+3.8409531E-03
+2.2867867E-01,+3.8919707E-03
+2.3463464E-01,+3.9423285E-03
+2.4059059E-01,+3.9920509E-03
+2.4654655E-01,+4.0411614E-03
+2.5250250E-01,+4.0896824E-03
+2.5845847E-01,+4.1376343E-03
+2.6441440E-01,+4.1850372E-03
+2.7037036E-01,+4.2319088E-03
+2.7632633E-01,+4.2782668E-03
+2.8228229E-01,+4.3241279E-03
+2.8823823E-01,+4.3695080E-03
+2.9419419E-01,+4.4144215E-03
+3.0015016E-01,+4.4588824E-03
+3.0610612E-01,+4.5029046E-03
+3.1206205E-01,+4.5465003E-03
+3.1801802E-01,+4.5896820E-03
+3.2397398E-01,+4.6324614E-03
+3.2992992E-01,+4.6748491E-03
+3.3588588E-01,+4.7168559E-03
+3.4184185E-01,+4.7584921E-03
+3.4779781E-01,+4.7997669E-03
+3.5375375E-01,+4.8406902E-03
+3.5970971E-01,+4.8812698E-03
+3.6566567E-01,+4.9215150E-03
+3.7162161E-01,+4.9614343E-03
+3.7757757E-01,+5.0010341E-03
+3.8353354E-01,+5.0403234E-03
+3.8948950E-01,+5.0793085E-03
+3.9544544E-01,+5.1179971E-03
+4.0140140E-01,+5.1563950E-03
+4.0735736E-01,+5.1945094E-03
+4.1331330E-01,+5.2323458E-03
+4.1926926E-01,+5.2699107E-03
+4.2522523E-01,+5.3072097E-03
+4.3118119E-01,+5.3442484E-03
+4.3713713E-01,+5.3810324E-03
+4.4309309E-01,+5.4175663E-03
+4.4904906E-01,+5.4538557E-03
+4.5500502E-01,+5.4899049E-03
+4.6096095E-01,+5.5257194E-03
+4.6691692E-01,+5.5613029E-03
+4.7287288E-01,+5.5966601E-03
+4.7882882E-01,+5.6317956E-03
+4.8478478E-01,+5.6667132E-03
+4.9074075E-01,+5.7014166E-03
+4.9669671E-01,+5.7359105E-03
+5.0265265E-01,+5.7701981E-03
+5.0860858E-01,+5.8042831E-03
+5.1456457E-01,+5.8381693E-03
+5.2052051E-01,+5.8718598E-03
+5.2647650E-01,+5.9053581E-03
+5.3243244E-01,+5.9386673E-03
+5.3838837E-01,+5.9717908E-03
+5.4434437E-01,+6.0047316E-03
+5.5030030E-01,+6.0374928E-03
+5.5625623E-01,+6.0700770E-03
+5.6221223E-01,+6.1024870E-03
+5.6816816E-01,+6.1347261E-03
+5.7412410E-01,+6.1667967E-03
+5.8008009E-01,+6.1987014E-03
+5.8603603E-01,+6.2304428E-03
+5.9199202E-01,+6.2620230E-03
+5.9794796E-01,+6.2934449E-03
+6.0390389E-01,+6.3247108E-03
+6.0985988E-01,+6.3558226E-03
+6.1581582E-01,+6.3867830E-03
+6.2177175E-01,+6.4175939E-03
+6.2772775E-01,+6.4482577E-03
+6.3368368E-01,+6.4787767E-03
+6.3963962E-01,+6.5091522E-03
+6.4559561E-01,+6.5393867E-03
+6.5155154E-01,+6.5694819E-03
+6.5750748E-01,+6.5994402E-03
+6.6346347E-01,+6.6292631E-03
+6.6941941E-01,+6.6589522E-03
+6.7537540E-01,+6.6885096E-03
+6.8133134E-01,+6.7179371E-03
+6.8728727E-01,+6.7472360E-03
+6.9324327E-01,+6.7764083E-03
+6.9919920E-01,+6.8054553E-03
+7.0515513E-01,+6.8343794E-03
+7.1111113E-01,+6.8631815E-03
+7.1706706E-01,+6.8918630E-03
+7.2302300E-01,+6.9204257E-03
+7.2897899E-01,+6.9488711E-03
+7.3493493E-01,+6.9772000E-03
+7.4089092E-01,+7.0054149E-03
+7.4684685E-01,+7.0335167E-03
+7.5280279E-01,+7.0615062E-03
+7.5875878E-01,+7.0893858E-03
+7.6471472E-01,+7.1171555E-03
+7.7067065E-01,+7.1448176E-03
+7.7662665E-01,+7.1723731E-03
+7.8258258E-01,+7.1998229E-03
+7.8853852E-01,+7.2271689E-03
+7.9449451E-01,+7.2544115E-03
+8.0045044E-01,+7.2815521E-03
+8.0640638E-01,+7.3085921E-03
+8.1236237E-01,+7.3355325E-03
+8.1831831E-01,+7.3623741E-03
+8.2427430E-01,+7.3891180E-03
+8.3023024E-01,+7.4157659E-03
+8.3618617E-01,+7.4423184E-03
+8.4214216E-01,+7.4687763E-03
+8.4809810E-01,+7.4951407E-03
+8.5405403E-01,+7.5214128E-03
+8.6001003E-01,+7.5475932E-03
+8.6596596E-01,+7.5736833E-03
+8.7192190E-01,+7.5996839E-03
+8.7787789E-01,+7.6255961E-03
+8.8383383E-01,+7.6514203E-03
+8.8978976E-01,+7.6771574E-03
+8.9574575E-01,+7.7028088E-03
+9.0170169E-01,+7.7283750E-03
+9.0765768E-01,+7.7538569E-03
+9.1361362E-01,+7.7792550E-03
+9.1956955E-01,+7.8045712E-03
+9.2552555E-01,+7.8298049E-03
+9.3148148E-01,+7.8549581E-03
+9.3743742E-01,+7.8800302E-03
+9.4339341E-01,+7.9050232E-03
+9.4934934E-01,+7.9299379E-03
+9.5530528E-01,+7.9547735E-03
+9.6126127E-01,+7.9795327E-03
+9.6721721E-01,+8.0042146E-03
+9.7317320E-01,+8.0288211E-03
+9.7912914E-01,+8.0533531E-03
+9.8508507E-01,+8.0778096E-03
+9.9104106E-01,+8.1021925E-03
+9.9699700E-01,+8.1265019E-03
+1.0029529E+00,+8.1507396E-03
+1.0089089E+00,+8.1749046E-03
+1.0148649E+00,+8.1989989E-03
+1.0208209E+00,+8.2230233E-03
+1.0267768E+00,+8.2469769E-03
+1.0327327E+00,+8.2708606E-03
+1.0386887E+00,+8.2946764E-03
+1.0446446E+00,+8.3184233E-03
+1.0506006E+00,+8.3421031E-03
+1.0565566E+00,+8.3657159E-03
+1.0625125E+00,+8.3892625E-03
+1.0684685E+00,+8.4127421E-03
+1.0744244E+00,+8.4361574E-03
+1.0803804E+00,+8.4595075E-03
+1.0863364E+00,+8.4827933E-03
+1.0922923E+00,+8.5060159E-03
+1.0982482E+00,+8.5291741E-03
+1.1042042E+00,+8.5522709E-03
+1.1101601E+00,+8.5753044E-03
+1.1161162E+00,+8.5982773E-03
+1.1220721E+00,+8.6211879E-03
+1.1280280E+00,+8.6440379E-03
+1.1339840E+00,+8.6668283E-03
+1.1399399E+00,+8.6895591E-03
+1.1458958E+00,+8.7122293E-03
+1.1518519E+00,+8.7348418E-03
+1.1578078E+00,+8.7573957E-03
+1.1637638E+00,+8.7798918E-03
+1.1697197E+00,+8.8023301E-03
+1.1756756E+00,+8.8247117E-03
+1.1816317E+00,+8.8470364E-03
+1.1875876E+00,+8.8693043E-03
+1.1935436E+00,+8.8915173E-03
+1.1994995E+00,+8.9136744E-03
+1.2054554E+00,+8.9357765E-03
+1.2114114E+00,+8.9578247E-03
+1.2173674E+00,+8.9798188E-03
+1.2233233E+00,+9.0017589E-03
+1.2292793E+00,+9.0236450E-03
+1.2352352E+00,+9.0454789E-03
+1.2411911E+00,+9.0672607E-03
+1.2471472E+00,+9.0889893E-03
+1.2531031E+00,+9.1106659E-03
+1.2590591E+00,+9.1322921E-03
+1.2650150E+00,+9.1538662E-03
+1.2709709E+00,+9.1753900E-03
+1.2769269E+00,+9.1968635E-03
+1.2828829E+00,+9.2182877E-03
+1.2888389E+00,+9.2396615E-03
+1.2947948E+00,+9.2609860E-03
+1.3007507E+00,+9.2822611E-03
+1.3067067E+00,+9.3034878E-03
+1.3126627E+00,+9.3246661E-03
+1.3186187E+00,+9.3457969E-03
+1.3245746E+00,+9.3668802E-03
+1.3305305E+00,+9.3879150E-03
+1.3364865E+00,+9.4089033E-03
+1.3424424E+00,+9.4298450E-03
+1.3483984E+00,+9.4507411E-03
+1.3543544E+00,+9.4715897E-03
+1.3603103E+00,+9.4923936E-03
+1.3662663E+00,+9.5131518E-03
+1.3722222E+00,+9.5338644E-03
+1.3781781E+00,+9.5545324E-03
+1.3841342E+00,+9.5751556E-03
+1.3900901E+00,+9.5957341E-03
+1.3960460E+00,+9.6162688E-03
+1.4020020E+00,+9.6367607E-03
+1.4079579E+00,+9.6572079E-03
+1.4139140E+00,+9.6776122E-03
+1.4198699E+00,+9.6979737E-03
+1.4258258E+00,+9.7182924E-03
+1.4317818E+00,+9.7385691E-03
+1.4377377E+00,+9.7588040E-03
+1.4436936E+00,+9.7789960E-03
+1.4496497E+00,+9.7991470E-03
+1.4556056E+00,+9.8192561E-03
+1.4615616E+00,+9.8393252E-03
+1.4675175E+00,+9.8593524E-03
+1.4734734E+00,+9.8793395E-03
+1.4794295E+00,+9.8992856E-03
+1.4853854E+00,+9.9191926E-03
+1.4913414E+00,+9.9390587E-03
+1.4972973E+00,+9.9588856E-03
+1.5032532E+00,+9.9786734E-03
+1.5092092E+00,+9.9984221E-03
+1.5151652E+00,+1.0018132E-02
+1.5211211E+00,+1.0037802E-02
+1.5270771E+00,+1.0057434E-02
+1.5330330E+00,+1.0077029E-02
+1.5389889E+00,+1.0096584E-02
+1.5449450E+00,+1.0116103E-02
+1.5509009E+00,+1.0135584E-02
+1.5568569E+00,+1.0155027E-02
+1.5628128E+00,+1.0174433E-02
+1.5687687E+00,+1.0193802E-02
+1.5747247E+00,+1.0213135E-02
+1.5806807E+00,+1.0232431E-02
+1.5866367E+00,+1.0251691E-02
+1.5925926E+00,+1.0270914E-02
+1.5985485E+00,+1.0290101E-02
+1.6045045E+00,+1.0309253E-02
+1.6104605E+00,+1.0328369E-02
+1.6164165E+00,+1.0347451E-02
+1.6223724E+00,+1.0366497E-02
+1.6283283E+00,+1.0385508E-02
+1.6342843E+00,+1.0404483E-02
+1.6402402E+00,+1.0423426E-02
+1.6461962E+00,+1.0442333E-02
+1.6521522E+00,+1.0461207E-02
+1.6581081E+00,+1.0480045E-02
+1.6640640E+00,+1.0498851E-02
+1.6700200E+00,+1.0517622E-02
+1.6759759E+00,+1.0536361E-02
+1.6819320E+00,+1.0555066E-02
+1.6878879E+00,+1.0573738E-02
+1.6938438E+00,+1.0592377E-02
+1.6997998E+00,+1.0610983E-02
+1.7057557E+00,+1.0629557E-02
+1.7117118E+00,+1.0648098E-02
+1.7176677E+00,+1.0666607E-02
+1.7236236E+00,+1.0685084E-02
+1.7295796E+00,+1.0703529E-02
+1.7355355E+00,+1.0721943E-02
+1.7414914E+00,+1.0740325E-02
+1.7474475E+00,+1.0758676E-02
+1.7534034E+00,+1.0776995E-02
+1.7593594E+00,+1.0795282E-02
+1.7653153E+00,+1.0813540E-02
+1.7712712E+00,+1.0831766E-02
+1.7772273E+00,+1.0849962E-02
+1.7831832E+00,+1.0868127E-02
+1.7891392E+00,+1.0886262E-02
+1.7950951E+00,+1.0904367E-02
+1.8010510E+00,+1.0922442E-02
+1.8070070E+00,+1.0940487E-02
+1.8129630E+00,+1.0958502E-02
+1.8189189E+00,+1.0976488E-02
+1.8248749E+00,+1.0994445E-02
+1.8308308E+00,+1.1012372E-02
+1.8367867E+00,+1.1030269E-02
+1.8427428E+00,+1.1048138E-02
+1.8486987E+00,+1.1065979E-02
+1.8546547E+00,+1.1083789E-02
+1.8606106E+00,+1.1101572E-02
+1.8665665E+00,+1.1119327E-02
+1.8725225E+00,+1.1137052E-02
+1.8784785E+00,+1.1154750E-02
+1.8844345E+00,+1.1172420E-02
+1.8903904E+00,+1.1190061E-02
+1.8963463E+00,+1.1207676E-02
+1.9023023E+00,+1.1225263E-02
+1.9082582E+00,+1.1242822E-02
+1.9142143E+00,+1.1260353E-02
+1.9201702E+00,+1.1277857E-02
+1.9261261E+00,+1.1295334E-02
+1.9320821E+00,+1.1312785E-02
+1.9380380E+00,+1.1330208E-02
+1.9439940E+00,+1.1347605E-02
+1.9499500E+00,+1.1364975E-02
+1.9559059E+00,+1.1382318E-02
+1.9618618E+00,+1.1399635E-02
+1.9678178E+00,+1.1416926E-02
+1.9737737E+00,+1.1434191E-02
+1.9797298E+00,+1.1451429E-02
+1.9856857E+00,+1.1468641E-02
+1.9916416E+00,+1.1485829E-02
+1.9975976E+00,+1.1502990E-02
+2.0035536E+00,+1.1520126E-02
+2.0095096E+00,+1.1537236E-02
+2.0154655E+00,+1.1554320E-02
+2.0214214E+00,+1.1571380E-02
+2.0273774E+00,+1.1588415E-02
+2.0333333E+00,+1.1605425E-02
+2.0392892E+00,+1.1622409E-02
+2.0452452E+00,+1.1639369E-02
+2.0512011E+00,+1.1656304E-02
+2.0571570E+00,+1.1673215E-02
+2.0631132E+00,+1.1690101E-02
+2.0690691E+00,+1.1706962E-02
+2.0750251E+00,+1.1723801E-02
+2.0809810E+00,+1.1740614E-02
+2.0869370E+00,+1.1757403E-02
+2.0928929E+00,+1.1774168E-02
+2.0988488E+00,+1.1790910E-02
+2.1048048E+00,+1.1807628E-02
+2.1107607E+00,+1.1824322E-02
+2.1167166E+00,+1.1840993E-02
+2.1226726E+00,+1.1857640E-02
+2.1286287E+00,+1.1874264E-02
+2.1345847E+00,+1.1890864E-02
+2.1405406E+00,+1.1907442E-02
+2.1464965E+00,+1.1923996E-02
+2.1524525E+00,+1.1940528E-02
+2.1584084E+00,+1.1957036E-02
+2.1643643E+00,+1.1973523E-02
+2.1703203E+00,+1.1989986E-02
+2.1762762E+00,+1.2006426E-02
+2.1822321E+00,+1.2022845E-02
+2.1881881E+00,+1.2039240E-02
+2.1941442E+00,+1.2055613E-02
+2.2001002E+00,+1.2071964E-02
+2.2060561E+00,+1.2088294E-02
+2.2120121E+00,+1.2104601E-02
+2.2179680E+00,+1.2120886E-02
+2.2239239E+00,+1.2137149E-02
+2.2298799E+00,+1.2153391E-02
+2.2358358E+00,+1.2169611E-02
+2.2417917E+00,+1.2185809E-02
+2.2477477E+00,+1.2201986E-02
+2.2537036E+00,+1.2218141E-02
+2.2596598E+00,+1.2234275E-02
+2.2656157E+00,+1.2250388E-02
+2.2715716E+00,+1.2266480E-02
+2.2775276E+00,+1.2282550E-02
+2.2834835E+00,+1.2298600E-02
+2.2894394E+00,+1.2314629E-02
+2.2953954E+00,+1.2330636E-02
+2.3013513E+00,+1.2346623E-02
+2.3073072E+00,+1.2362590E-02
+2.3132632E+00,+1.2378535E-02
+2.3192191E+00,+1.2394461E-02
+2.3251753E+00,+1.2410366E-02
+2.3311312E+00,+1.2426250E-02
+2.3370872E+00,+1.2442115E-02
+2.3430431E+00,+1.2457958E-02
+2.3489990E+00,+1.2473783E-02
+2.3549550E+00,+1.2489586E-02
+2.3609109E+00,+1.2505370E-02
+2.3668668E+00,+1.2521134E-02
+2.3728228E+00,+1.2536878E-02
+2.3787787E+00,+1.2552602E-02
+2.3847346E+00,+1.2568307E-02
+2.3906908E+00,+1.2583992E-02
+2.3966467E+00,+1.2599657E-02
+2.4026027E+00,+1.2615304E-02
+2.4085586E+00,+1.2630930E-02
+2.4145145E+00,+1.2646538E-02
+2.4204705E+00,+1.2662126E-02
+2.4264264E+00,+1.2677695E-02
+2.4323823E+00,+1.2693245E-02
+2.4383383E+00,+1.2708776E-02
+2.4442942E+00,+1.2724288E-02
+2.4502501E+00,+1.2739781E-02
+2.4562063E+00,+1.2755255E-02
+2.4621623E+00,+1.2770711E-02
+2.4681182E+00,+1.2786147E-02
+2.4740741E+00,+1.2801565E-02
+2.4800301E+00,+1.2816966E-02
+2.4859860E+00,+1.2832346E-02
+2.4919419E+00,+1.2847709E-02
+2.4978979E+00,+1.2863054E-02
+2.5038538E+00,+1.2878380E-02
+2.5098097E+00,+1.2893688E-02
+2.5157657E+00,+1.2908977E-02
+2.5217218E+00,+1.2924249E-02
+2.5276778E+00,+1.2939502E-02
+2.5336337E+00,+1.2954738E-02
+2.5395896E+00,+1.2969956E-02
+2.5455456E+00,+1.2985156E-02
+2.5515015E+00,+1.3000338E-02
+2.5574574E+00,+1.3015503E-02
+2.5634134E+00,+1.3030649E-02
+2.5693693E+00,+1.3045778E-02
+2.5753253E+00,+1.3060890E-02
+2.5812812E+00,+1.3075985E-02
+2.5872371E+00,+1.3091061E-02
+2.5931933E+00,+1.3106121E-02
+2.5991492E+00,+1.3121163E-02
+2.6051052E+00,+1.3136188E-02
+2.6110611E+00,+1.3151196E-02
+2.6170170E+00,+1.3166186E-02
+2.6229730E+00,+1.3181160E-02
+2.6289289E+00,+1.3196117E-02
+2.6348848E+00,+1.3211057E-02
+2.6408408E+00,+1.3225980E-02
+2.6467967E+00,+1.3240886E-02
+2.6527526E+00,+1.3255775E-02
+2.6587088E+00,+1.3270647E-02
+2.6646647E+00,+1.3285504E-02
+2.6706207E+00,+1.3300342E-02
+2.6765766E+00,+1.3315165E-02
+2.6825325E+00,+1.3329972E-02
+2.6884885E+00,+1.3344762E-02
+2.6944444E+00,+1.3359535E-02
+2.7004004E+00,+1.3374292E-02
+2.7063563E+00,+1.3389033E-02
+2.7123122E+00,+1.3403758E-02
+2.7182682E+00,+1.3418467E-02
+2.7242243E+00,+1.3433159E-02
+2.7301803E+00,+1.3447836E-02
+2.7361362E+00,+1.3462496E-02
+2.7420921E+00,+1.3477140E-02
+2.7480481E+00,+1.3491769E-02
+2.7540040E+00,+1.3506382E-02
+2.7599599E+00,+1.3520978E-02
+2.7659159E+00,+1.3535560E-02
+2.7718718E+00,+1.3550125E-02
+2.7778277E+00,+1.3564675E-02
+2.7837837E+00,+1.3579209E-02
+2.7897398E+00,+1.3593729E-02
+2.7956958E+00,+1.3608231E-02
+2.8016517E+00,+1.3622719E-02
+2.8076077E+00,+1.3637192E-02
+2.8135636E+00,+1.3651649E-02
+2.8195195E+00,+1.3666091E-02
+2.8254755E+00,+1.3680517E-02
+2.8314314E+00,+1.3694928E-02
+2.8373873E+00,+1.3709324E-02
+2.8433433E+00,+1.3723706E-02
+2.8492992E+00,+1.3738072E-02
+2.8552554E+00,+1.3752422E-02
+2.8612113E+00,+1.3766759E-02
+2.8671672E+00,+1.3781080E-02
+2.8731232E+00,+1.3795386E-02
+2.8790791E+00,+1.3809677E-02
+2.8850350E+00,+1.3823954E-02
+2.8909910E+00,+1.3838216E-02
+2.8969469E+00,+1.3852463E-02
+2.9029028E+00,+1.3866696E-02
+2.9088588E+00,+1.3880914E-02
+2.9148147E+00,+1.3895118E-02
+2.9207709E+00,+1.3909306E-02
+2.9267268E+00,+1.3923481E-02
+2.9326828E+00,+1.3937641E-02
+2.9386387E+00,+1.3951787E-02
+2.9445946E+00,+1.3965918E-02
+2.9505506E+00,+1.3980036E-02
+2.9565065E+00,+1.3994138E-02
+2.9624624E+00,+1.4008227E-02
+2.9684184E+00,+1.4022301E-02
+2.9743743E+00,+1.4036362E-02
+2.9803302E+00,+1.4050408E-02
+2.9862864E+00,+1.4064441E-02
+2.9922423E+00,+1.4078459E-02
+2.9981983E+00,+1.4092463E-02
+3.0041542E+00,+1.4106453E-02
+3.0101101E+00,+1.4120431E-02
+3.0160661E+00,+1.4134393E-02
+3.0220220E+00,+1.4148342E-02
+3.0279779E+00,+1.4162278E-02
+3.0339339E+00,+1.4176199E-02
+3.0398898E+00,+1.4190107E-02
+3.0458457E+00,+1.4204001E-02
+3.0518019E+00,+1.4217881E-02
+3.0577579E+00,+1.4231749E-02
+3.0637138E+00,+1.4245602E-02
+3.0696697E+00,+1.4259443E-02
+3.0756257E+00,+1.4273270E-02
+3.0815816E+00,+1.4287083E-02
+3.0875375E+00,+1.4300884E-02
+3.0934935E+00,+1.4314670E-02
+3.0994494E+00,+1.4328443E-02
+3.1054053E+00,+1.4342204E-02
+3.1113613E+00,+1.4355951E-02
+3.1173172E+00,+1.4369685E-02
+3.1232734E+00,+1.4383405E-02
+3.1292293E+00,+1.4397114E-02
+3.1351852E+00,+1.4410808E-02
+3.1411412E+00,+1.4424490E-02
+3.1470971E+00,+1.4438159E-02
+3.1530530E+00,+1.4451815E-02
+3.1590090E+00,+1.4465458E-02
+3.1649649E+00,+1.4479088E-02
+3.1709208E+00,+1.4492705E-02
+3.1768768E+00,+1.4506309E-02
+3.1828327E+00,+1.4519901E-02
+3.1887889E+00,+1.4533480E-02
+3.1947448E+00,+1.4547046E-02
+3.2007008E+00,+1.4560600E-02
+3.2066567E+00,+1.4574141E-02
+3.2126126E+00,+1.4587670E-02
+3.2185686E+00,+1.4601186E-02
+3.2245245E+00,+1.4614689E-02
+3.2304804E+00,+1.4628180E-02
+3.2364364E+00,+1.4641658E-02
+3.2423923E+00,+1.4655125E-02
+3.2483482E+00,+1.4668579E-02
+3.2543044E+00,+1.4682020E-02
+3.2602603E+00,+1.4695450E-02
+3.2662163E+00,+1.4708866E-02
+3.2721722E+00,+1.4722271E-02
+3.2781281E+00,+1.4735663E-02
+3.2840841E+00,+1.4749044E-02
+3.2900400E+00,+1.4762413E-02
+3.2959960E+00,+1.4775769E-02
+3.3019519E+00,+1.4789113E-02
+3.3079078E+00,+1.4802445E-02
+3.3138638E+00,+1.4815765E-02
+3.3198199E+00,+1.4829073E-02
+3.3257759E+00,+1.4842369E-02
+3.3317318E+00,+1.4855653E-02
+3.3376877E+00,+1.4868925E-02
+3.3436437E+00,+1.4882186E-02
+3.3495996E+00,+1.4895434E-02
+3.3555555E+00,+1.4908672E-02
+3.3615115E+00,+1.4921897E-02
+3.3674674E+00,+1.4935111E-02
+3.3734233E+00,+1.4948312E-02
+3.3793793E+00,+1.4961503E-02
+3.3853354E+00,+1.4974682E-02
+3.3912914E+00,+1.4987848E-02
+3.3972473E+00,+1.5001004E-02
+3.4032032E+00,+1.5014147E-02
+3.4091592E+00,+1.5027280E-02
+3.4151151E+00,+1.5040401E-02
+3.4210711E+00,+1.5053511E-02
+3.4270270E+00,+1.5066609E-02
+3.4329829E+00,+1.5079695E-02
+3.4389389E+00,+1.5092771E-02
+3.4448948E+00,+1.5105834E-02
+3.4508510E+00,+1.5118888E-02
+3.4568069E+00,+1.5131929E-02
+3.4627628E+00,+1.5144959E-02
+3.4687188E+00,+1.5157978E-02
+3.4746747E+00,+1.5170986E-02
+3.4806306E+00,+1.5183983E-02
+3.4865866E+00,+1.5196969E-02
+3.4925425E+00,+1.5209943E-02
+3.4984984E+00,+1.5222907E-02
+3.5044544E+00,+1.5235859E-02
+3.5104103E+00,+1.5248801E-02
+3.5163665E+00,+1.5261731E-02
+3.5223224E+00,+1.5274650E-02
+3.5282784E+00,+1.5287559E-02
+3.5342343E+00,+1.5300457E-02
+3.5401902E+00,+1.5313344E-02
+3.5461462E+00,+1.5326220E-02
+3.5521021E+00,+1.5339085E-02
+3.5580580E+00,+1.5351940E-02
+3.5640140E+00,+1.5364783E-02
+3.5699699E+00,+1.5377617E-02
+3.5759258E+00,+1.5390439E-02
+3.5818820E+00,+1.5403250E-02
+3.5878379E+00,+1.5416051E-02
+3.5937939E+00,+1.5428841E-02
+3.5997498E+00,+1.5441622E-02
+3.6057057E+00,+1.5454390E-02
+3.6116617E+00,+1.5467149E-02
+3.6176176E+00,+1.5479897E-02
+3.6235735E+00,+1.5492635E-02
+3.6295295E+00,+1.5505362E-02
+3.6354854E+00,+1.5518079E-02
+3.6414413E+00,+1.5530785E-02
+3.6473973E+00,+1.5543480E-02
+3.6533535E+00,+1.5556166E-02
+3.6593094E+00,+1.5568841E-02
+3.6652653E+00,+1.5581506E-02
+3.6712213E+00,+1.5594161E-02
+3.6771772E+00,+1.5606806E-02
+3.6831331E+00,+1.5619440E-02
+3.6890891E+00,+1.5632063E-02
+3.6950450E+00,+1.5644677E-02
+3.7010009E+00,+1.5657282E-02
+3.7069569E+00,+1.5669875E-02
+3.7129128E+00,+1.5682457E-02
+3.7188690E+00,+1.5695030E-02
+3.7248249E+00,+1.5707593E-02
+3.7307808E+00,+1.5720148E-02
+3.7367368E+00,+1.5732691E-02
+3.7426927E+00,+1.5745223E-02
+3.7486486E+00,+1.5757747E-02
+3.7546046E+00,+1.5770260E-02
+3.7605605E+00,+1.5782762E-02
+3.7665164E+00,+1.5795257E-02
+3.7724724E+00,+1.5807740E-02
+3.7784283E+00,+1.5820213E-02
+3.7843845E+00,+1.5832677E-02
+3.7903404E+00,+1.5845131E-02
+3.7962964E+00,+1.5857575E-02
+3.8022523E+00,+1.5870010E-02
+3.8082082E+00,+1.5882434E-02
+3.8141642E+00,+1.5894851E-02
+3.8201201E+00,+1.5907256E-02
+3.8260760E+00,+1.5919650E-02
+3.8320320E+00,+1.5932037E-02
+3.8379879E+00,+1.5944414E-02
+3.8439438E+00,+1.5956780E-02
+3.8499000E+00,+1.5969137E-02
+3.8558559E+00,+1.5981484E-02
+3.8618119E+00,+1.5993822E-02
+3.8677678E+00,+1.6006151E-02
+3.8737237E+00,+1.6018471E-02
+3.8796797E+00,+1.6030781E-02
+3.8856356E+00,+1.6043082E-02
+3.8915915E+00,+1.6055372E-02
+3.8975475E+00,+1.6067654E-02
+3.9035034E+00,+1.6079925E-02
+3.9094594E+00,+1.6092189E-02
+3.9154155E+00,+1.6104441E-02
+3.9213715E+00,+1.6116686E-02
+3.9273274E+00,+1.6128920E-02
+3.9332833E+00,+1.6141146E-02
+3.9392393E+00,+1.6153362E-02
+3.9451952E+00,+1.6165569E-02
+3.9511511E+00,+1.6177766E-02
+3.9571071E+00,+1.6189955E-02
+3.9630630E+00,+1.6202135E-02
+3.9690189E+00,+1.6214306E-02
+3.9749749E+00,+1.6226465E-02
+3.9809310E+00,+1.6238619E-02
+3.9868870E+00,+1.6250761E-02
+3.9928429E+00,+1.6262894E-02
+3.9987988E+00,+1.6275020E-02
+4.0047545E+00,+1.6287135E-02
+4.0107107E+00,+1.6299242E-02
+4.0166669E+00,+1.6311340E-02
+4.0226226E+00,+1.6323429E-02
+4.0285788E+00,+1.6335508E-02
+4.0345345E+00,+1.6347580E-02
+4.0404906E+00,+1.6359642E-02
+4.0464463E+00,+1.6371695E-02
+4.0524025E+00,+1.6383739E-02
+4.0583582E+00,+1.6395774E-02
+4.0643144E+00,+1.6407801E-02
+4.0702701E+00,+1.6419819E-02
+4.0762262E+00,+1.6431827E-02
+4.0821824E+00,+1.6443828E-02
+4.0881381E+00,+1.6455820E-02
+4.0940943E+00,+1.6467802E-02
+4.1000500E+00,+1.6479777E-02
+4.1060061E+00,+1.6491743E-02
+4.1119618E+00,+1.6503699E-02
+4.1179180E+00,+1.6515646E-02
+4.1238737E+00,+1.6527586E-02
+4.1298299E+00,+1.6539516E-02
+4.1357856E+00,+1.6551439E-02
+4.1417418E+00,+1.6563352E-02
+4.1476979E+00,+1.6575258E-02
+4.1536536E+00,+1.6587155E-02
+4.1596098E+00,+1.6599042E-02
+4.1655655E+00,+1.6610922E-02
+4.1715217E+00,+1.6622793E-02
+4.1774774E+00,+1.6634654E-02
+4.1834335E+00,+1.6646508E-02
+4.1893892E+00,+1.6658355E-02
+4.1953454E+00,+1.6670192E-02
+4.2013011E+00,+1.6682021E-02
+4.2072573E+00,+1.6693842E-02
+4.2132134E+00,+1.6705653E-02
+4.2191691E+00,+1.6717456E-02
+4.2251253E+00,+1.6729252E-02
+4.2310810E+00,+1.6741039E-02
+4.2370372E+00,+1.6752819E-02
+4.2429929E+00,+1.6764589E-02
+4.2489491E+00,+1.6776351E-02
+4.2549047E+00,+1.6788105E-02
+4.2608609E+00,+1.6799850E-02
+4.2668166E+00,+1.6811589E-02
+4.2727728E+00,+1.6823318E-02
+4.2787290E+00,+1.6835039E-02
+4.2846847E+00,+1.6846752E-02
+4.2906408E+00,+1.6858457E-02
+4.2965965E+00,+1.6870154E-02
+4.3025527E+00,+1.6881842E-02
+4.3085084E+00,+1.6893523E-02
+4.3144646E+00,+1.6905196E-02
+4.3204203E+00,+1.6916860E-02
+4.3263764E+00,+1.6928516E-02
+4.3323321E+00,+1.6940165E-02
+4.3382883E+00,+1.6951805E-02
+4.3442445E+00,+1.6963437E-02
+4.3502002E+00,+1.6975062E-02
+4.3561563E+00,+1.6986677E-02
+4.3621120E+00,+1.6998287E-02
+4.3680682E+00,+1.7009888E-02
+4.3740239E+00,+1.7021481E-02
+4.3799801E+00,+1.7033065E-02
+4.3859358E+00,+1.7044641E-02
+4.3918920E+00,+1.7056212E-02
+4.3978477E+00,+1.7067771E-02
+4.4038038E+00,+1.7079325E-02
+4.4097595E+00,+1.7090872E-02
+4.4157157E+00,+1.7102409E-02
+4.4216719E+00,+1.7113939E-02
+4.4276276E+00,+1.7125461E-02
+4.4335837E+00,+1.7136976E-02
+4.4395394E+00,+1.7148484E-02
+4.4454956E+00,+1.7159982E-02
+4.4514513E+00,+1.7171474E-02
+4.4574075E+00,+1.7182957E-02
+4.4633632E+00,+1.7194433E-02
+4.4693193E+00,+1.7205901E-02
+4.4752750E+00,+1.7217362E-02
+4.4812312E+00,+1.7228816E-02
+4.4871874E+00,+1.7240262E-02
+4.4931431E+00,+1.7251698E-02
+4.4990993E+00,+1.7263129E-02
+4.5050550E+00,+1.7274551E-02
+4.5110111E+00,+1.7285967E-02
+4.5169668E+00,+1.7297374E-02
+4.5229230E+00,+1.7308775E-02
+4.5288787E+00,+1.7320167E-02
+4.5348349E+00,+1.7331554E-02
+4.5407906E+00,+1.7342931E-02
+4.5467467E+00,+1.7354300E-02
+4.5527029E+00,+1.7365664E-02
+4.5586586E+00,+1.7377019E-02
+4.5646148E+00,+1.7388366E-02
+4.5705705E+00,+1.7399708E-02
+4.5765266E+00,+1.7411040E-02
+4.5824823E+00,+1.7422367E-02
+4.5884385E+00,+1.7433684E-02
+4.5943942E+00,+1.7444996E-02
+4.6003504E+00,+1.7456301E-02
+4.6063061E+00,+1.7467596E-02
+4.6122622E+00,+1.7478885E-02
+4.6182184E+00,+1.7490167E-02
+4.6241741E+00,+1.7501442E-02
+4.6301303E+00,+1.7512709E-02
+4.6360860E+00,+1.7523969E-02
+4.6420422E+00,+1.7535223E-02
+4.6479979E+00,+1.7546467E-02
+4.6539540E+00,+1.7557707E-02
+4.6599097E+00,+1.7568938E-02
+4.6658659E+00,+1.7580161E-02
+4.6718216E+00,+1.7591378E-02
+4.6777778E+00,+1.7602589E-02
+4.6837339E+00,+1.7613791E-02
+4.6896896E+00,+1.7624987E-02
+4.6956458E+00,+1.7636174E-02
+4.7016015E+00,+1.7647356E-02
+4.7075577E+00,+1.7658530E-02
+4.7135134E+00,+1.7669698E-02
+4.7194695E+00,+1.7680857E-02
+4.7254252E+00,+1.7692011E-02
+4.7313814E+00,+1.7703157E-02
+4.7373371E+00,+1.7714296E-02
+4.7432933E+00,+1.7725429E-02
+4.7492495E+00,+1.7736552E-02
+4.7552052E+00,+1.7747670E-02
+4.7611613E+00,+1.7758783E-02
+4.7671170E+00,+1.7769886E-02
+4.7730732E+00,+1.7780984E-02
+4.7790289E+00,+1.7792074E-02
+4.7849851E+00,+1.7803157E-02
+4.7909408E+00,+1.7814234E-02
+4.7968969E+00,+1.7825304E-02
+4.8028526E+00,+1.7836366E-02
+4.8088088E+00,+1.7847423E-02
+4.8147650E+00,+1.7858472E-02
+4.8207207E+00,+1.7869513E-02
+4.8266768E+00,+1.7880550E-02
+4.8326325E+00,+1.7891577E-02
+4.8385887E+00,+1.7902600E-02
+4.8445444E+00,+1.7913613E-02
+4.8505006E+00,+1.7924622E-02
+4.8564563E+00,+1.7935624E-02
+4.8624125E+00,+1.7946620E-02
+4.8683681E+00,+1.7957607E-02
+4.8743243E+00,+1.7968588E-02
+4.8802805E+00,+1.7979562E-02
+4.8862362E+00,+1.7990531E-02
+4.8921924E+00,+1.8001491E-02
+4.8981481E+00,+1.8012445E-02
+4.9041042E+00,+1.8023394E-02
+4.9100599E+00,+1.8034335E-02
+4.9160161E+00,+1.8045271E-02
+4.9219718E+00,+1.8056197E-02
+4.9279280E+00,+1.8067120E-02
+4.9338837E+00,+1.8078035E-02
+4.9398398E+00,+1.8088942E-02
+4.9457960E+00,+1.8099844E-02
+4.9517517E+00,+1.8110739E-02
+4.9577079E+00,+1.8121628E-02
+4.9636636E+00,+1.8132510E-02
+4.9696198E+00,+1.8143386E-02
+4.9755754E+00,+1.8154254E-02
+4.9815316E+00,+1.8165117E-02
+4.9874873E+00,+1.8175973E-02
+4.9934435E+00,+1.8186823E-02
+4.9993992E+00,+1.8197665E-02
+5.0053554E+00,+1.8208502E-02
+5.0113115E+00,+1.8219331E-02
+5.0172672E+00,+1.8230155E-02
+5.0232234E+00,+1.8240971E-02
+5.0291791E+00,+1.8251782E-02
+5.0351353E+00,+1.8262587E-02
+5.0410910E+00,+1.8273385E-02
+5.0470471E+00,+1.8284177E-02
+5.0530028E+00,+1.8294962E-02
+5.0589590E+00,+1.8305741E-02
+5.0649147E+00,+1.8316513E-02
+5.0708709E+00,+1.8327281E-02
+5.0768270E+00,+1.8338040E-02
+5.0827827E+00,+1.8348794E-02
+5.0887389E+00,+1.8359540E-02
+5.0946946E+00,+1.8370282E-02
+5.1006508E+00,+1.8381016E-02
+5.1066065E+00,+1.8391745E-02
+5.1125627E+00,+1.8402467E-02
+5.1185184E+00,+1.8413184E-02
+5.1244745E+00,+1.8423893E-02
+5.1304302E+00,+1.8434597E-02
+5.1363864E+00,+1.8445294E-02
+5.1423426E+00,+1.8455986E-02
+5.1482983E+00,+1.8466670E-02
+5.1542544E+00,+1.8477349E-02
+5.1602101E+00,+1.8488022E-02
+5.1661663E+00,+1.8498687E-02
+5.1721220E+00,+1.8509349E-02
+5.1780782E+00,+1.8520003E-02
+5.1840339E+00,+1.8530650E-02
+5.1899900E+00,+1.8541291E-02
+5.1959457E+00,+1.8551929E-02
+5.2019019E+00,+1.8562557E-02
+5.2078581E+00,+1.8573182E-02
+5.2138138E+00,+1.8583799E-02
+5.2197700E+00,+1.8594410E-02
+5.2257257E+00,+1.8605016E-02
+5.2316818E+00,+1.8615615E-02
+5.2376375E+00,+1.8626209E-02
+5.2435937E+00,+1.8636797E-02
+5.2495494E+00,+1.8647376E-02
+5.2555056E+00,+1.8657953E-02
+5.2614613E+00,+1.8668521E-02
+5.2674174E+00,+1.8679086E-02
+5.2733736E+00,+1.8689644E-02
+5.2793293E+00,+1.8700194E-02
+5.2852855E+00,+1.8710740E-02
+5.2912412E+00,+1.8721279E-02
+5.2971973E+00,+1.8731812E-02
+5.3031530E+00,+1.8742340E-02
+5.3091092E+00,+1.8752862E-02
+5.3150649E+00,+1.8763378E-02
+5.3210211E+00,+1.8773887E-02
+5.3269768E+00,+1.8784393E-02
+5.3329329E+00,+1.8794890E-02
+5.3388891E+00,+1.8805383E-02
+5.3448448E+00,+1.8815869E-02
+5.3508010E+00,+1.8826351E-02
+5.3567567E+00,+1.8836824E-02
+5.3627129E+00,+1.8847294E-02
+5.3686686E+00,+1.8857757E-02
+5.3746247E+00,+1.8868215E-02
+5.3805804E+00,+1.8878667E-02
+5.3865366E+00,+1.8889112E-02
+5.3924923E+00,+1.8899553E-02
+5.3984485E+00,+1.8909987E-02
+5.4044046E+00,+1.8920414E-02
+5.4103603E+00,+1.8930838E-02
+5.4163165E+00,+1.8941255E-02
+5.4222722E+00,+1.8951666E-02
+5.4282284E+00,+1.8962072E-02
+5.4341841E+00,+1.8972471E-02
+5.4401402E+00,+1.8982867E-02
+5.4460959E+00,+1.8993255E-02
+5.4520521E+00,+1.9003637E-02
+5.4580078E+00,+1.9014014E-02
+5.4639640E+00,+1.9024387E-02
+5.4699197E+00,+1.9034753E-02
+5.4758759E+00,+1.9045113E-02
+5.4818320E+00,+1.9055467E-02
+5.4877877E+00,+1.9065816E-02
+5.4937439E+00,+1.9076159E-02
+5.4996996E+00,+1.9086497E-02
+5.5056558E+00,+1.9096829E-02
+5.5116115E+00,+1.9107156E-02
+5.5175676E+00,+1.9117476E-02
+5.5235233E+00,+1.9127792E-02
+5.5294795E+00,+1.9138101E-02
+5.5354352E+00,+1.9148406E-02
+5.5413914E+00,+1.9158704E-02
+5.5473475E+00,+1.9168999E-02
+5.5533032E+00,+1.9179286E-02
+5.5592594E+00,+1.9189568E-02
+5.5652151E+00,+1.9199844E-02
+5.5711713E+00,+1.9210117E-02
+5.5771270E+00,+1.9220382E-02
+5.5830832E+00,+1.9230641E-02
+5.5890388E+00,+1.9240897E-02
+5.5949950E+00,+1.9251145E-02
+5.6009507E+00,+1.9261390E-02
+5.6069069E+00,+1.9271629E-02
+5.6128631E+00,+1.9281860E-02
+5.6188188E+00,+1.9292088E-02
+5.6247749E+00,+1.9302310E-02
+5.6307306E+00,+1.9312527E-02
+5.6366868E+00,+1.9322740E-02
+5.6426425E+00,+1.9332945E-02
+5.6485987E+00,+1.9343145E-02
+5.6545544E+00,+1.9353341E-02
+5.6605105E+00,+1.9363530E-02
+5.6664662E+00,+1.9373715E-02
+5.6724224E+00,+1.9383894E-02
+5.6783786E+00,+1.9394068E-02
+5.6843343E+00,+1.9404236E-02
+5.6902905E+00,+1.9414399E-02
+5.6962461E+00,+1.9424556E-02
+5.7022023E+00,+1.9434709E-02
+5.7081580E+00,+1.9444857E-02
+5.7141142E+00,+1.9454999E-02
+5.7200699E+00,+1.9465135E-02
+5.7260261E+00,+1.9475266E-02
+5.7319818E+00,+1.9485392E-02
+5.7379379E+00,+1.9495513E-02
+5.7438941E+00,+1.9505627E-02
+5.7498498E+00,+1.9515738E-02
+5.7558060E+00,+1.9525843E-02
+5.7617617E+00,+1.9535944E-02
+5.7677178E+00,+1.9546038E-02
+5.7736735E+00,+1.9556127E-02
+5.7796297E+00,+1.9566212E-02
+5.7855854E+00,+1.9576291E-02
+5.7915416E+00,+1.9586364E-02
+5.7974973E+00,+1.9596433E-02
+5.8034534E+00,+1.9606497E-02
+5.8094096E+00,+1.9616555E-02
+5.8153653E+00,+1.9626608E-02
+5.8213215E+00,+1.9636655E-02
+5.8272772E+00,+1.9646699E-02
+5.8332334E+00,+1.9656736E-02
+5.8391891E+00,+1.9666769E-02
+5.8451452E+00,+1.9676797E-02
+5.8511009E+00,+1.9686818E-02
+5.8570571E+00,+1.9696835E-02
+5.8630128E+00,+1.9706849E-02
+5.8689690E+00,+1.9716855E-02
+5.8749251E+00,+1.9726858E-02
+5.8808808E+00,+1.9736854E-02
+5.8868370E+00,+1.9746846E-02
+5.8927927E+00,+1.9756833E-02
+5.8987489E+00,+1.9766815E-02
+5.9047046E+00,+1.9776791E-02
+5.9106607E+00,+1.9786764E-02
+5.9166164E+00,+1.9796729E-02
+5.9225726E+00,+1.9806691E-02
+5.9285283E+00,+1.9816648E-02
+5.9344845E+00,+1.9826600E-02
+5.9404407E+00,+1.9836547E-02
+5.9463964E+00,+1.9846488E-02
+5.9523525E+00,+1.9856425E-02
+5.9583082E+00,+1.9866357E-02
+5.9642644E+00,+1.9876283E-02
+5.9702201E+00,+1.9886205E-02
+5.9761763E+00,+1.9896122E-02
+5.9821320E+00,+1.9906035E-02
+5.9880881E+00,+1.9915940E-02
+5.9940438E+00,+1.9925844E-02
+6.0000000E+00,+1.9935740E-02
