+5.0000001E-02,+1.6088751E-03
+5.2477341E-02,+1.6760506E-03
+5.5077430E-02,+1.7449243E-03
+5.5955958E-02,+1.7678159E-03
+5.7806343E-02,+1.8154010E-03
+6.0670465E-02,+1.8873678E-03
+6.1911911E-02,+1.9179244E-03
+6.3676499E-02,+1.9606948E-03
+6.6831470E-02,+2.0352353E-03
+6.7867868E-02,+2.0591840E-03
+7.0142753E-02,+2.1108256E-03
+7.3618107E-02,+2.1872886E-03
+7.3823825E-02,+2.1917236E-03
+7.7265650E-02,+2.2644338E-03
+7.9779781E-02,+2.3157932E-03
+8.1093922E-02,+2.3420609E-03
+8.5111871E-02,+2.4199635E-03
+8.5735738E-02,+2.4317396E-03
+8.9328900E-02,+2.4979333E-03
+9.1691695E-02,+2.5399809E-03
+9.3754865E-02,+2.5757640E-03
+9.7647645E-02,+2.6409863E-03
+9.8400123E-02,+2.6532575E-03
+1.0327554E-01,+2.7302301E-03
+1.0360360E-01,+2.7352560E-03
+1.0839251E-01,+2.8065175E-03
+1.0955956E-01,+2.8233046E-03
+1.1376303E-01,+2.8819814E-03
+1.1551552E-01,+2.9056482E-03
+1.1939962E-01,+2.9565156E-03
+1.2147147E-01,+2.9827924E-03
+1.2531550E-01,+3.0300512E-03
+1.2742743E-01,+3.0552265E-03
+1.3152449E-01,+3.1025615E-03
+1.3338338E-01,+3.1234149E-03
+1.3804111E-01,+3.1740656E-03
+1.3933934E-01,+3.1877952E-03
+1.4488061E-01,+3.2446312E-03
+1.4529529E-01,+3.2487749E-03
+1.5125126E-01,+3.3067302E-03
+1.5205899E-01,+3.3143763E-03
+1.5720721E-01,+3.3620063E-03
+1.5959305E-01,+3.3834688E-03
+1.6316317E-01,+3.4149177E-03
+1.6750038E-01,+3.4521245E-03
+1.6911912E-01,+3.4657493E-03
+1.7507507E-01,+3.5147581E-03
+1.7579949E-01,+3.5206061E-03
+1.8103103E-01,+3.5621750E-03
+1.8450980E-01,+3.5892171E-03
+1.8698698E-01,+3.6082061E-03
+1.9294295E-01,+3.6530353E-03
+1.9365168E-01,+3.6582977E-03
+1.9889890E-01,+3.6968258E-03
+2.0324650E-01,+3.7282191E-03
+2.0485486E-01,+3.7397221E-03
+2.1081081E-01,+3.7818516E-03
+2.1331674E-01,+3.7993756E-03
+2.1676676E-01,+3.8233264E-03
+2.2272272E-01,+3.8642450E-03
+2.2388591E-01,+3.8721787E-03
+2.2867867E-01,+3.9046931E-03
+2.3463464E-01,+3.9447458E-03
+2.3497875E-01,+3.9470494E-03
+2.4059059E-01,+3.9844681E-03
+2.4654655E-01,+4.0239166E-03
+2.4662121E-01,+4.0244097E-03
+2.5250250E-01,+4.0631397E-03
+2.5845847E-01,+4.1021788E-03
+2.5884050E-01,+4.1046776E-03
+2.6441440E-01,+4.1410699E-03
+2.7037036E-01,+4.1798428E-03
+2.7166525E-01,+4.1882591E-03
+2.7632633E-01,+4.2185234E-03
+2.8228229E-01,+4.2571323E-03
+2.8512540E-01,+4.2755427E-03
+2.8823823E-01,+4.2956877E-03
+2.9419419E-01,+4.3342039E-03
+2.9925248E-01,+4.3668924E-03
+3.0015016E-01,+4.3726922E-03
+3.0610612E-01,+4.4111614E-03
+3.1206205E-01,+4.4496190E-03
+3.1407949E-01,+4.4626440E-03
+3.1801802E-01,+4.4880700E-03
+3.2397398E-01,+4.5265174E-03
+3.2964113E-01,+4.5630988E-03
+3.2992992E-01,+4.5649633E-03
+3.3588588E-01,+4.6034083E-03
+3.4184185E-01,+4.6418528E-03
+3.4597382E-01,+4.6685226E-03
+3.4779781E-01,+4.6802955E-03
+3.5375375E-01,+4.7187340E-03
+3.5970971E-01,+4.7571654E-03
+3.6311573E-01,+4.7791395E-03
+3.6566567E-01,+4.7955876E-03
+3.7162161E-01,+4.8339968E-03
+3.7757757E-01,+4.8723887E-03
+3.8110697E-01,+4.8951292E-03
+3.8353354E-01,+4.9107592E-03
+3.8948950E-01,+4.9491040E-03
+3.9544544E-01,+4.9874182E-03
+3.9998963E-01,+5.0166273E-03
+4.0140140E-01,+5.0256974E-03
+4.0735736E-01,+5.0639361E-03
+4.1331330E-01,+5.1021301E-03
+4.1926926E-01,+5.1402738E-03
+4.1980785E-01,+5.1437207E-03
+4.2522523E-01,+5.1783626E-03
+4.3118119E-01,+5.2163918E-03
+4.3713713E-01,+5.2543557E-03
+4.4060802E-01,+5.2764476E-03
+4.4309309E-01,+5.2922503E-03
+4.4904906E-01,+5.3300704E-03
+4.5500502E-01,+5.3678113E-03
+4.6096095E-01,+5.4054689E-03
+4.6243876E-01,+5.4147989E-03
+4.6691692E-01,+5.4430380E-03
+4.7287288E-01,+5.4805148E-03
+4.7882882E-01,+5.5178953E-03
+4.8478478E-01,+5.5551752E-03
+4.8535115E-01,+5.5587147E-03
+4.9074075E-01,+5.5923504E-03
+4.9669671E-01,+5.6294170E-03
+5.0265265E-01,+5.6663719E-03
+5.0860858E-01,+5.7032108E-03
+5.0939876E-01,+5.7080891E-03
+5.1456457E-01,+5.7399310E-03
+5.2052051E-01,+5.7765292E-03
+5.2647650E-01,+5.8130017E-03
+5.3243244E-01,+5.8493461E-03
+5.3463787E-01,+5.8627706E-03
+5.3838837E-01,+5.8855591E-03
+5.4434437E-01,+5.9216386E-03
+5.5030030E-01,+5.9575816E-03
+5.5625623E-01,+5.9933863E-03
+5.6112748E-01,+6.0225651E-03
+5.6221223E-01,+6.0290494E-03
+5.6816816E-01,+6.0645696E-03
+5.7412410E-01,+6.0999445E-03
+5.8008009E-01,+6.1351727E-03
+5.8603603E-01,+6.1702514E-03
+5.8892959E-01,+6.1872397E-03
+5.9199202E-01,+6.2051797E-03
+5.9794796E-01,+6.2399562E-03
+6.0390389E-01,+6.2745791E-03
+6.0985988E-01,+6.3090473E-03
+6.1581582E-01,+6.3433591E-03
+6.1810917E-01,+6.3565294E-03
+6.2177175E-01,+6.3775140E-03
+6.2772775E-01,+6.4115110E-03
+6.3368368E-01,+6.4453487E-03
+6.3963962E-01,+6.4790263E-03
+6.4559561E-01,+6.5125437E-03
+6.4873457E-01,+6.5301438E-03
+6.5155154E-01,+6.5458999E-03
+6.5750748E-01,+6.5790946E-03
+6.6346347E-01,+6.6121267E-03
+6.6941941E-01,+6.6449968E-03
+6.7537540E-01,+6.6777035E-03
+6.8087733E-01,+6.7077726E-03
+6.8133134E-01,+6.7102476E-03
+6.8728727E-01,+6.7426288E-03
+6.9324327E-01,+6.7748465E-03
+6.9919920E-01,+6.8069012E-03
+7.0515513E-01,+6.8387925E-03
+7.1111113E-01,+6.8705212E-03
+7.1461266E-01,+6.8890983E-03
+7.1706706E-01,+6.9020870E-03
+7.2302300E-01,+6.9334903E-03
+7.2897899E-01,+6.9647310E-03
+7.3493493E-01,+6.9958107E-03
+7.4089092E-01,+7.0267282E-03
+7.4684685E-01,+7.0574856E-03
+7.5001943E-01,+7.0738038E-03
+7.5280279E-01,+7.0880824E-03
+7.5875878E-01,+7.1185189E-03
+7.6471472E-01,+7.1487967E-03
+7.7067065E-01,+7.1789161E-03
+7.7662665E-01,+7.2088777E-03
+7.8258258E-01,+7.2386819E-03
+7.8718054E-01,+7.2615836E-03
+7.8853852E-01,+7.2683301E-03
+7.9449451E-01,+7.2978223E-03
+8.0045044E-01,+7.3271603E-03
+8.0640638E-01,+7.3563447E-03
+8.1236237E-01,+7.3853759E-03
+8.1831831E-01,+7.4142553E-03
+8.2427430E-01,+7.4429838E-03
+8.2618290E-01,+7.4521583E-03
+8.3023024E-01,+7.4715624E-03
+8.3618617E-01,+7.4999919E-03
+8.4214216E-01,+7.5282734E-03
+8.4809810E-01,+7.5564082E-03
+8.5405403E-01,+7.5843972E-03
+8.6001003E-01,+7.6122414E-03
+8.6596596E-01,+7.6399422E-03
+8.6711764E-01,+7.6452824E-03
+8.7192190E-01,+7.6675005E-03
+8.7787789E-01,+7.6949177E-03
+8.8383383E-01,+7.7221948E-03
+8.8978976E-01,+7.7493326E-03
+8.9574575E-01,+7.7763330E-03
+9.0170169E-01,+7.8031966E-03
+9.0765768E-01,+7.8299250E-03
+9.1008061E-01,+7.8407601E-03
+9.1361362E-01,+7.8565190E-03
+9.1956955E-01,+7.8829806E-03
+9.2552555E-01,+7.9093101E-03
+9.3148148E-01,+7.9355091E-03
+9.3743742E-01,+7.9615787E-03
+9.4339341E-01,+7.9875207E-03
+9.4934934E-01,+8.0133360E-03
+9.5517224E-01,+8.0384528E-03
+9.5530528E-01,+8.0390256E-03
+9.6126127E-01,+8.0645913E-03
+9.6721721E-01,+8.0900341E-03
+9.7317320E-01,+8.1153549E-03
+9.7912914E-01,+8.1405547E-03
+9.8508507E-01,+8.1656361E-03
+9.9104106E-01,+8.1906002E-03
+9.9699700E-01,+8.2154470E-03
+1.0024980E+00,+8.2382932E-03
+1.0029529E+00,+8.2401782E-03
+1.0089089E+00,+8.2647959E-03
+1.0148649E+00,+8.2892999E-03
+1.0208209E+00,+8.3136931E-03
+1.0267768E+00,+8.3379755E-03
+1.0327327E+00,+8.3621489E-03
+1.0386887E+00,+8.3862143E-03
+1.0446446E+00,+8.4101725E-03
+1.0506006E+00,+8.4340265E-03
+1.0521686E+00,+8.4402887E-03
+1.0565566E+00,+8.4577752E-03
+1.0625125E+00,+8.4814215E-03
+1.0684685E+00,+8.5049663E-03
+1.0744244E+00,+8.5284095E-03
+1.0803804E+00,+8.5517541E-03
+1.0863364E+00,+8.5749999E-03
+1.0922923E+00,+8.5981498E-03
+1.0982482E+00,+8.6212028E-03
+1.1042042E+00,+8.6441617E-03
+1.1043003E+00,+8.6445315E-03
+1.1101601E+00,+8.6670266E-03
+1.1161162E+00,+8.6897993E-03
+1.1220721E+00,+8.7124817E-03
+1.1280280E+00,+8.7350728E-03
+1.1339840E+00,+8.7575754E-03
+1.1399399E+00,+8.7799905E-03
+1.1458958E+00,+8.8023180E-03
+1.1518519E+00,+8.8245608E-03
+1.1578078E+00,+8.8467179E-03
+1.1590148E+00,+8.8511985E-03
+1.1637638E+00,+8.8687921E-03
+1.1697197E+00,+8.8907843E-03
+1.1756756E+00,+8.9126946E-03
+1.1816317E+00,+8.9345248E-03
+1.1875876E+00,+8.9562759E-03
+1.1935436E+00,+8.9779487E-03
+1.1994995E+00,+8.9995442E-03
+1.2054554E+00,+9.0210633E-03
+1.2114114E+00,+9.0425070E-03
+1.2164404E+00,+9.0605561E-03
+1.2173674E+00,+9.0638772E-03
+1.2233233E+00,+9.0851737E-03
+1.2292793E+00,+9.1063976E-03
+1.2352352E+00,+9.1275508E-03
+1.2411911E+00,+9.1486331E-03
+1.2471472E+00,+9.1696456E-03
+1.2531031E+00,+9.1905901E-03
+1.2590591E+00,+9.2114676E-03
+1.2650150E+00,+9.2322771E-03
+1.2709709E+00,+9.2530213E-03
+1.2767112E+00,+9.2729535E-03
+1.2769269E+00,+9.2737013E-03
+1.2828829E+00,+9.2943162E-03
+1.2888389E+00,+9.3148686E-03
+1.2947948E+00,+9.3353577E-03
+1.3007507E+00,+9.3557863E-03
+1.3067067E+00,+9.3761533E-03
+1.3126627E+00,+9.3964608E-03
+1.3186187E+00,+9.4167097E-03
+1.3245746E+00,+9.4368998E-03
+1.3305305E+00,+9.4570322E-03
+1.3364865E+00,+9.4771087E-03
+1.3399682E+00,+9.4888192E-03
+1.3424424E+00,+9.4971284E-03
+1.3483984E+00,+9.5170941E-03
+1.3543544E+00,+9.5370039E-03
+1.3603103E+00,+9.5568616E-03
+1.3662663E+00,+9.5766652E-03
+1.3722222E+00,+9.5964167E-03
+1.3781781E+00,+9.6161170E-03
+1.3841342E+00,+9.6357660E-03
+1.3900901E+00,+9.6553657E-03
+1.3960460E+00,+9.6749151E-03
+1.4020020E+00,+9.6944161E-03
+1.4063594E+00,+9.7086523E-03
+1.4079579E+00,+9.7138686E-03
+1.4139140E+00,+9.7332746E-03
+1.4198699E+00,+9.7526331E-03
+1.4258258E+00,+9.7719450E-03
+1.4317818E+00,+9.7912122E-03
+1.4377377E+00,+9.8104337E-03
+1.4436936E+00,+9.8296106E-03
+1.4496497E+00,+9.8487446E-03
+1.4556056E+00,+9.8678349E-03
+1.4615616E+00,+9.8868832E-03
+1.4675175E+00,+9.9058887E-03
+1.4734734E+00,+9.9248532E-03
+1.4760401E+00,+9.9330135E-03
+1.4794295E+00,+9.9437768E-03
+1.4853854E+00,+9.9626603E-03
+1.4913414E+00,+9.9815037E-03
+1.4972973E+00,+1.0000308E-02
+1.5032532E+00,+1.0019073E-02
+1.5092092E+00,+1.0037800E-02
+1.5151652E+00,+1.0056490E-02
+1.5211211E+00,+1.0075142E-02
+1.5270771E+00,+1.0093757E-02
+1.5330330E+00,+1.0112337E-02
+1.5389889E+00,+1.0130879E-02
+1.5449450E+00,+1.0149388E-02
+1.5491732E+00,+1.0162506E-02
+1.5509009E+00,+1.0167860E-02
+1.5568569E+00,+1.0186300E-02
+1.5628128E+00,+1.0204704E-02
+1.5687687E+00,+1.0223076E-02
+1.5747247E+00,+1.0241413E-02
+1.5806807E+00,+1.0259719E-02
+1.5866367E+00,+1.0277992E-02
+1.5925926E+00,+1.0296233E-02
+1.5985485E+00,+1.0314443E-02
+1.6045045E+00,+1.0332622E-02
+1.6104605E+00,+1.0350770E-02
+1.6164165E+00,+1.0368887E-02
+1.6223724E+00,+1.0386975E-02
+1.6259300E+00,+1.0397766E-02
+1.6283283E+00,+1.0405034E-02
+1.6342843E+00,+1.0423063E-02
+1.6402402E+00,+1.0441063E-02
+1.6461962E+00,+1.0459036E-02
+1.6521522E+00,+1.0476979E-02
+1.6581081E+00,+1.0494895E-02
+1.6640640E+00,+1.0512783E-02
+1.6700200E+00,+1.0530645E-02
+1.6759759E+00,+1.0548480E-02
+1.6819320E+00,+1.0566288E-02
+1.6878879E+00,+1.0584069E-02
+1.6938438E+00,+1.0601826E-02
+1.6997998E+00,+1.0619557E-02
+1.7057557E+00,+1.0637261E-02
+1.7064896E+00,+1.0639441E-02
+1.7117118E+00,+1.0654942E-02
+1.7176677E+00,+1.0672597E-02
+1.7236236E+00,+1.0690228E-02
+1.7295796E+00,+1.0707836E-02
+1.7355355E+00,+1.0725418E-02
+1.7414914E+00,+1.0742978E-02
+1.7474475E+00,+1.0760514E-02
+1.7534034E+00,+1.0778027E-02
+1.7593594E+00,+1.0795517E-02
+1.7653153E+00,+1.0812985E-02
+1.7712712E+00,+1.0830430E-02
+1.7772273E+00,+1.0847853E-02
+1.7831832E+00,+1.0865254E-02
+1.7891392E+00,+1.0882634E-02
+1.7910408E+00,+1.0888178E-02
+1.7950951E+00,+1.0899992E-02
+1.8010510E+00,+1.0917328E-02
+1.8070070E+00,+1.0934644E-02
+1.8129630E+00,+1.0951939E-02
+1.8189189E+00,+1.0969213E-02
+1.8248749E+00,+1.0986468E-02
+1.8308308E+00,+1.1003701E-02
+1.8367867E+00,+1.1020915E-02
+1.8427428E+00,+1.1038109E-02
+1.8486987E+00,+1.1055283E-02
+1.8546547E+00,+1.1072438E-02
+1.8606106E+00,+1.1089574E-02
+1.8665665E+00,+1.1106690E-02
+1.8725225E+00,+1.1123788E-02
+1.8784785E+00,+1.1140866E-02
+1.8797812E+00,+1.1144600E-02
+1.8844345E+00,+1.1157926E-02
+1.8903904E+00,+1.1174968E-02
+1.8963463E+00,+1.1191992E-02
+1.9023023E+00,+1.1208997E-02
+1.9082582E+00,+1.1225984E-02
+1.9142143E+00,+1.1242954E-02
+1.9201702E+00,+1.1259906E-02
+1.9261261E+00,+1.1276840E-02
+1.9320821E+00,+1.1293758E-02
+1.9380380E+00,+1.1310657E-02
+1.9439940E+00,+1.1327540E-02
+1.9499500E+00,+1.1344405E-02
+1.9559059E+00,+1.1361254E-02
+1.9618618E+00,+1.1378086E-02
+1.9678178E+00,+1.1394901E-02
+1.9729185E+00,+1.1409289E-02
+1.9737737E+00,+1.1411700E-02
+1.9797298E+00,+1.1428483E-02
+1.9856857E+00,+1.1445249E-02
+1.9916416E+00,+1.1461999E-02
+1.9975976E+00,+1.1478733E-02
+2.0035536E+00,+1.1495451E-02
+2.0095096E+00,+1.1512154E-02
+2.0154655E+00,+1.1528840E-02
+2.0214214E+00,+1.1545511E-02
+2.0273774E+00,+1.1562166E-02
+2.0333333E+00,+1.1578806E-02
+2.0392892E+00,+1.1595431E-02
+2.0452452E+00,+1.1612040E-02
+2.0512011E+00,+1.1628634E-02
+2.0571570E+00,+1.1645213E-02
+2.0631132E+00,+1.1661777E-02
+2.0690691E+00,+1.1678326E-02
+2.0706704E+00,+1.1682773E-02
+2.0750251E+00,+1.1694861E-02
+2.0809810E+00,+1.1711380E-02
+2.0869370E+00,+1.1727884E-02
+2.0928929E+00,+1.1744375E-02
+2.0988488E+00,+1.1760850E-02
+2.1048048E+00,+1.1777312E-02
+2.1107607E+00,+1.1793759E-02
+2.1167166E+00,+1.1810191E-02
+2.1226726E+00,+1.1826609E-02
+2.1286287E+00,+1.1843014E-02
+2.1345847E+00,+1.1859403E-02
+2.1405406E+00,+1.1875778E-02
+2.1464965E+00,+1.1892141E-02
+2.1524525E+00,+1.1908488E-02
+2.1584084E+00,+1.1924822E-02
+2.1643643E+00,+1.1941141E-02
+2.1703203E+00,+1.1957448E-02
+2.1732657E+00,+1.1965507E-02
+2.1762762E+00,+1.1973741E-02
+2.1822321E+00,+1.1990019E-02
+2.1881881E+00,+1.2006284E-02
+2.1941442E+00,+1.2022535E-02
+2.2001002E+00,+1.2038773E-02
+2.2060561E+00,+1.2054997E-02
+2.2120121E+00,+1.2071208E-02
+2.2179680E+00,+1.2087406E-02
+2.2239239E+00,+1.2103589E-02
+2.2298799E+00,+1.2119760E-02
+2.2358358E+00,+1.2135917E-02
+2.2417917E+00,+1.2152061E-02
+2.2477477E+00,+1.2168191E-02
+2.2537036E+00,+1.2184309E-02
+2.2596598E+00,+1.2200413E-02
+2.2656157E+00,+1.2216505E-02
+2.2715716E+00,+1.2232582E-02
+2.2775276E+00,+1.2248647E-02
+2.2809441E+00,+1.2257856E-02
+2.2834835E+00,+1.2264699E-02
+2.2894394E+00,+1.2280737E-02
+2.2953954E+00,+1.2296763E-02
+2.3013513E+00,+1.2312775E-02
+2.3073072E+00,+1.2328776E-02
+2.3132632E+00,+1.2344762E-02
+2.3192191E+00,+1.2360736E-02
+2.3251753E+00,+1.2376697E-02
+2.3311312E+00,+1.2392645E-02
+2.3370872E+00,+1.2408580E-02
+2.3430431E+00,+1.2424502E-02
+2.3489990E+00,+1.2440411E-02
+2.3549550E+00,+1.2456308E-02
+2.3609109E+00,+1.2472192E-02
+2.3668668E+00,+1.2488062E-02
+2.3728228E+00,+1.2503921E-02
+2.3787787E+00,+1.2519766E-02
+2.3847346E+00,+1.2535599E-02
+2.3906908E+00,+1.2551419E-02
+2.3939576E+00,+1.2560091E-02
+2.3966467E+00,+1.2567226E-02
+2.4026027E+00,+1.2583020E-02
+2.4085586E+00,+1.2598802E-02
+2.4145145E+00,+1.2614571E-02
+2.4204705E+00,+1.2630328E-02
+2.4264264E+00,+1.2646072E-02
+2.4323823E+00,+1.2661803E-02
+2.4383383E+00,+1.2677521E-02
+2.4442942E+00,+1.2693227E-02
+2.4502501E+00,+1.2708920E-02
+2.4562063E+00,+1.2724601E-02
+2.4621623E+00,+1.2740268E-02
+2.4681182E+00,+1.2755924E-02
+2.4740741E+00,+1.2771566E-02
+2.4800301E+00,+1.2787197E-02
+2.4859860E+00,+1.2802814E-02
+2.4919419E+00,+1.2818418E-02
+2.4978979E+00,+1.2834011E-02
+2.5038538E+00,+1.2849590E-02
+2.5098097E+00,+1.2865157E-02
+2.5125706E+00,+1.2872369E-02
+2.5157657E+00,+1.2880711E-02
+2.5217218E+00,+1.2896253E-02
+2.5276778E+00,+1.2911782E-02
+2.5336337E+00,+1.2927298E-02
+2.5395896E+00,+1.2942802E-02
+2.5455456E+00,+1.2958293E-02
+2.5515015E+00,+1.2973771E-02
+2.5574574E+00,+1.2989238E-02
+2.5634134E+00,+1.3004691E-02
+2.5693693E+00,+1.3020132E-02
+2.5753253E+00,+1.3035560E-02
+2.5812812E+00,+1.3050975E-02
+2.5872371E+00,+1.3066378E-02
+2.5931933E+00,+1.3081769E-02
+2.5991492E+00,+1.3097146E-02
+2.6051052E+00,+1.3112511E-02
+2.6110611E+00,+1.3127862E-02
+2.6170170E+00,+1.3143202E-02
+2.6229730E+00,+1.3158529E-02
+2.6289289E+00,+1.3173843E-02
+2.6348848E+00,+1.3189144E-02
+2.6370606E+00,+1.3194731E-02
+2.6408408E+00,+1.3204433E-02
+2.6467967E+00,+1.3219710E-02
+2.6527526E+00,+1.3234973E-02
+2.6587088E+00,+1.3250223E-02
+2.6646647E+00,+1.3265462E-02
+2.6706207E+00,+1.3280687E-02
+2.6765766E+00,+1.3295899E-02
+2.6825325E+00,+1.3311099E-02
+2.6884885E+00,+1.3326286E-02
+2.6944444E+00,+1.3341460E-02
+2.7004004E+00,+1.3356622E-02
+2.7063563E+00,+1.3371771E-02
+2.7123122E+00,+1.3386907E-02
+2.7182682E+00,+1.3402030E-02
+2.7242243E+00,+1.3417141E-02
+2.7301803E+00,+1.3432238E-02
+2.7361362E+00,+1.3447323E-02
+2.7420921E+00,+1.3462394E-02
+2.7480481E+00,+1.3477454E-02
+2.7540040E+00,+1.3492500E-02
+2.7599599E+00,+1.3507534E-02
+2.7659159E+00,+1.3522554E-02
+2.7677188E+00,+1.3527098E-02
+2.7718718E+00,+1.3537562E-02
+2.7778277E+00,+1.3552557E-02
+2.7837837E+00,+1.3567539E-02
+2.7897398E+00,+1.3582508E-02
+2.7956958E+00,+1.3597464E-02
+2.8016517E+00,+1.3612407E-02
+2.8076077E+00,+1.3627337E-02
+2.8135636E+00,+1.3642255E-02
+2.8195195E+00,+1.3657159E-02
+2.8254755E+00,+1.3672051E-02
+2.8314314E+00,+1.3686929E-02
+2.8373873E+00,+1.3701795E-02
+2.8433433E+00,+1.3716647E-02
+2.8492992E+00,+1.3731486E-02
+2.8552554E+00,+1.3746313E-02
+2.8612113E+00,+1.3761126E-02
+2.8671672E+00,+1.3775927E-02
+2.8731232E+00,+1.3790715E-02
+2.8790791E+00,+1.3805488E-02
+2.8850350E+00,+1.3820250E-02
+2.8909910E+00,+1.3834998E-02
+2.8969469E+00,+1.3849733E-02
+2.9029028E+00,+1.3864455E-02
+2.9048505E+00,+1.3869266E-02
+2.9088588E+00,+1.3879164E-02
+2.9148147E+00,+1.3893859E-02
+2.9207709E+00,+1.3908542E-02
+2.9267268E+00,+1.3923212E-02
+2.9326828E+00,+1.3937868E-02
+2.9386387E+00,+1.3952511E-02
+2.9445946E+00,+1.3967142E-02
+2.9505506E+00,+1.3981758E-02
+2.9565065E+00,+1.3996362E-02
+2.9624624E+00,+1.4010952E-02
+2.9684184E+00,+1.4025529E-02
+2.9743743E+00,+1.4040093E-02
+2.9803302E+00,+1.4054644E-02
+2.9862864E+00,+1.4069181E-02
+2.9922423E+00,+1.4083706E-02
+2.9981983E+00,+1.4098217E-02
+3.0041542E+00,+1.4112715E-02
+3.0101101E+00,+1.4127199E-02
+3.0160661E+00,+1.4141669E-02
+3.0220220E+00,+1.4156127E-02
+3.0279779E+00,+1.4170572E-02
+3.0339339E+00,+1.4185003E-02
+3.0398898E+00,+1.4199421E-02
+3.0458457E+00,+1.4213826E-02
+3.0487766E+00,+1.4220909E-02
+3.0518019E+00,+1.4228217E-02
+3.0577579E+00,+1.4242595E-02
+3.0637138E+00,+1.4256959E-02
+3.0696697E+00,+1.4271311E-02
+3.0756257E+00,+1.4285647E-02
+3.0815816E+00,+1.4299972E-02
+3.0875375E+00,+1.4314283E-02
+3.0934935E+00,+1.4328580E-02
+3.0994494E+00,+1.4342864E-02
+3.1054053E+00,+1.4357135E-02
+3.1113613E+00,+1.4371392E-02
+3.1173172E+00,+1.4385636E-02
+3.1232734E+00,+1.4399866E-02
+3.1292293E+00,+1.4414082E-02
+3.1351852E+00,+1.4428286E-02
+3.1411412E+00,+1.4442476E-02
+3.1470971E+00,+1.4456652E-02
+3.1530530E+00,+1.4470815E-02
+3.1590090E+00,+1.4484964E-02
+3.1649649E+00,+1.4499100E-02
+3.1709208E+00,+1.4513222E-02
+3.1768768E+00,+1.4527331E-02
+3.1828327E+00,+1.4541426E-02
+3.1887889E+00,+1.4555507E-02
+3.1947448E+00,+1.4569576E-02
+3.1998341E+00,+1.4581585E-02
+3.2007008E+00,+1.4583630E-02
+3.2066567E+00,+1.4597671E-02
+3.2126126E+00,+1.4611699E-02
+3.2185686E+00,+1.4625712E-02
+3.2245245E+00,+1.4639712E-02
+3.2304804E+00,+1.4653699E-02
+3.2364364E+00,+1.4667672E-02
+3.2423923E+00,+1.4681631E-02
+3.2483482E+00,+1.4695577E-02
+3.2543044E+00,+1.4709509E-02
+3.2602603E+00,+1.4723428E-02
+3.2662163E+00,+1.4737332E-02
+3.2721722E+00,+1.4751224E-02
+3.2781281E+00,+1.4765101E-02
+3.2840841E+00,+1.4778965E-02
+3.2900400E+00,+1.4792816E-02
+3.2959960E+00,+1.4806652E-02
+3.3019519E+00,+1.4820475E-02
+3.3079078E+00,+1.4834284E-02
+3.3138638E+00,+1.4848080E-02
+3.3198199E+00,+1.4861862E-02
+3.3257759E+00,+1.4875630E-02
+3.3317318E+00,+1.4889385E-02
+3.3376877E+00,+1.4903125E-02
+3.3436437E+00,+1.4916852E-02
+3.3495996E+00,+1.4930566E-02
+3.3555555E+00,+1.4944266E-02
+3.3583758E+00,+1.4950748E-02
+3.3615115E+00,+1.4957951E-02
+3.3674674E+00,+1.4971624E-02
+3.3734233E+00,+1.4985283E-02
+3.3793793E+00,+1.4998928E-02
+3.3853354E+00,+1.5012559E-02
+3.3912914E+00,+1.5026176E-02
+3.3972473E+00,+1.5039780E-02
+3.4032032E+00,+1.5053370E-02
+3.4091592E+00,+1.5066946E-02
+3.4151151E+00,+1.5080509E-02
+3.4210711E+00,+1.5094057E-02
+3.4270270E+00,+1.5107592E-02
+3.4329829E+00,+1.5121114E-02
+3.4389389E+00,+1.5134620E-02
+3.4448948E+00,+1.5148114E-02
+3.4508510E+00,+1.5161594E-02
+3.4568069E+00,+1.5175060E-02
+3.4627628E+00,+1.5188513E-02
+3.4687188E+00,+1.5201951E-02
+3.4746747E+00,+1.5215376E-02
+3.4806306E+00,+1.5228787E-02
+3.4865866E+00,+1.5242185E-02
+3.4925425E+00,+1.5255569E-02
+3.4984984E+00,+1.5268939E-02
+3.5044544E+00,+1.5282295E-02
+3.5104103E+00,+1.5295637E-02
+3.5163665E+00,+1.5308966E-02
+3.5223224E+00,+1.5322280E-02
+3.5247726E+00,+1.5327754E-02
+3.5282784E+00,+1.5335581E-02
+3.5342343E+00,+1.5348868E-02
+3.5401902E+00,+1.5362143E-02
+3.5461462E+00,+1.5375402E-02
+3.5521021E+00,+1.5388648E-02
+3.5580580E+00,+1.5401880E-02
+3.5640140E+00,+1.5415099E-02
+3.5699699E+00,+1.5428303E-02
+3.5759258E+00,+1.5441494E-02
+3.5818820E+00,+1.5454671E-02
+3.5878379E+00,+1.5467835E-02
+3.5937939E+00,+1.5480984E-02
+3.5997498E+00,+1.5494119E-02
+3.6057057E+00,+1.5507242E-02
+3.6116617E+00,+1.5520350E-02
+3.6176176E+00,+1.5533444E-02
+3.6235735E+00,+1.5546526E-02
+3.6295295E+00,+1.5559592E-02
+3.6354854E+00,+1.5572646E-02
+3.6414413E+00,+1.5585685E-02
+3.6473973E+00,+1.5598712E-02
+3.6533535E+00,+1.5611723E-02
+3.6593094E+00,+1.5624722E-02
+3.6652653E+00,+1.5637705E-02
+3.6712213E+00,+1.5650677E-02
+3.6771772E+00,+1.5663633E-02
+3.6831331E+00,+1.5676577E-02
+3.6890891E+00,+1.5689507E-02
+3.6950450E+00,+1.5702423E-02
+3.6994140E+00,+1.5711889E-02
+3.7010009E+00,+1.5715325E-02
+3.7069569E+00,+1.5728213E-02
+3.7129128E+00,+1.5741087E-02
+3.7188690E+00,+1.5753949E-02
+3.7248249E+00,+1.5766798E-02
+3.7307808E+00,+1.5779631E-02
+3.7367368E+00,+1.5792450E-02
+3.7426927E+00,+1.5805257E-02
+3.7486486E+00,+1.5818048E-02
+3.7546046E+00,+1.5830828E-02
+3.7605605E+00,+1.5843593E-02
+3.7665164E+00,+1.5856344E-02
+3.7724724E+00,+1.5869083E-02
+3.7784283E+00,+1.5881807E-02
+3.7843845E+00,+1.5894517E-02
+3.7903404E+00,+1.5907215E-02
+3.7962964E+00,+1.5919898E-02
+3.8022523E+00,+1.5932567E-02
+3.8082082E+00,+1.5945224E-02
+3.8141642E+00,+1.5957866E-02
+3.8201201E+00,+1.5970495E-02
+3.8260760E+00,+1.5983110E-02
+3.8320320E+00,+1.5995711E-02
+3.8379879E+00,+1.6008299E-02
+3.8439438E+00,+1.6020874E-02
+3.8499000E+00,+1.6033433E-02
+3.8558559E+00,+1.6045980E-02
+3.8618119E+00,+1.6058514E-02
+3.8677678E+00,+1.6071035E-02
+3.8737237E+00,+1.6083540E-02
+3.8796797E+00,+1.6096033E-02
+3.8827083E+00,+1.6102381E-02
+3.8856356E+00,+1.6108513E-02
+3.8915915E+00,+1.6120980E-02
+3.8975475E+00,+1.6133431E-02
+3.9035034E+00,+1.6145870E-02
+3.9094594E+00,+1.6158294E-02
+3.9154155E+00,+1.6170707E-02
+3.9213715E+00,+1.6183104E-02
+3.9273274E+00,+1.6195489E-02
+3.9332833E+00,+1.6207861E-02
+3.9392393E+00,+1.6220218E-02
+3.9451952E+00,+1.6232561E-02
+3.9511511E+00,+1.6244892E-02
+3.9571071E+00,+1.6257210E-02
+3.9630630E+00,+1.6269514E-02
+3.9690189E+00,+1.6281804E-02
+3.9749749E+00,+1.6294081E-02
+3.9809310E+00,+1.6306344E-02
+3.9868870E+00,+1.6318595E-02
+3.9928429E+00,+1.6330833E-02
+3.9987988E+00,+1.6343055E-02
+4.0047545E+00,+1.6355265E-02
+4.0107107E+00,+1.6367462E-02
+4.0166669E+00,+1.6379645E-02
+4.0226226E+00,+1.6391816E-02
+4.0285788E+00,+1.6403971E-02
+4.0345345E+00,+1.6416114E-02
+4.0404906E+00,+1.6428245E-02
+4.0464463E+00,+1.6440362E-02
+4.0524025E+00,+1.6452463E-02
+4.0583582E+00,+1.6464554E-02
+4.0643144E+00,+1.6476631E-02
+4.0702701E+00,+1.6488694E-02
+4.0750842E+00,+1.6498435E-02
+4.0762262E+00,+1.6500745E-02
+4.0821824E+00,+1.6512781E-02
+4.0881381E+00,+1.6524805E-02
+4.0940943E+00,+1.6536815E-02
+4.1000500E+00,+1.6548812E-02
+4.1060061E+00,+1.6560797E-02
+4.1119618E+00,+1.6572768E-02
+4.1179180E+00,+1.6584724E-02
+4.1238737E+00,+1.6596669E-02
+4.1298299E+00,+1.6608600E-02
+4.1357856E+00,+1.6620519E-02
+4.1417418E+00,+1.6632423E-02
+4.1476979E+00,+1.6644316E-02
+4.1536536E+00,+1.6656194E-02
+4.1596098E+00,+1.6668059E-02
+4.1655655E+00,+1.6679913E-02
+4.1715217E+00,+1.6691752E-02
+4.1774774E+00,+1.6703578E-02
+4.1834335E+00,+1.6715391E-02
+4.1893892E+00,+1.6727190E-02
+4.1953454E+00,+1.6738979E-02
+4.2013011E+00,+1.6750753E-02
+4.2072573E+00,+1.6762514E-02
+4.2132134E+00,+1.6774261E-02
+4.2191691E+00,+1.6785998E-02
+4.2251253E+00,+1.6797720E-02
+4.2310810E+00,+1.6809428E-02
+4.2370372E+00,+1.6821126E-02
+4.2429929E+00,+1.6832808E-02
+4.2489491E+00,+1.6844479E-02
+4.2549047E+00,+1.6856136E-02
+4.2608609E+00,+1.6867781E-02
+4.2668166E+00,+1.6879413E-02
+4.2727728E+00,+1.6891032E-02
+4.2769918E+00,+1.6899256E-02
+4.2787290E+00,+1.6902639E-02
+4.2846847E+00,+1.6914232E-02
+4.2906408E+00,+1.6925812E-02
+4.2965965E+00,+1.6937379E-02
+4.3025527E+00,+1.6948935E-02
+4.3085084E+00,+1.6960477E-02
+4.3144646E+00,+1.6972005E-02
+4.3204203E+00,+1.6983522E-02
+4.3263764E+00,+1.6995026E-02
+4.3323321E+00,+1.7006516E-02
+4.3382883E+00,+1.7017996E-02
+4.3442445E+00,+1.7029461E-02
+4.3502002E+00,+1.7040914E-02
+4.3561563E+00,+1.7052354E-02
+4.3621120E+00,+1.7063782E-02
+4.3680682E+00,+1.7075198E-02
+4.3740239E+00,+1.7086599E-02
+4.3799801E+00,+1.7097989E-02
+4.3859358E+00,+1.7109366E-02
+4.3918920E+00,+1.7120732E-02
+4.3978477E+00,+1.7132083E-02
+4.4038038E+00,+1.7143423E-02
+4.4097595E+00,+1.7154749E-02
+4.4157157E+00,+1.7166065E-02
+4.4216719E+00,+1.7177366E-02
+4.4276276E+00,+1.7188655E-02
+4.4335837E+00,+1.7199934E-02
+4.4395394E+00,+1.7211197E-02
+4.4454956E+00,+1.7222449E-02
+4.4514513E+00,+1.7233688E-02
+4.4574075E+00,+1.7244916E-02
+4.4633632E+00,+1.7256131E-02
+4.4693193E+00,+1.7267333E-02
+4.4752750E+00,+1.7278524E-02
+4.4812312E+00,+1.7289702E-02
+4.4871874E+00,+1.7300867E-02
+4.4889035E+00,+1.7304081E-02
+4.4931431E+00,+1.7312020E-02
+4.4990993E+00,+1.7323161E-02
+4.5050550E+00,+1.7334290E-02
+4.5110111E+00,+1.7345406E-02
+4.5169668E+00,+1.7356509E-02
+4.5229230E+00,+1.7367601E-02
+4.5288787E+00,+1.7378680E-02
+4.5348349E+00,+1.7389748E-02
+4.5407906E+00,+1.7400803E-02
+4.5467467E+00,+1.7411847E-02
+4.5527029E+00,+1.7422877E-02
+4.5586586E+00,+1.7433897E-02
+4.5646148E+00,+1.7444903E-02
+4.5705705E+00,+1.7455896E-02
+4.5765266E+00,+1.7466880E-02
+4.5824823E+00,+1.7477849E-02
+4.5884385E+00,+1.7488807E-02
+4.5943942E+00,+1.7499754E-02
+4.6003504E+00,+1.7510688E-02
+4.6063061E+00,+1.7521610E-02
+4.6122622E+00,+1.7532522E-02
+4.6182184E+00,+1.7543420E-02
+4.6241741E+00,+1.7554305E-02
+4.6301303E+00,+1.7565180E-02
+4.6360860E+00,+1.7576043E-02
+4.6420422E+00,+1.7586892E-02
+4.6479979E+00,+1.7597731E-02
+4.6539540E+00,+1.7608559E-02
+4.6599097E+00,+1.7619373E-02
+4.6658659E+00,+1.7630177E-02
+4.6718216E+00,+1.7640969E-02
+4.6777778E+00,+1.7651748E-02
+4.6837339E+00,+1.7662516E-02
+4.6896896E+00,+1.7673273E-02
+4.6956458E+00,+1.7684016E-02
+4.7016015E+00,+1.7694749E-02
+4.7075577E+00,+1.7705470E-02
+4.7113147E+00,+1.7712226E-02
+4.7135134E+00,+1.7716179E-02
+4.7194695E+00,+1.7726876E-02
+4.7254252E+00,+1.7737562E-02
+4.7313814E+00,+1.7748237E-02
+4.7373371E+00,+1.7758898E-02
+4.7432933E+00,+1.7769549E-02
+4.7492495E+00,+1.7780188E-02
+4.7552052E+00,+1.7790817E-02
+4.7611613E+00,+1.7801434E-02
+4.7671170E+00,+1.7812038E-02
+4.7730732E+00,+1.7822631E-02
+4.7790289E+00,+1.7833212E-02
+4.7849851E+00,+1.7843783E-02
+4.7909408E+00,+1.7854342E-02
+4.7968969E+00,+1.7864890E-02
+4.8028526E+00,+1.7875426E-02
+4.8088088E+00,+1.7885949E-02
+4.8147650E+00,+1.7896464E-02
+4.8207207E+00,+1.7906966E-02
+4.8266768E+00,+1.7917456E-02
+4.8326325E+00,+1.7927935E-02
+4.8385887E+00,+1.7938403E-02
+4.8445444E+00,+1.7948860E-02
+4.8505006E+00,+1.7959306E-02
+4.8564563E+00,+1.7969739E-02
+4.8624125E+00,+1.7980162E-02
+4.8683681E+00,+1.7990574E-02
+4.8743243E+00,+1.8000973E-02
+4.8802805E+00,+1.8011363E-02
+4.8862362E+00,+1.8021742E-02
+4.8921924E+00,+1.8032109E-02
+4.8981481E+00,+1.8042464E-02
+4.9041042E+00,+1.8052809E-02
+4.9100599E+00,+1.8063143E-02
+4.9160161E+00,+1.8073466E-02
+4.9219718E+00,+1.8083777E-02
+4.9279280E+00,+1.8094078E-02
+4.9338837E+00,+1.8104367E-02
+4.9398398E+00,+1.8114647E-02
+4.9447455E+00,+1.8123103E-02
+4.9457960E+00,+1.8124914E-02
+4.9517517E+00,+1.8135171E-02
+4.9577079E+00,+1.8145416E-02
+4.9636636E+00,+1.8155651E-02
+4.9696198E+00,+1.8165875E-02
+4.9755754E+00,+1.8176088E-02
+4.9815316E+00,+1.8186290E-02
+4.9874873E+00,+1.8196482E-02
+4.9934435E+00,+1.8206662E-02
+4.9993992E+00,+1.8216832E-02
+5.0053554E+00,+1.8226990E-02
+5.0113115E+00,+1.8237140E-02
+5.0172672E+00,+1.8247277E-02
+5.0232234E+00,+1.8257404E-02
+5.0291791E+00,+1.8267520E-02
+5.0351353E+00,+1.8277626E-02
+5.0410910E+00,+1.8287720E-02
+5.0470471E+00,+1.8297805E-02
+5.0530028E+00,+1.8307878E-02
+5.0589590E+00,+1.8317942E-02
+5.0649147E+00,+1.8327994E-02
+5.0708709E+00,+1.8338036E-02
+5.0768270E+00,+1.8348066E-02
+5.0827827E+00,+1.8358087E-02
+5.0887389E+00,+1.8368097E-02
+5.0946946E+00,+1.8378098E-02
+5.1006508E+00,+1.8388087E-02
+5.1066065E+00,+1.8398065E-02
+5.1125627E+00,+1.8408034E-02
+5.1185184E+00,+1.8417992E-02
+5.1244745E+00,+1.8427940E-02
+5.1304302E+00,+1.8437877E-02
+5.1363864E+00,+1.8447803E-02
+5.1423426E+00,+1.8457720E-02
+5.1482983E+00,+1.8467627E-02
+5.1542544E+00,+1.8477524E-02
+5.1602101E+00,+1.8487409E-02
+5.1661663E+00,+1.8497285E-02
+5.1721220E+00,+1.8507149E-02
+5.1780782E+00,+1.8517004E-02
+5.1840339E+00,+1.8526850E-02
+5.1897421E+00,+1.8536275E-02
+5.1899900E+00,+1.8536685E-02
+5.1959457E+00,+1.8546509E-02
+5.2019019E+00,+1.8556323E-02
+5.2078581E+00,+1.8566128E-02
+5.2138138E+00,+1.8575922E-02
+5.2197700E+00,+1.8585706E-02
+5.2257257E+00,+1.8595481E-02
+5.2316818E+00,+1.8605245E-02
+5.2376375E+00,+1.8614998E-02
+5.2435937E+00,+1.8624743E-02
+5.2495494E+00,+1.8634478E-02
+5.2555056E+00,+1.8644201E-02
+5.2614613E+00,+1.8653916E-02
+5.2674174E+00,+1.8663621E-02
+5.2733736E+00,+1.8673316E-02
+5.2793293E+00,+1.8683000E-02
+5.2852855E+00,+1.8692674E-02
+5.2912412E+00,+1.8702339E-02
+5.2971973E+00,+1.8711993E-02
+5.3031530E+00,+1.8721640E-02
+5.3091092E+00,+1.8731276E-02
+5.3150649E+00,+1.8740902E-02
+5.3210211E+00,+1.8750517E-02
+5.3269768E+00,+1.8760124E-02
+5.3329329E+00,+1.8769721E-02
+5.3388891E+00,+1.8779308E-02
+5.3448448E+00,+1.8788885E-02
+5.3508010E+00,+1.8798454E-02
+5.3567567E+00,+1.8808011E-02
+5.3627129E+00,+1.8817559E-02
+5.3686686E+00,+1.8827099E-02
+5.3746247E+00,+1.8836629E-02
+5.3805804E+00,+1.8846149E-02
+5.3865366E+00,+1.8855659E-02
+5.3924923E+00,+1.8865159E-02
+5.3984485E+00,+1.8874651E-02
+5.4044046E+00,+1.8884134E-02
+5.4103603E+00,+1.8893605E-02
+5.4163165E+00,+1.8903069E-02
+5.4222722E+00,+1.8912522E-02
+5.4282284E+00,+1.8921968E-02
+5.4341841E+00,+1.8931402E-02
+5.4401402E+00,+1.8940829E-02
+5.4460959E+00,+1.8950244E-02
+5.4468775E+00,+1.8951479E-02
+5.4520521E+00,+1.8959651E-02
+5.4580078E+00,+1.8969050E-02
+5.4639640E+00,+1.8978437E-02
+5.4699197E+00,+1.8987818E-02
+5.4758759E+00,+1.8997187E-02
+5.4818320E+00,+1.9006548E-02
+5.4877877E+00,+1.9015901E-02
+5.4937439E+00,+1.9025244E-02
+5.4996996E+00,+1.9034578E-02
+5.5056558E+00,+1.9043902E-02
+5.5116115E+00,+1.9053217E-02
+5.5175676E+00,+1.9062523E-02
+5.5235233E+00,+1.9071819E-02
+5.5294795E+00,+1.9081108E-02
+5.5354352E+00,+1.9090388E-02
+5.5413914E+00,+1.9099658E-02
+5.5473475E+00,+1.9108919E-02
+5.5533032E+00,+1.9118171E-02
+5.5592594E+00,+1.9127415E-02
+5.5652151E+00,+1.9136649E-02
+5.5711713E+00,+1.9145874E-02
+5.5771270E+00,+1.9155091E-02
+5.5830832E+00,+1.9164300E-02
+5.5890388E+00,+1.9173497E-02
+5.5949950E+00,+1.9182688E-02
+5.6009507E+00,+1.9191870E-02
+5.6069069E+00,+1.9201042E-02
+5.6128631E+00,+1.9210206E-02
+5.6188188E+00,+1.9219361E-02
+5.6247749E+00,+1.9228509E-02
+5.6307306E+00,+1.9237645E-02
+5.6366868E+00,+1.9246774E-02
+5.6426425E+00,+1.9255895E-02
+5.6485987E+00,+1.9265007E-02
+5.6545544E+00,+1.9274110E-02
+5.6605105E+00,+1.9283205E-02
+5.6664662E+00,+1.9292291E-02
+5.6724224E+00,+1.9301368E-02
+5.6783786E+00,+1.9310437E-02
+5.6843343E+00,+1.9319497E-02
+5.6902905E+00,+1.9328550E-02
+5.6962461E+00,+1.9337593E-02
+5.7022023E+00,+1.9346628E-02
+5.7081580E+00,+1.9355655E-02
+5.7141142E+00,+1.9364672E-02
+5.7167530E+00,+1.9368665E-02
+5.7200699E+00,+1.9373681E-02
+5.7260261E+00,+1.9382684E-02
+5.7319818E+00,+1.9391676E-02
+5.7379379E+00,+1.9400662E-02
+5.7438941E+00,+1.9409638E-02
+5.7498498E+00,+1.9418605E-02
+5.7558060E+00,+1.9427566E-02
+5.7617617E+00,+1.9436516E-02
+5.7677178E+00,+1.9445460E-02
+5.7736735E+00,+1.9454395E-02
+5.7796297E+00,+1.9463321E-02
+5.7855854E+00,+1.9472240E-02
+5.7915416E+00,+1.9481150E-02
+5.7974973E+00,+1.9490054E-02
+5.8034534E+00,+1.9498948E-02
+5.8094096E+00,+1.9507833E-02
+5.8153653E+00,+1.9516712E-02
+5.8213215E+00,+1.9525582E-02
+5.8272772E+00,+1.9534444E-02
+5.8332334E+00,+1.9543298E-02
+5.8391891E+00,+1.9552143E-02
+5.8451452E+00,+1.9560982E-02
+5.8511009E+00,+1.9569810E-02
+5.8570571E+00,+1.9578634E-02
+5.8630128E+00,+1.9587448E-02
+5.8689690E+00,+1.9596253E-02
+5.8749251E+00,+1.9605052E-02
+5.8808808E+00,+1.9613842E-02
+5.8868370E+00,+1.9622624E-02
+5.8927927E+00,+1.9631399E-02
+5.8987489E+00,+1.9640166E-02
+5.9047046E+00,+1.9648924E-02
+5.9106607E+00,+1.9657677E-02
+5.9166164E+00,+1.9666420E-02
+5.9225726E+00,+1.9675156E-02
+5.9285283E+00,+1.9683884E-02
+5.9344845E+00,+1.9692605E-02
+5.9404407E+00,+1.9701317E-02
+5.9463964E+00,+1.9710023E-02
+5.9523525E+00,+1.9718720E-02
+5.9583082E+00,+1.9727409E-02
+5.9642644E+00,+1.9736093E-02
+5.9702201E+00,+1.9744767E-02
+5.9761763E+00,+1.9753434E-02
+5.9821320E+00,+1.9762093E-02
+5.9880881E+00,+1.9770745E-02
+5.9940438E+00,+1.9779390E-02
+6.0000000E+00,+1.9788027E-02
