+5.0000001E-02,+1.8312867E-05
+5.2477341E-02,+1.9215788E-05
+5.5077430E-02,+2.0162755E-05
+5.5955958E-02,+2.0482554E-05
+5.7806343E-02,+2.1155847E-05
+6.0670465E-02,+2.2197226E-05
+6.1911911E-02,+2.2648306E-05
+6.3676499E-02,+2.3289142E-05
+6.6831470E-02,+2.4433935E-05
+6.7867868E-02,+2.4809713E-05
+7.0142753E-02,+2.5634034E-05
+7.3618107E-02,+2.6891963E-05
+7.3823825E-02,+2.6966371E-05
+7.7265650E-02,+2.8210336E-05
+7.9779781E-02,+2.9117875E-05
+8.1093922E-02,+2.9591856E-05
+8.5111871E-02,+3.1039319E-05
+8.5735738E-02,+3.1263829E-05
+8.9328900E-02,+3.2555607E-05
+9.1691695E-02,+3.3403834E-05
+9.3754865E-02,+3.4143686E-05
+9.7647645E-02,+3.5537505E-05
+9.8400123E-02,+3.5806599E-05
+1.0327554E-01,+3.7547474E-05
+1.0360360E-01,+3.7664449E-05
+1.0839251E-01,+3.9369494E-05
+1.0955956E-01,+3.9784289E-05
+1.1376303E-01,+4.1275900E-05
+1.1551552E-01,+4.1896648E-05
+1.1939962E-01,+4.3269989E-05
+1.2147147E-01,+4.4001150E-05
+1.2531550E-01,+4.5355071E-05
+1.2742743E-01,+4.6097430E-05
+1.3152449E-01,+4.7534486E-05
+1.3338338E-01,+4.8185128E-05
+1.3804111E-01,+4.9811555E-05
+1.3933934E-01,+5.0263887E-05
+1.4488061E-01,+5.2189578E-05
+1.4529529E-01,+5.2333358E-05
+1.5125126E-01,+5.4393196E-05
+1.5205899E-01,+5.4671789E-05
+1.5720721E-01,+5.6443067E-05
+1.5959305E-01,+5.7261332E-05
+1.6316317E-01,+5.8482641E-05
+1.6750038E-01,+5.9961218E-05
+1.6911912E-01,+6.0511589E-05
+1.7507507E-01,+6.2529594E-05
+1.7579949E-01,+6.2774285E-05
+1.8103103E-01,+6.4536354E-05
+1.8450980E-01,+6.5703141E-05
+1.8698698E-01,+6.6531560E-05
+1.9294295E-01,+6.8514913E-05
+1.9365168E-01,+6.8750123E-05
+1.9889890E-01,+7.0486130E-05
+2.0324650E-01,+7.1917217E-05
+2.0485486E-01,+7.2444927E-05
+2.1081081E-01,+7.4391035E-05
+2.1331674E-01,+7.5205986E-05
+2.1676676E-01,+7.6324184E-05
+2.2272272E-01,+7.8244113E-05
+2.2388591E-01,+7.8617508E-05
+2.2867867E-01,+8.0150581E-05
+2.3463464E-01,+8.2043342E-05
+2.3497875E-01,+8.2152270E-05
+2.4059059E-01,+8.3922154E-05
+2.4654655E-01,+8.5786807E-05
+2.4662121E-01,+8.5810090E-05
+2.5250250E-01,+8.7637069E-05
+2.5845847E-01,+8.9472735E-05
+2.5884050E-01,+8.9589987E-05
+2.6441440E-01,+9.1293608E-05
+2.7037036E-01,+9.3099487E-05
+2.7166525E-01,+9.3490096E-05
+2.7632633E-01,+9.4890187E-05
+2.8228229E-01,+9.6665543E-05
+2.8512540E-01,+9.7507553E-05
+2.8823823E-01,+9.8425371E-05
+2.9419419E-01,+1.0016951E-04
+2.9925248E-01,+1.0163835E-04
+3.0015016E-01,+1.0189782E-04
+3.0610612E-01,+1.0361015E-04
+3.1206205E-01,+1.0530636E-04
+3.1407949E-01,+1.0587723E-04
+3.1801802E-01,+1.0698633E-04
+3.2397398E-01,+1.0864993E-04
+3.2964113E-01,+1.1021757E-04
+3.2992992E-01,+1.1029706E-04
+3.3588588E-01,+1.1192759E-04
+3.4184185E-01,+1.1354146E-04
+3.4597382E-01,+1.1465123E-04
+3.4779781E-01,+1.1513854E-04
+3.5375375E-01,+1.1671879E-04
+3.5970971E-01,+1.1828210E-04
+3.6311573E-01,+1.1916848E-04
+3.6566567E-01,+1.1982842E-04
+3.7162161E-01,+1.2135770E-04
+3.7757757E-01,+1.2286987E-04
+3.8110697E-01,+1.2375785E-04
+3.8353354E-01,+1.2436489E-04
+3.8948950E-01,+1.2584272E-04
+3.9544544E-01,+1.2730334E-04
+3.9998963E-01,+1.2840614E-04
+4.0140140E-01,+1.2874672E-04
+4.0735736E-01,+1.3017283E-04
+4.1331330E-01,+1.3158168E-04
+4.1926926E-01,+1.3297326E-04
+4.1980785E-01,+1.3309823E-04
+4.2522523E-01,+1.3434756E-04
+4.3118119E-01,+1.3570460E-04
+4.3713713E-01,+1.3704438E-04
+4.4060802E-01,+1.3781720E-04
+4.4309309E-01,+1.3836693E-04
+4.4904906E-01,+1.3967228E-04
+4.5500502E-01,+1.4096044E-04
+4.6096095E-01,+1.4223148E-04
+4.6243876E-01,+1.4254420E-04
+4.6691692E-01,+1.4348542E-04
+4.7287288E-01,+1.4472230E-04
+4.7882882E-01,+1.4594221E-04
+4.8478478E-01,+1.4714515E-04
+4.8535115E-01,+1.4725866E-04
+4.9074075E-01,+1.4833122E-04
+4.9669671E-01,+1.4950048E-04
+5.0265265E-01,+1.5065300E-04
+5.0860858E-01,+1.5178884E-04
+5.0939876E-01,+1.5193829E-04
+5.1456457E-01,+1.5290811E-04
+5.2052051E-01,+1.5401086E-04
+5.2647650E-01,+1.5509721E-04
+5.3243244E-01,+1.5616723E-04
+5.3463787E-01,+1.5655933E-04
+5.3838837E-01,+1.5722102E-04
+5.4434437E-01,+1.5825867E-04
+5.5030030E-01,+1.5928029E-04
+5.5625623E-01,+1.6028597E-04
+5.6112748E-01,+1.6109673E-04
+5.6221223E-01,+1.6127584E-04
+5.6816816E-01,+1.6225000E-04
+5.7412410E-01,+1.6320856E-04
+5.8008009E-01,+1.6415164E-04
+5.8603603E-01,+1.6507936E-04
+5.8892959E-01,+1.6552456E-04
+5.9199202E-01,+1.6599183E-04
+5.9794796E-01,+1.6688919E-04
+6.0390389E-01,+1.6777156E-04
+6.0985988E-01,+1.6863906E-04
+6.1581582E-01,+1.6949182E-04
+6.1810917E-01,+1.6981627E-04
+6.2177175E-01,+1.7032996E-04
+6.2772775E-01,+1.7115365E-04
+6.3368368E-01,+1.7196298E-04
+6.3963962E-01,+1.7275813E-04
+6.4559561E-01,+1.7353919E-04
+6.4873457E-01,+1.7394523E-04
+6.5155154E-01,+1.7430633E-04
+6.5750748E-01,+1.7505969E-04
+6.6346347E-01,+1.7579939E-04
+6.6941941E-01,+1.7652557E-04
+6.7537540E-01,+1.7723840E-04
+6.8087733E-01,+1.7788514E-04
+6.8133134E-01,+1.7793801E-04
+6.8728727E-01,+1.7862454E-04
+6.9324327E-01,+1.7929813E-04
+6.9919920E-01,+1.7995894E-04
+7.0515513E-01,+1.8060709E-04
+7.1111113E-01,+1.8124277E-04
+7.1461266E-01,+1.8161070E-04
+7.1706706E-01,+1.8186607E-04
+7.2302300E-01,+1.8247718E-04
+7.2897899E-01,+1.8307620E-04
+7.3493493E-01,+1.8366333E-04
+7.4089092E-01,+1.8423870E-04
+7.4684685E-01,+1.8480243E-04
+7.5001943E-01,+1.8509802E-04
+7.5280279E-01,+1.8535469E-04
+7.5875878E-01,+1.8589561E-04
+7.6471472E-01,+1.8642536E-04
+7.7067065E-01,+1.8694406E-04
+7.7662665E-01,+1.8745186E-04
+7.8258258E-01,+1.8794891E-04
+7.8718054E-01,+1.8832537E-04
+7.8853852E-01,+1.8843536E-04
+7.9449451E-01,+1.8891135E-04
+8.0045044E-01,+1.8937701E-04
+8.0640638E-01,+1.8983248E-04
+8.1236237E-01,+1.9027792E-04
+8.1831831E-01,+1.9071346E-04
+8.2427430E-01,+1.9113925E-04
+8.2618290E-01,+1.9127365E-04
+8.3023024E-01,+1.9155542E-04
+8.3618617E-01,+1.9196210E-04
+8.4214216E-01,+1.9235944E-04
+8.4809810E-01,+1.9274757E-04
+8.5405403E-01,+1.9312663E-04
+8.6001003E-01,+1.9349674E-04
+8.6596596E-01,+1.9385807E-04
+8.6711764E-01,+1.9392693E-04
+8.7192190E-01,+1.9421072E-04
+8.7787789E-01,+1.9455481E-04
+8.8383383E-01,+1.9489053E-04
+8.8978976E-01,+1.9521794E-04
+8.9574575E-01,+1.9553721E-04
+9.0170169E-01,+1.9584845E-04
+9.0765768E-01,+1.9615180E-04
+9.1008061E-01,+1.9627297E-04
+9.1361362E-01,+1.9644738E-04
+9.1956955E-01,+1.9673530E-04
+9.2552555E-01,+1.9701570E-04
+9.3148148E-01,+1.9728870E-04
+9.3743742E-01,+1.9755440E-04
+9.4339341E-01,+1.9781294E-04
+9.4934934E-01,+1.9806444E-04
+9.5517224E-01,+1.9830362E-04
+9.5530528E-01,+1.9830900E-04
+9.6126127E-01,+1.9854675E-04
+9.6721721E-01,+1.9877781E-04
+9.7317320E-01,+1.9900226E-04
+9.7912914E-01,+1.9922025E-04
+9.8508507E-01,+1.9943186E-04
+9.9104106E-01,+1.9963722E-04
+9.9699700E-01,+1.9983642E-04
+1.0024980E+00,+2.0001504E-04
+1.0029529E+00,+2.0002959E-04
+1.0089089E+00,+2.0021682E-04
+1.0148649E+00,+2.0039821E-04
+1.0208209E+00,+2.0057388E-04
+1.0267768E+00,+2.0074390E-04
+1.0327327E+00,+2.0090841E-04
+1.0386887E+00,+2.0106749E-04
+1.0446446E+00,+2.0122124E-04
+1.0506006E+00,+2.0136975E-04
+1.0521686E+00,+2.0140798E-04
+1.0565566E+00,+2.0151312E-04
+1.0625125E+00,+2.0165145E-04
+1.0684685E+00,+2.0178482E-04
+1.0744244E+00,+2.0191332E-04
+1.0803804E+00,+2.0203706E-04
+1.0863364E+00,+2.0215612E-04
+1.0922923E+00,+2.0227059E-04
+1.0982482E+00,+2.0238056E-04
+1.1042042E+00,+2.0248609E-04
+1.1043003E+00,+2.0248776E-04
+1.1101601E+00,+2.0258730E-04
+1.1161162E+00,+2.0268424E-04
+1.1220721E+00,+2.0277702E-04
+1.1280280E+00,+2.0286570E-04
+1.1339840E+00,+2.0295038E-04
+1.1399399E+00,+2.0303113E-04
+1.1458958E+00,+2.0310802E-04
+1.1518519E+00,+2.0318113E-04
+1.1578078E+00,+2.0325054E-04
+1.1590148E+00,+2.0326416E-04
+1.1637638E+00,+2.0331633E-04
+1.1697197E+00,+2.0337856E-04
+1.1756756E+00,+2.0343730E-04
+1.1816317E+00,+2.0349263E-04
+1.1875876E+00,+2.0354462E-04
+1.1935436E+00,+2.0359333E-04
+1.1994995E+00,+2.0363885E-04
+1.2054554E+00,+2.0368121E-04
+1.2114114E+00,+2.0372051E-04
+1.2164404E+00,+2.0375133E-04
+1.2173674E+00,+2.0375679E-04
+1.2233233E+00,+2.0379013E-04
+1.2292793E+00,+2.0382059E-04
+1.2352352E+00,+2.0384822E-04
+1.2411911E+00,+2.0387310E-04
+1.2471472E+00,+2.0389527E-04
+1.2531031E+00,+2.0391481E-04
+1.2590591E+00,+2.0393175E-04
+1.2650150E+00,+2.0394617E-04
+1.2709709E+00,+2.0395812E-04
+1.2767112E+00,+2.0396736E-04
+1.2769269E+00,+2.0396765E-04
+1.2828829E+00,+2.0397482E-04
+1.2888389E+00,+2.0397968E-04
+1.2947948E+00,+2.0398229E-04
+1.3007507E+00,+2.0398269E-04
+1.3067067E+00,+2.0398095E-04
+1.3126627E+00,+2.0397709E-04
+1.3186187E+00,+2.0397117E-04
+1.3245746E+00,+2.0396325E-04
+1.3305305E+00,+2.0395337E-04
+1.3364865E+00,+2.0394158E-04
+1.3399682E+00,+2.0393383E-04
+1.3424424E+00,+2.0392794E-04
+1.3483984E+00,+2.0391245E-04
+1.3543544E+00,+2.0389519E-04
+1.3603103E+00,+2.0387620E-04
+1.3662663E+00,+2.0385552E-04
+1.3722222E+00,+2.0383320E-04
+1.3781781E+00,+2.0380926E-04
+1.3841342E+00,+2.0378375E-04
+1.3900901E+00,+2.0375673E-04
+1.3960460E+00,+2.0372821E-04
+1.4020020E+00,+2.0369825E-04
+1.4063594E+00,+2.0367543E-04
+1.4079579E+00,+2.0366687E-04
+1.4139140E+00,+2.0363412E-04
+1.4198699E+00,+2.0360004E-04
+1.4258258E+00,+2.0356465E-04
+1.4317818E+00,+2.0352799E-04
+1.4377377E+00,+2.0349010E-04
+1.4436936E+00,+2.0345101E-04
+1.4496497E+00,+2.0341076E-04
+1.4556056E+00,+2.0336939E-04
+1.4615616E+00,+2.0332691E-04
+1.4675175E+00,+2.0328336E-04
+1.4734734E+00,+2.0323879E-04
+1.4760401E+00,+2.0321926E-04
+1.4794295E+00,+2.0319319E-04
+1.4853854E+00,+2.0314664E-04
+1.4913414E+00,+2.0309913E-04
+1.4972973E+00,+2.0305070E-04
+1.5032532E+00,+2.0300140E-04
+1.5092092E+00,+2.0295123E-04
+1.5151652E+00,+2.0290021E-04
+1.5211211E+00,+2.0284840E-04
+1.5270771E+00,+2.0279581E-04
+1.5330330E+00,+2.0274246E-04
+1.5389889E+00,+2.0268837E-04
+1.5449450E+00,+2.0263360E-04
+1.5491732E+00,+2.0259430E-04
+1.5509009E+00,+2.0257814E-04
+1.5568569E+00,+2.0252202E-04
+1.5628128E+00,+2.0246528E-04
+1.5687687E+00,+2.0240791E-04
+1.5747247E+00,+2.0234997E-04
+1.5806807E+00,+2.0229146E-04
+1.5866367E+00,+2.0223240E-04
+1.5925926E+00,+2.0217284E-04
+1.5985485E+00,+2.0211276E-04
+1.6045045E+00,+2.0205221E-04
+1.6104605E+00,+2.0199121E-04
+1.6164165E+00,+2.0192975E-04
+1.6223724E+00,+2.0186788E-04
+1.6259300E+00,+2.0183073E-04
+1.6283283E+00,+2.0180560E-04
+1.6342843E+00,+2.0174295E-04
+1.6402402E+00,+2.0167993E-04
+1.6461962E+00,+2.0161655E-04
+1.6521522E+00,+2.0155286E-04
+1.6581081E+00,+2.0148885E-04
+1.6640640E+00,+2.0142454E-04
+1.6700200E+00,+2.0135996E-04
+1.6759759E+00,+2.0129512E-04
+1.6819320E+00,+2.0123002E-04
+1.6878879E+00,+2.0116470E-04
+1.6938438E+00,+2.0109916E-04
+1.6997998E+00,+2.0103343E-04
+1.7057557E+00,+2.0096749E-04
+1.7064896E+00,+2.0095936E-04
+1.7117118E+00,+2.0090140E-04
+1.7176677E+00,+2.0083514E-04
+1.7236236E+00,+2.0076874E-04
+1.7295796E+00,+2.0070221E-04
+1.7355355E+00,+2.0063558E-04
+1.7414914E+00,+2.0056881E-04
+1.7474475E+00,+2.0050198E-04
+1.7534034E+00,+2.0043505E-04
+1.7593594E+00,+2.0036806E-04
+1.7653153E+00,+2.0030102E-04
+1.7712712E+00,+2.0023392E-04
+1.7772273E+00,+2.0016680E-04
+1.7831832E+00,+2.0009966E-04
+1.7891392E+00,+2.0003250E-04
+1.7910408E+00,+2.0001105E-04
+1.7950951E+00,+1.9996535E-04
+1.8010510E+00,+1.9989819E-04
+1.8070070E+00,+1.9983108E-04
+1.8129630E+00,+1.9976398E-04
+1.8189189E+00,+1.9969692E-04
+1.8248749E+00,+1.9962991E-04
+1.8308308E+00,+1.9956297E-04
+1.8367867E+00,+1.9949609E-04
+1.8427428E+00,+1.9942928E-04
+1.8486987E+00,+1.9936258E-04
+1.8546547E+00,+1.9929596E-04
+1.8606106E+00,+1.9922943E-04
+1.8665665E+00,+1.9916303E-04
+1.8725225E+00,+1.9909673E-04
+1.8784785E+00,+1.9903058E-04
+1.8797812E+00,+1.9901611E-04
+1.8844345E+00,+1.9896454E-04
+1.8903904E+00,+1.9889865E-04
+1.8963463E+00,+1.9883292E-04
+1.9023023E+00,+1.9876733E-04
+1.9082582E+00,+1.9870191E-04
+1.9142143E+00,+1.9863666E-04
+1.9201702E+00,+1.9857158E-04
+1.9261261E+00,+1.9850668E-04
+1.9320821E+00,+1.9844198E-04
+1.9380380E+00,+1.9837746E-04
+1.9439940E+00,+1.9831315E-04
+1.9499500E+00,+1.9824905E-04
+1.9559059E+00,+1.9818515E-04
+1.9618618E+00,+1.9812147E-04
+1.9678178E+00,+1.9805801E-04
+1.9729185E+00,+1.9800385E-04
+1.9737737E+00,+1.9799478E-04
+1.9797298E+00,+1.9793180E-04
+1.9856857E+00,+1.9786904E-04
+1.9916416E+00,+1.9780653E-04
+1.9975976E+00,+1.9774426E-04
+2.0035536E+00,+1.9768225E-04
+2.0095096E+00,+1.9762049E-04
+2.0154655E+00,+1.9755900E-04
+2.0214214E+00,+1.9749776E-04
+2.0273774E+00,+1.9743681E-04
+2.0333333E+00,+1.9737611E-04
+2.0392892E+00,+1.9731571E-04
+2.0452452E+00,+1.9725558E-04
+2.0512011E+00,+1.9719572E-04
+2.0571570E+00,+1.9713616E-04
+2.0631132E+00,+1.9707691E-04
+2.0690691E+00,+1.9701793E-04
+2.0706704E+00,+1.9700213E-04
+2.0750251E+00,+1.9695926E-04
+2.0809810E+00,+1.9690089E-04
+2.0869370E+00,+1.9684281E-04
+2.0928929E+00,+1.9678505E-04
+2.0988488E+00,+1.9672760E-04
+2.1048048E+00,+1.9667046E-04
+2.1107607E+00,+1.9661363E-04
+2.1167166E+00,+1.9655713E-04
+2.1226726E+00,+1.9650094E-04
+2.1286287E+00,+1.9644509E-04
+2.1345847E+00,+1.9638955E-04
+2.1405406E+00,+1.9633434E-04
+2.1464965E+00,+1.9627946E-04
+2.1524525E+00,+1.9622492E-04
+2.1584084E+00,+1.9617070E-04
+2.1643643E+00,+1.9611683E-04
+2.1703203E+00,+1.9606329E-04
+2.1732657E+00,+1.9603694E-04
+2.1762762E+00,+1.9601009E-04
+2.1822321E+00,+1.9595723E-04
+2.1881881E+00,+1.9590472E-04
+2.1941442E+00,+1.9585254E-04
+2.2001002E+00,+1.9580072E-04
+2.2060561E+00,+1.9574925E-04
+2.2120121E+00,+1.9569811E-04
+2.2179680E+00,+1.9564734E-04
+2.2239239E+00,+1.9559691E-04
+2.2298799E+00,+1.9554683E-04
+2.2358358E+00,+1.9549712E-04
+2.2417917E+00,+1.9544775E-04
+2.2477477E+00,+1.9539875E-04
+2.2537036E+00,+1.9535009E-04
+2.2596598E+00,+1.9530181E-04
+2.2656157E+00,+1.9525387E-04
+2.2715716E+00,+1.9520629E-04
+2.2775276E+00,+1.9515908E-04
+2.2809441E+00,+1.9513216E-04
+2.2834835E+00,+1.9511222E-04
+2.2894394E+00,+1.9506573E-04
+2.2953954E+00,+1.9501960E-04
+2.3013513E+00,+1.9497384E-04
+2.3073072E+00,+1.9492843E-04
+2.3132632E+00,+1.9488340E-04
+2.3192191E+00,+1.9483872E-04
+2.3251753E+00,+1.9479443E-04
+2.3311312E+00,+1.9475048E-04
+2.3370872E+00,+1.9470690E-04
+2.3430431E+00,+1.9466369E-04
+2.3489990E+00,+1.9462084E-04
+2.3549550E+00,+1.9457836E-04
+2.3609109E+00,+1.9453625E-04
+2.3668668E+00,+1.9449450E-04
+2.3728228E+00,+1.9445311E-04
+2.3787787E+00,+1.9441210E-04
+2.3847346E+00,+1.9437146E-04
+2.3906908E+00,+1.9433118E-04
+2.3939576E+00,+1.9430924E-04
+2.3966467E+00,+1.9429126E-04
+2.4026027E+00,+1.9425171E-04
+2.4085586E+00,+1.9421252E-04
+2.4145145E+00,+1.9417371E-04
+2.4204705E+00,+1.9413527E-04
+2.4264264E+00,+1.9409717E-04
+2.4323823E+00,+1.9405945E-04
+2.4383383E+00,+1.9402210E-04
+2.4442942E+00,+1.9398511E-04
+2.4502501E+00,+1.9394848E-04
+2.4562063E+00,+1.9391222E-04
+2.4621623E+00,+1.9387633E-04
+2.4681182E+00,+1.9384079E-04
+2.4740741E+00,+1.9380562E-04
+2.4800301E+00,+1.9377080E-04
+2.4859860E+00,+1.9373636E-04
+2.4919419E+00,+1.9370228E-04
+2.4978979E+00,+1.9366854E-04
+2.5038538E+00,+1.9363518E-04
+2.5098097E+00,+1.9360217E-04
+2.5125706E+00,+1.9358698E-04
+2.5157657E+00,+1.9356952E-04
+2.5217218E+00,+1.9353723E-04
+2.5276778E+00,+1.9350529E-04
+2.5336337E+00,+1.9347371E-04
+2.5395896E+00,+1.9344249E-04
+2.5455456E+00,+1.9341163E-04
+2.5515015E+00,+1.9338111E-04
+2.5574574E+00,+1.9335096E-04
+2.5634134E+00,+1.9332116E-04
+2.5693693E+00,+1.9329171E-04
+2.5753253E+00,+1.9326260E-04
+2.5812812E+00,+1.9323385E-04
+2.5872371E+00,+1.9320544E-04
+2.5931933E+00,+1.9317740E-04
+2.5991492E+00,+1.9314970E-04
+2.6051052E+00,+1.9312234E-04
+2.6110611E+00,+1.9309533E-04
+2.6170170E+00,+1.9306866E-04
+2.6229730E+00,+1.9304235E-04
+2.6289289E+00,+1.9301636E-04
+2.6348848E+00,+1.9299073E-04
+2.6370606E+00,+1.9298145E-04
+2.6408408E+00,+1.9296544E-04
+2.6467967E+00,+1.9294048E-04
+2.6527526E+00,+1.9291586E-04
+2.6587088E+00,+1.9289159E-04
+2.6646647E+00,+1.9286765E-04
+2.6706207E+00,+1.9284405E-04
+2.6765766E+00,+1.9282078E-04
+2.6825325E+00,+1.9279784E-04
+2.6884885E+00,+1.9277525E-04
+2.6944444E+00,+1.9275298E-04
+2.7004004E+00,+1.9273104E-04
+2.7063563E+00,+1.9270943E-04
+2.7123122E+00,+1.9268815E-04
+2.7182682E+00,+1.9266720E-04
+2.7242243E+00,+1.9264658E-04
+2.7301803E+00,+1.9262628E-04
+2.7361362E+00,+1.9260630E-04
+2.7420921E+00,+1.9258664E-04
+2.7480481E+00,+1.9256731E-04
+2.7540040E+00,+1.9254831E-04
+2.7599599E+00,+1.9252961E-04
+2.7659159E+00,+1.9251123E-04
+2.7677188E+00,+1.9250574E-04
+2.7718718E+00,+1.9249319E-04
+2.7778277E+00,+1.9247543E-04
+2.7837837E+00,+1.9245801E-04
+2.7897398E+00,+1.9244090E-04
+2.7956958E+00,+1.9242409E-04
+2.8016517E+00,+1.9240761E-04
+2.8076077E+00,+1.9239142E-04
+2.8135636E+00,+1.9237556E-04
+2.8195195E+00,+1.9235999E-04
+2.8254755E+00,+1.9234474E-04
+2.8314314E+00,+1.9232978E-04
+2.8373873E+00,+1.9231513E-04
+2.8433433E+00,+1.9230078E-04
+2.8492992E+00,+1.9228674E-04
+2.8552554E+00,+1.9227299E-04
+2.8612113E+00,+1.9225954E-04
+2.8671672E+00,+1.9224639E-04
+2.8731232E+00,+1.9223352E-04
+2.8790791E+00,+1.9222096E-04
+2.8850350E+00,+1.9220870E-04
+2.8909910E+00,+1.9219672E-04
+2.8969469E+00,+1.9218503E-04
+2.9029028E+00,+1.9217364E-04
+2.9048505E+00,+1.9216997E-04
+2.9088588E+00,+1.9216252E-04
+2.9148147E+00,+1.9215171E-04
+2.9207709E+00,+1.9214116E-04
+2.9267268E+00,+1.9213092E-04
+2.9326828E+00,+1.9212095E-04
+2.9386387E+00,+1.9211126E-04
+2.9445946E+00,+1.9210184E-04
+2.9505506E+00,+1.9209272E-04
+2.9565065E+00,+1.9208387E-04
+2.9624624E+00,+1.9207528E-04
+2.9684184E+00,+1.9206699E-04
+2.9743743E+00,+1.9205896E-04
+2.9803302E+00,+1.9205120E-04
+2.9862864E+00,+1.9204372E-04
+2.9922423E+00,+1.9203650E-04
+2.9981983E+00,+1.9202956E-04
+3.0041542E+00,+1.9202288E-04
+3.0101101E+00,+1.9201647E-04
+3.0160661E+00,+1.9201031E-04
+3.0220220E+00,+1.9200443E-04
+3.0279779E+00,+1.9199880E-04
+3.0339339E+00,+1.9199344E-04
+3.0398898E+00,+1.9198834E-04
+3.0458457E+00,+1.9198349E-04
+3.0487766E+00,+1.9198119E-04
+3.0518019E+00,+1.9197889E-04
+3.0577579E+00,+1.9197456E-04
+3.0637138E+00,+1.9197048E-04
+3.0696697E+00,+1.9196664E-04
+3.0756257E+00,+1.9196306E-04
+3.0815816E+00,+1.9195974E-04
+3.0875375E+00,+1.9195666E-04
+3.0934935E+00,+1.9195382E-04
+3.0994494E+00,+1.9195123E-04
+3.1054053E+00,+1.9194889E-04
+3.1113613E+00,+1.9194679E-04
+3.1173172E+00,+1.9194493E-04
+3.1232734E+00,+1.9194331E-04
+3.1292293E+00,+1.9194193E-04
+3.1351852E+00,+1.9194080E-04
+3.1411412E+00,+1.9193989E-04
+3.1470971E+00,+1.9193922E-04
+3.1530530E+00,+1.9193879E-04
+3.1590090E+00,+1.9193858E-04
+3.1649649E+00,+1.9193861E-04
+3.1709208E+00,+1.9193886E-04
+3.1768768E+00,+1.9193935E-04
+3.1828327E+00,+1.9194007E-04
+3.1887889E+00,+1.9194101E-04
+3.1947448E+00,+1.9194218E-04
+3.1998341E+00,+1.9194334E-04
+3.2007008E+00,+1.9194356E-04
+3.2066567E+00,+1.9194518E-04
+3.2126126E+00,+1.9194701E-04
+3.2185686E+00,+1.9194906E-04
+3.2245245E+00,+1.9195133E-04
+3.2304804E+00,+1.9195382E-04
+3.2364364E+00,+1.9195653E-04
+3.2423923E+00,+1.9195944E-04
+3.2483482E+00,+1.9196258E-04
+3.2543044E+00,+1.9196591E-04
+3.2602603E+00,+1.9196948E-04
+3.2662163E+00,+1.9197323E-04
+3.2721722E+00,+1.9197720E-04
+3.2781281E+00,+1.9198138E-04
+3.2840841E+00,+1.9198578E-04
+3.2900400E+00,+1.9199036E-04
+3.2959960E+00,+1.9199515E-04
+3.3019519E+00,+1.9200015E-04
+3.3079078E+00,+1.9200535E-04
+3.3138638E+00,+1.9201073E-04
+3.3198199E+00,+1.9201633E-04
+3.3257759E+00,+1.9202211E-04
+3.3317318E+00,+1.9202811E-04
+3.3376877E+00,+1.9203428E-04
+3.3436437E+00,+1.9204065E-04
+3.3495996E+00,+1.9204721E-04
+3.3555555E+00,+1.9205398E-04
+3.3583758E+00,+1.9205724E-04
+3.3615115E+00,+1.9206092E-04
+3.3674674E+00,+1.9206805E-04
+3.3734233E+00,+1.9207537E-04
+3.3793793E+00,+1.9208288E-04
+3.3853354E+00,+1.9209058E-04
+3.3912914E+00,+1.9209845E-04
+3.3972473E+00,+1.9210651E-04
+3.4032032E+00,+1.9211475E-04
+3.4091592E+00,+1.9212316E-04
+3.4151151E+00,+1.9213176E-04
+3.4210711E+00,+1.9214053E-04
+3.4270270E+00,+1.9214948E-04
+3.4329829E+00,+1.9215861E-04
+3.4389389E+00,+1.9216791E-04
+3.4448948E+00,+1.9217738E-04
+3.4508510E+00,+1.9218703E-04
+3.4568069E+00,+1.9219684E-04
+3.4627628E+00,+1.9220682E-04
+3.4687188E+00,+1.9221698E-04
+3.4746747E+00,+1.9222729E-04
+3.4806306E+00,+1.9223779E-04
+3.4865866E+00,+1.9224844E-04
+3.4925425E+00,+1.9225925E-04
+3.4984984E+00,+1.9227022E-04
+3.5044544E+00,+1.9228135E-04
+3.5104103E+00,+1.9229266E-04
+3.5163665E+00,+1.9230411E-04
+3.5223224E+00,+1.9231573E-04
+3.5247726E+00,+1.9232054E-04
+3.5282784E+00,+1.9232750E-04
+3.5342343E+00,+1.9233942E-04
+3.5401902E+00,+1.9235149E-04
+3.5461462E+00,+1.9236373E-04
+3.5521021E+00,+1.9237612E-04
+3.5580580E+00,+1.9238866E-04
+3.5640140E+00,+1.9240135E-04
+3.5699699E+00,+1.9241418E-04
+3.5759258E+00,+1.9242716E-04
+3.5818820E+00,+1.9244029E-04
+3.5878379E+00,+1.9245358E-04
+3.5937939E+00,+1.9246699E-04
+3.5997498E+00,+1.9248055E-04
+3.6057057E+00,+1.9249426E-04
+3.6116617E+00,+1.9250810E-04
+3.6176176E+00,+1.9252210E-04
+3.6235735E+00,+1.9253622E-04
+3.6295295E+00,+1.9255049E-04
+3.6354854E+00,+1.9256488E-04
+3.6414413E+00,+1.9257942E-04
+3.6473973E+00,+1.9259410E-04
+3.6533535E+00,+1.9260890E-04
+3.6593094E+00,+1.9262385E-04
+3.6652653E+00,+1.9263892E-04
+3.6712213E+00,+1.9265412E-04
+3.6771772E+00,+1.9266945E-04
+3.6831331E+00,+1.9268491E-04
+3.6890891E+00,+1.9270049E-04
+3.6950450E+00,+1.9271621E-04
+3.6994140E+00,+1.9272782E-04
+3.7010009E+00,+1.9273206E-04
+3.7069569E+00,+1.9274802E-04
+3.7129128E+00,+1.9276411E-04
+3.7188690E+00,+1.9278032E-04
+3.7248249E+00,+1.9279665E-04
+3.7307808E+00,+1.9281311E-04
+3.7367368E+00,+1.9282967E-04
+3.7426927E+00,+1.9284636E-04
+3.7486486E+00,+1.9286317E-04
+3.7546046E+00,+1.9288011E-04
+3.7605605E+00,+1.9289715E-04
+3.7665164E+00,+1.9291430E-04
+3.7724724E+00,+1.9293156E-04
+3.7784283E+00,+1.9294895E-04
+3.7843845E+00,+1.9296644E-04
+3.7903404E+00,+1.9298405E-04
+3.7962964E+00,+1.9300176E-04
+3.8022523E+00,+1.9301959E-04
+3.8082082E+00,+1.9303751E-04
+3.8141642E+00,+1.9305554E-04
+3.8201201E+00,+1.9307369E-04
+3.8260760E+00,+1.9309194E-04
+3.8320320E+00,+1.9311029E-04
+3.8379879E+00,+1.9312876E-04
+3.8439438E+00,+1.9314731E-04
+3.8499000E+00,+1.9316596E-04
+3.8558559E+00,+1.9318472E-04
+3.8618119E+00,+1.9320358E-04
+3.8677678E+00,+1.9322254E-04
+3.8737237E+00,+1.9324159E-04
+3.8796797E+00,+1.9326076E-04
+3.8827083E+00,+1.9327052E-04
+3.8856356E+00,+1.9327999E-04
+3.8915915E+00,+1.9329933E-04
+3.8975475E+00,+1.9331877E-04
+3.9035034E+00,+1.9333830E-04
+3.9094594E+00,+1.9335793E-04
+3.9154155E+00,+1.9337764E-04
+3.9213715E+00,+1.9339744E-04
+3.9273274E+00,+1.9341733E-04
+3.9332833E+00,+1.9343731E-04
+3.9392393E+00,+1.9345740E-04
+3.9451952E+00,+1.9347755E-04
+3.9511511E+00,+1.9349779E-04
+3.9571071E+00,+1.9351812E-04
+3.9630630E+00,+1.9353852E-04
+3.9690189E+00,+1.9355903E-04
+3.9749749E+00,+1.9357960E-04
+3.9809310E+00,+1.9360027E-04
+3.9868870E+00,+1.9362100E-04
+3.9928429E+00,+1.9364183E-04
+3.9987988E+00,+1.9366272E-04
+4.0047545E+00,+1.9368371E-04
+4.0107107E+00,+1.9370476E-04
+4.0166669E+00,+1.9372589E-04
+4.0226226E+00,+1.9374711E-04
+4.0285788E+00,+1.9376838E-04
+4.0345345E+00,+1.9378975E-04
+4.0404906E+00,+1.9381118E-04
+4.0464463E+00,+1.9383269E-04
+4.0524025E+00,+1.9385427E-04
+4.0583582E+00,+1.9387591E-04
+4.0643144E+00,+1.9389763E-04
+4.0702701E+00,+1.9391942E-04
+4.0750842E+00,+1.9393708E-04
+4.0762262E+00,+1.9394128E-04
+4.0821824E+00,+1.9396321E-04
+4.0881381E+00,+1.9398519E-04
+4.0940943E+00,+1.9400725E-04
+4.1000500E+00,+1.9402937E-04
+4.1060061E+00,+1.9405156E-04
+4.1119618E+00,+1.9407381E-04
+4.1179180E+00,+1.9409614E-04
+4.1238737E+00,+1.9411852E-04
+4.1298299E+00,+1.9414096E-04
+4.1357856E+00,+1.9416345E-04
+4.1417418E+00,+1.9418601E-04
+4.1476979E+00,+1.9420864E-04
+4.1536536E+00,+1.9423131E-04
+4.1596098E+00,+1.9425405E-04
+4.1655655E+00,+1.9427684E-04
+4.1715217E+00,+1.9429970E-04
+4.1774774E+00,+1.9432261E-04
+4.1834335E+00,+1.9434557E-04
+4.1893892E+00,+1.9436859E-04
+4.1953454E+00,+1.9439166E-04
+4.2013011E+00,+1.9441478E-04
+4.2072573E+00,+1.9443796E-04
+4.2132134E+00,+1.9446119E-04
+4.2191691E+00,+1.9448446E-04
+4.2251253E+00,+1.9450780E-04
+4.2310810E+00,+1.9453117E-04
+4.2370372E+00,+1.9455460E-04
+4.2429929E+00,+1.9457807E-04
+4.2489491E+00,+1.9460158E-04
+4.2549047E+00,+1.9462516E-04
+4.2608609E+00,+1.9464876E-04
+4.2668166E+00,+1.9467242E-04
+4.2727728E+00,+1.9469613E-04
+4.2769918E+00,+1.9471295E-04
+4.2787290E+00,+1.9471988E-04
+4.2846847E+00,+1.9474367E-04
+4.2906408E+00,+1.9476749E-04
+4.2965965E+00,+1.9479137E-04
+4.3025527E+00,+1.9481529E-04
+4.3085084E+00,+1.9483925E-04
+4.3144646E+00,+1.9486324E-04
+4.3204203E+00,+1.9488727E-04
+4.3263764E+00,+1.9491135E-04
+4.3323321E+00,+1.9493545E-04
+4.3382883E+00,+1.9495960E-04
+4.3442445E+00,+1.9498379E-04
+4.3502002E+00,+1.9500800E-04
+4.3561563E+00,+1.9503226E-04
+4.3621120E+00,+1.9505655E-04
+4.3680682E+00,+1.9508088E-04
+4.3740239E+00,+1.9510524E-04
+4.3799801E+00,+1.9512963E-04
+4.3859358E+00,+1.9515405E-04
+4.3918920E+00,+1.9517851E-04
+4.3978477E+00,+1.9520299E-04
+4.4038038E+00,+1.9522751E-04
+4.4097595E+00,+1.9525204E-04
+4.4157157E+00,+1.9527662E-04
+4.4216719E+00,+1.9530123E-04
+4.4276276E+00,+1.9532585E-04
+4.4335837E+00,+1.9535051E-04
+4.4395394E+00,+1.9537519E-04
+4.4454956E+00,+1.9539990E-04
+4.4514513E+00,+1.9542464E-04
+4.4574075E+00,+1.9544939E-04
+4.4633632E+00,+1.9547417E-04
+4.4693193E+00,+1.9549899E-04
+4.4752750E+00,+1.9552381E-04
+4.4812312E+00,+1.9554867E-04
+4.4871874E+00,+1.9557355E-04
+4.4889035E+00,+1.9558072E-04
+4.4931431E+00,+1.9559845E-04
+4.4990993E+00,+1.9562336E-04
+4.5050550E+00,+1.9564830E-04
+4.5110111E+00,+1.9567326E-04
+4.5169668E+00,+1.9569823E-04
+4.5229230E+00,+1.9572323E-04
+4.5288787E+00,+1.9574823E-04
+4.5348349E+00,+1.9577327E-04
+4.5407906E+00,+1.9579832E-04
+4.5467467E+00,+1.9582338E-04
+4.5527029E+00,+1.9584845E-04
+4.5586586E+00,+1.9587355E-04
+4.5646148E+00,+1.9589865E-04
+4.5705705E+00,+1.9592379E-04
+4.5765266E+00,+1.9594892E-04
+4.5824823E+00,+1.9597406E-04
+4.5884385E+00,+1.9599924E-04
+4.5943942E+00,+1.9602441E-04
+4.6003504E+00,+1.9604959E-04
+4.6063061E+00,+1.9607479E-04
+4.6122622E+00,+1.9609999E-04
+4.6182184E+00,+1.9612521E-04
+4.6241741E+00,+1.9615043E-04
+4.6301303E+00,+1.9617568E-04
+4.6360860E+00,+1.9620091E-04
+4.6420422E+00,+1.9622617E-04
+4.6479979E+00,+1.9625142E-04
+4.6539540E+00,+1.9627670E-04
+4.6599097E+00,+1.9630196E-04
+4.6658659E+00,+1.9632725E-04
+4.6718216E+00,+1.9635253E-04
+4.6777778E+00,+1.9637782E-04
+4.6837339E+00,+1.9640311E-04
+4.6896896E+00,+1.9642840E-04
+4.6956458E+00,+1.9645371E-04
+4.7016015E+00,+1.9647901E-04
+4.7075577E+00,+1.9650432E-04
+4.7113147E+00,+1.9652028E-04
+4.7135134E+00,+1.9652963E-04
+4.7194695E+00,+1.9655493E-04
+4.7254252E+00,+1.9658024E-04
+4.7313814E+00,+1.9660556E-04
+4.7373371E+00,+1.9663086E-04
+4.7432933E+00,+1.9665618E-04
+4.7492495E+00,+1.9668149E-04
+4.7552052E+00,+1.9670679E-04
+4.7611613E+00,+1.9673210E-04
+4.7671170E+00,+1.9675741E-04
+4.7730732E+00,+1.9678271E-04
+4.7790289E+00,+1.9680800E-04
+4.7849851E+00,+1.9683331E-04
+4.7909408E+00,+1.9685860E-04
+4.7968969E+00,+1.9688389E-04
+4.8028526E+00,+1.9690917E-04
+4.8088088E+00,+1.9693444E-04
+4.8147650E+00,+1.9695972E-04
+4.8207207E+00,+1.9698498E-04
+4.8266768E+00,+1.9701025E-04
+4.8326325E+00,+1.9703549E-04
+4.8385887E+00,+1.9706074E-04
+4.8445444E+00,+1.9708597E-04
+4.8505006E+00,+1.9711121E-04
+4.8564563E+00,+1.9713643E-04
+4.8624125E+00,+1.9716163E-04
+4.8683681E+00,+1.9718683E-04
+4.8743243E+00,+1.9721202E-04
+4.8802805E+00,+1.9723721E-04
+4.8862362E+00,+1.9726237E-04
+4.8921924E+00,+1.9728753E-04
+4.8981481E+00,+1.9731268E-04
+4.9041042E+00,+1.9733782E-04
+4.9100599E+00,+1.9736294E-04
+4.9160161E+00,+1.9738806E-04
+4.9219718E+00,+1.9741314E-04
+4.9279280E+00,+1.9743823E-04
+4.9338837E+00,+1.9746331E-04
+4.9398398E+00,+1.9748836E-04
+4.9447455E+00,+1.9750898E-04
+4.9457960E+00,+1.9751339E-04
+4.9517517E+00,+1.9753842E-04
+4.9577079E+00,+1.9756344E-04
+4.9636636E+00,+1.9758842E-04
+4.9696198E+00,+1.9761341E-04
+4.9755754E+00,+1.9763836E-04
+4.9815316E+00,+1.9766331E-04
+4.9874873E+00,+1.9768823E-04
+4.9934435E+00,+1.9771315E-04
+4.9993992E+00,+1.9773803E-04
+5.0053554E+00,+1.9776291E-04
+5.0113115E+00,+1.9778777E-04
+5.0172672E+00,+1.9781259E-04
+5.0232234E+00,+1.9783741E-04
+5.0291791E+00,+1.9786220E-04
+5.0351353E+00,+1.9788698E-04
+5.0410910E+00,+1.9791174E-04
+5.0470471E+00,+1.9793648E-04
+5.0530028E+00,+1.9796118E-04
+5.0589590E+00,+1.9798586E-04
+5.0649147E+00,+1.9801054E-04
+5.0708709E+00,+1.9803518E-04
+5.0768270E+00,+1.9805980E-04
+5.0827827E+00,+1.9808441E-04
+5.0887389E+00,+1.9810899E-04
+5.0946946E+00,+1.9813354E-04
+5.1006508E+00,+1.9815806E-04
+5.1066065E+00,+1.9818256E-04
+5.1125627E+00,+1.9820705E-04
+5.1185184E+00,+1.9823150E-04
+5.1244745E+00,+1.9825593E-04
+5.1304302E+00,+1.9828034E-04
+5.1363864E+00,+1.9830471E-04
+5.1423426E+00,+1.9832906E-04
+5.1482983E+00,+1.9835339E-04
+5.1542544E+00,+1.9837769E-04
+5.1602101E+00,+1.9840195E-04
+5.1661663E+00,+1.9842619E-04
+5.1721220E+00,+1.9845041E-04
+5.1780782E+00,+1.9847459E-04
+5.1840339E+00,+1.9849876E-04
+5.1897421E+00,+1.9852188E-04
+5.1899900E+00,+1.9852289E-04
+5.1959457E+00,+1.9854699E-04
+5.2019019E+00,+1.9857106E-04
+5.2078581E+00,+1.9859509E-04
+5.2138138E+00,+1.9861911E-04
+5.2197700E+00,+1.9864309E-04
+5.2257257E+00,+1.9866704E-04
+5.2316818E+00,+1.9869095E-04
+5.2376375E+00,+1.9871484E-04
+5.2435937E+00,+1.9873869E-04
+5.2495494E+00,+1.9876251E-04
+5.2555056E+00,+1.9878631E-04
+5.2614613E+00,+1.9881007E-04
+5.2674174E+00,+1.9883379E-04
+5.2733736E+00,+1.9885749E-04
+5.2793293E+00,+1.9888114E-04
+5.2852855E+00,+1.9890477E-04
+5.2912412E+00,+1.9892836E-04
+5.2971973E+00,+1.9895192E-04
+5.3031530E+00,+1.9897545E-04
+5.3091092E+00,+1.9899894E-04
+5.3150649E+00,+1.9902240E-04
+5.3210211E+00,+1.9904581E-04
+5.3269768E+00,+1.9906920E-04
+5.3329329E+00,+1.9909255E-04
+5.3388891E+00,+1.9911586E-04
+5.3448448E+00,+1.9913913E-04
+5.3508010E+00,+1.9916239E-04
+5.3567567E+00,+1.9918558E-04
+5.3627129E+00,+1.9920875E-04
+5.3686686E+00,+1.9923187E-04
+5.3746247E+00,+1.9925497E-04
+5.3805804E+00,+1.9927803E-04
+5.3865366E+00,+1.9930104E-04
+5.3924923E+00,+1.9932401E-04
+5.3984485E+00,+1.9934696E-04
+5.4044046E+00,+1.9936985E-04
+5.4103603E+00,+1.9939271E-04
+5.4163165E+00,+1.9941555E-04
+5.4222722E+00,+1.9943832E-04
+5.4282284E+00,+1.9946106E-04
+5.4341841E+00,+1.9948377E-04
+5.4401402E+00,+1.9950644E-04
+5.4460959E+00,+1.9952905E-04
+5.4468775E+00,+1.9953202E-04
+5.4520521E+00,+1.9955164E-04
+5.4580078E+00,+1.9957418E-04
+5.4639640E+00,+1.9959667E-04
+5.4699197E+00,+1.9961913E-04
+5.4758759E+00,+1.9964155E-04
+5.4818320E+00,+1.9966393E-04
+5.4877877E+00,+1.9968626E-04
+5.4937439E+00,+1.9970855E-04
+5.4996996E+00,+1.9973080E-04
+5.5056558E+00,+1.9975301E-04
+5.5116115E+00,+1.9977517E-04
+5.5175676E+00,+1.9979729E-04
+5.5235233E+00,+1.9981936E-04
+5.5294795E+00,+1.9984139E-04
+5.5354352E+00,+1.9986338E-04
+5.5413914E+00,+1.9988533E-04
+5.5473475E+00,+1.9990723E-04
+5.5533032E+00,+1.9992908E-04
+5.5592594E+00,+1.9995090E-04
+5.5652151E+00,+1.9997267E-04
+5.5711713E+00,+1.9999438E-04
+5.5771270E+00,+2.0001606E-04
+5.5830832E+00,+2.0003768E-04
+5.5890388E+00,+2.0005928E-04
+5.5949950E+00,+2.0008082E-04
+5.6009507E+00,+2.0010231E-04
+5.6069069E+00,+2.0012376E-04
+5.6128631E+00,+2.0014515E-04
+5.6188188E+00,+2.0016651E-04
+5.6247749E+00,+2.0018782E-04
+5.6307306E+00,+2.0020908E-04
+5.6366868E+00,+2.0023029E-04
+5.6426425E+00,+2.0025145E-04
+5.6485987E+00,+2.0027258E-04
+5.6545544E+00,+2.0029364E-04
+5.6605105E+00,+2.0031467E-04
+5.6664662E+00,+2.0033563E-04
+5.6724224E+00,+2.0035658E-04
+5.6783786E+00,+2.0037744E-04
+5.6843343E+00,+2.0039828E-04
+5.6902905E+00,+2.0041906E-04
+5.6962461E+00,+2.0043978E-04
+5.7022023E+00,+2.0046046E-04
+5.7081580E+00,+2.0048110E-04
+5.7141142E+00,+2.0050169E-04
+5.7167530E+00,+2.0051078E-04
+5.7200699E+00,+2.0052222E-04
+5.7260261E+00,+2.0054269E-04
+5.7319818E+00,+2.0056314E-04
+5.7379379E+00,+2.0058351E-04
+5.7438941E+00,+2.0060386E-04
+5.7498498E+00,+2.0062413E-04
+5.7558060E+00,+2.0064437E-04
+5.7617617E+00,+2.0066454E-04
+5.7677178E+00,+2.0068468E-04
+5.7736735E+00,+2.0070474E-04
+5.7796297E+00,+2.0072478E-04
+5.7855854E+00,+2.0074475E-04
+5.7915416E+00,+2.0076468E-04
+5.7974973E+00,+2.0078455E-04
+5.8034534E+00,+2.0080437E-04
+5.8094096E+00,+2.0082414E-04
+5.8153653E+00,+2.0084385E-04
+5.8213215E+00,+2.0086352E-04
+5.8272772E+00,+2.0088312E-04
+5.8332334E+00,+2.0090268E-04
+5.8391891E+00,+2.0092219E-04
+5.8451452E+00,+2.0094163E-04
+5.8511009E+00,+2.0096103E-04
+5.8570571E+00,+2.0098039E-04
+5.8630128E+00,+2.0099968E-04
+5.8689690E+00,+2.0101892E-04
+5.8749251E+00,+2.0103810E-04
+5.8808808E+00,+2.0105724E-04
+5.8868370E+00,+2.0107631E-04
+5.8927927E+00,+2.0109533E-04
+5.8987489E+00,+2.0111429E-04
+5.9047046E+00,+2.0113321E-04
+5.9106607E+00,+2.0115207E-04
+5.9166164E+00,+2.0117087E-04
+5.9225726E+00,+2.0118963E-04
+5.9285283E+00,+2.0120831E-04
+5.9344845E+00,+2.0122695E-04
+5.9404407E+00,+2.0124554E-04
+5.9463964E+00,+2.0126408E-04
+5.9523525E+00,+2.0128254E-04
+5.9583082E+00,+2.0130097E-04
+5.9642644E+00,+2.0131933E-04
+5.9702201E+00,+2.0133764E-04
+5.9761763E+00,+2.0135588E-04
+5.9821320E+00,+2.0137407E-04
+5.9880881E+00,+2.0139221E-04
+5.9940438E+00,+2.0141029E-04
+6.0000000E+00,+2.0142832E-04
