+5.0000001E-02,+3.1147338E-05
+5.2477341E-02,+3.2683060E-05
+5.5077430E-02,+3.4293702E-05
+5.5955958E-02,+3.4837631E-05
+5.7806343E-02,+3.5982794E-05
+6.0670465E-02,+3.7754013E-05
+6.1911911E-02,+3.8521226E-05
+6.3676499E-02,+3.9611186E-05
+6.6831470E-02,+4.1558291E-05
+6.7867868E-02,+4.2197429E-05
+7.0142753E-02,+4.3599466E-05
+7.3618107E-02,+4.5739002E-05
+7.3823825E-02,+4.5865552E-05
+7.7265650E-02,+4.7981335E-05
+7.9779781E-02,+4.9524908E-05
+8.1093922E-02,+5.0331073E-05
+8.5111871E-02,+5.2792966E-05
+8.5735738E-02,+5.3174819E-05
+8.9328900E-02,+5.5371918E-05
+9.1691695E-02,+5.6814610E-05
+9.3754865E-02,+5.8072972E-05
+9.7647645E-02,+6.0443621E-05
+9.8400123E-02,+6.0901308E-05
+1.0327554E-01,+6.3862237E-05
+1.0360360E-01,+6.4061191E-05
+1.0839251E-01,+6.6961176E-05
+1.0955956E-01,+6.7666668E-05
+1.1376303E-01,+7.0203641E-05
+1.1551552E-01,+7.1259419E-05
+1.1939962E-01,+7.3595227E-05
+1.2147147E-01,+7.4838805E-05
+1.2531550E-01,+7.7141580E-05
+1.2742743E-01,+7.8404199E-05
+1.3152449E-01,+8.0848367E-05
+1.3338338E-01,+8.1954990E-05
+1.3804111E-01,+8.4721243E-05
+1.3933934E-01,+8.5490567E-05
+1.4488061E-01,+8.8765810E-05
+1.4529529E-01,+8.9010347E-05
+1.5125126E-01,+9.2513743E-05
+1.5205899E-01,+9.2987575E-05
+1.5720721E-01,+9.6000171E-05
+1.5959305E-01,+9.7391880E-05
+1.6316317E-01,+9.9469078E-05
+1.6750038E-01,+1.0198385E-04
+1.6911912E-01,+1.0291991E-04
+1.7507507E-01,+1.0635213E-04
+1.7579949E-01,+1.0676830E-04
+1.8103103E-01,+1.0976521E-04
+1.8450980E-01,+1.1174966E-04
+1.8698698E-01,+1.1315863E-04
+1.9294295E-01,+1.1653189E-04
+1.9365168E-01,+1.1693193E-04
+1.9889890E-01,+1.1988450E-04
+2.0324650E-01,+1.2231845E-04
+2.0485486E-01,+1.2321598E-04
+2.1081081E-01,+1.2652586E-04
+2.1331674E-01,+1.2791190E-04
+2.1676676E-01,+1.2981369E-04
+2.2272272E-01,+1.3307905E-04
+2.2388591E-01,+1.3371410E-04
+2.2867867E-01,+1.3632150E-04
+2.3463464E-01,+1.3954061E-04
+2.3497875E-01,+1.3972589E-04
+2.4059059E-01,+1.4273601E-04
+2.4654655E-01,+1.4590731E-04
+2.4662121E-01,+1.4594691E-04
+2.5250250E-01,+1.4905413E-04
+2.5845847E-01,+1.5217612E-04
+2.5884050E-01,+1.5237552E-04
+2.6441440E-01,+1.5527292E-04
+2.7037036E-01,+1.5834424E-04
+2.7166525E-01,+1.5900854E-04
+2.7632633E-01,+1.6138972E-04
+2.8228229E-01,+1.6440908E-04
+2.8512540E-01,+1.6584111E-04
+2.8823823E-01,+1.6740205E-04
+2.9419419E-01,+1.7036831E-04
+2.9925248E-01,+1.7286636E-04
+3.0015016E-01,+1.7330765E-04
+3.0610612E-01,+1.7621979E-04
+3.1206205E-01,+1.7910452E-04
+3.1407949E-01,+1.8007540E-04
+3.1801802E-01,+1.8196162E-04
+3.2397398E-01,+1.8479086E-04
+3.2964113E-01,+1.8745688E-04
+3.2992992E-01,+1.8759207E-04
+3.3588588E-01,+1.9036507E-04
+3.4184185E-01,+1.9310969E-04
+3.4597382E-01,+1.9499703E-04
+3.4779781E-01,+1.9582578E-04
+3.5375375E-01,+1.9851320E-04
+3.5970971E-01,+2.0117183E-04
+3.6311573E-01,+2.0267924E-04
+3.6566567E-01,+2.0380155E-04
+3.7162161E-01,+2.0640227E-04
+3.7757757E-01,+2.0897388E-04
+3.8110697E-01,+2.1048402E-04
+3.8353354E-01,+2.1151634E-04
+3.8948950E-01,+2.1402954E-04
+3.9544544E-01,+2.1651346E-04
+3.9998963E-01,+2.1838889E-04
+4.0140140E-01,+2.1896805E-04
+4.0735736E-01,+2.2139327E-04
+4.1331330E-01,+2.2378913E-04
+4.1926926E-01,+2.2615558E-04
+4.1980785E-01,+2.2636812E-04
+4.2522523E-01,+2.2849266E-04
+4.3118119E-01,+2.3080036E-04
+4.3713713E-01,+2.3307872E-04
+4.4060802E-01,+2.3439292E-04
+4.4309309E-01,+2.3532777E-04
+4.4904906E-01,+2.3754755E-04
+4.5500502E-01,+2.3973810E-04
+4.6096095E-01,+2.4189950E-04
+4.6243876E-01,+2.4243128E-04
+4.6691692E-01,+2.4403182E-04
+4.7287288E-01,+2.4613514E-04
+4.7882882E-01,+2.4820954E-04
+4.8478478E-01,+2.5025511E-04
+4.8535115E-01,+2.5044812E-04
+4.9074075E-01,+2.5227200E-04
+4.9669671E-01,+2.5426026E-04
+5.0265265E-01,+2.5622005E-04
+5.0860858E-01,+2.5815150E-04
+5.0939876E-01,+2.5840561E-04
+5.1456457E-01,+2.6005472E-04
+5.2052051E-01,+2.6192988E-04
+5.2647650E-01,+2.6377710E-04
+5.3243244E-01,+2.6559655E-04
+5.3463787E-01,+2.6626326E-04
+5.3838837E-01,+2.6738839E-04
+5.4434437E-01,+2.6915278E-04
+5.5030030E-01,+2.7088990E-04
+5.5625623E-01,+2.7259995E-04
+5.6112748E-01,+2.7397851E-04
+5.6221223E-01,+2.7428305E-04
+5.6816816E-01,+2.7593947E-04
+5.7412410E-01,+2.7756931E-04
+5.8008009E-01,+2.7917285E-04
+5.8603603E-01,+2.8075025E-04
+5.8892959E-01,+2.8150724E-04
+5.9199202E-01,+2.8230174E-04
+5.9794796E-01,+2.8382748E-04
+6.0390389E-01,+2.8532775E-04
+6.0985988E-01,+2.8680271E-04
+6.1581582E-01,+2.8825263E-04
+6.1810917E-01,+2.8880427E-04
+6.2177175E-01,+2.8967767E-04
+6.2772775E-01,+2.9107812E-04
+6.3368368E-01,+2.9245418E-04
+6.3963962E-01,+2.9380605E-04
+6.4559561E-01,+2.9513400E-04
+6.4873457E-01,+2.9582434E-04
+6.5155154E-01,+2.9643829E-04
+6.5750748E-01,+2.9771909E-04
+6.6346347E-01,+2.9897669E-04
+6.6941941E-01,+3.0021134E-04
+6.7537540E-01,+3.0142322E-04
+6.8087733E-01,+3.0252273E-04
+6.8133134E-01,+3.0261264E-04
+6.8728727E-01,+3.0377979E-04
+6.9324327E-01,+3.0492496E-04
+6.9919920E-01,+3.0604837E-04
+7.0515513E-01,+3.0715027E-04
+7.1111113E-01,+3.0823093E-04
+7.1461266E-01,+3.0885640E-04
+7.1706706E-01,+3.0929054E-04
+7.2302300E-01,+3.1032943E-04
+7.2897899E-01,+3.1134780E-04
+7.3493493E-01,+3.1234589E-04
+7.4089092E-01,+3.1332398E-04
+7.4684685E-01,+3.1428228E-04
+7.5001943E-01,+3.1478479E-04
+7.5280279E-01,+3.1522108E-04
+7.5875878E-01,+3.1614062E-04
+7.6471472E-01,+3.1704112E-04
+7.7067065E-01,+3.1792285E-04
+7.7662665E-01,+3.1878604E-04
+7.8258258E-01,+3.1963096E-04
+7.8718054E-01,+3.2027086E-04
+7.8853852E-01,+3.2045782E-04
+7.9449451E-01,+3.2126691E-04
+8.0045044E-01,+3.2205842E-04
+8.0640638E-01,+3.2283261E-04
+8.1236237E-01,+3.2358975E-04
+8.1831831E-01,+3.2433006E-04
+8.2427430E-01,+3.2505376E-04
+8.2618290E-01,+3.2528219E-04
+8.3023024E-01,+3.2576110E-04
+8.3618617E-01,+3.2645231E-04
+8.4214216E-01,+3.2712767E-04
+8.4809810E-01,+3.2778733E-04
+8.5405403E-01,+3.2843158E-04
+8.6001003E-01,+3.2906063E-04
+8.6596596E-01,+3.2967469E-04
+8.6711764E-01,+3.2979174E-04
+8.7192190E-01,+3.3027402E-04
+8.7787789E-01,+3.3085883E-04
+8.8383383E-01,+3.3142936E-04
+8.8978976E-01,+3.3198576E-04
+8.9574575E-01,+3.3252835E-04
+9.0170169E-01,+3.3305728E-04
+9.0765768E-01,+3.3357277E-04
+9.1008061E-01,+3.3377868E-04
+9.1361362E-01,+3.3407504E-04
+9.1956955E-01,+3.3456431E-04
+9.2552555E-01,+3.3504076E-04
+9.3148148E-01,+3.3550465E-04
+9.3743742E-01,+3.3595614E-04
+9.4339341E-01,+3.3639546E-04
+9.4934934E-01,+3.3682276E-04
+9.5517224E-01,+3.3722914E-04
+9.5530528E-01,+3.3723831E-04
+9.6126127E-01,+3.3764227E-04
+9.6721721E-01,+3.3803482E-04
+9.7317320E-01,+3.3841617E-04
+9.7912914E-01,+3.3878649E-04
+9.8508507E-01,+3.3914600E-04
+9.9104106E-01,+3.3949487E-04
+9.9699700E-01,+3.3983329E-04
+1.0024980E+00,+3.4013670E-04
+1.0029529E+00,+3.4016141E-04
+1.0089089E+00,+3.4047946E-04
+1.0148649E+00,+3.4078758E-04
+1.0208209E+00,+3.4108595E-04
+1.0267768E+00,+3.4137478E-04
+1.0327327E+00,+3.4165417E-04
+1.0386887E+00,+3.4192434E-04
+1.0446446E+00,+3.4218546E-04
+1.0506006E+00,+3.4243768E-04
+1.0521686E+00,+3.4250261E-04
+1.0565566E+00,+3.4268113E-04
+1.0625125E+00,+3.4291603E-04
+1.0684685E+00,+3.4314251E-04
+1.0744244E+00,+3.4336071E-04
+1.0803804E+00,+3.4357081E-04
+1.0863364E+00,+3.4377293E-04
+1.0922923E+00,+3.4396726E-04
+1.0982482E+00,+3.4415393E-04
+1.1042042E+00,+3.4433309E-04
+1.1043003E+00,+3.4433592E-04
+1.1101601E+00,+3.4450486E-04
+1.1161162E+00,+3.4466942E-04
+1.1220721E+00,+3.4482687E-04
+1.1280280E+00,+3.4497736E-04
+1.1339840E+00,+3.4512105E-04
+1.1399399E+00,+3.4525804E-04
+1.1458958E+00,+3.4538849E-04
+1.1518519E+00,+3.4551250E-04
+1.1578078E+00,+3.4563022E-04
+1.1590148E+00,+3.4565333E-04
+1.1637638E+00,+3.4574178E-04
+1.1697197E+00,+3.4584731E-04
+1.1756756E+00,+3.4594690E-04
+1.1816317E+00,+3.4604070E-04
+1.1875876E+00,+3.4612880E-04
+1.1935436E+00,+3.4621134E-04
+1.1994995E+00,+3.4628843E-04
+1.2054554E+00,+3.4636020E-04
+1.2114114E+00,+3.4642671E-04
+1.2164404E+00,+3.4647892E-04
+1.2173674E+00,+3.4648814E-04
+1.2233233E+00,+3.4654455E-04
+1.2292793E+00,+3.4659603E-04
+1.2352352E+00,+3.4664274E-04
+1.2411911E+00,+3.4668477E-04
+1.2471472E+00,+3.4672220E-04
+1.2531031E+00,+3.4675514E-04
+1.2590591E+00,+3.4678367E-04
+1.2650150E+00,+3.4680791E-04
+1.2709709E+00,+3.4682796E-04
+1.2767112E+00,+3.4684339E-04
+1.2769269E+00,+3.4684391E-04
+1.2828829E+00,+3.4685584E-04
+1.2888389E+00,+3.4686382E-04
+1.2947948E+00,+3.4686798E-04
+1.3007507E+00,+3.4686842E-04
+1.3067067E+00,+3.4686516E-04
+1.3126627E+00,+3.4685835E-04
+1.3186187E+00,+3.4684804E-04
+1.3245746E+00,+3.4683431E-04
+1.3305305E+00,+3.4681725E-04
+1.3364865E+00,+3.4679694E-04
+1.3399682E+00,+3.4678361E-04
+1.3424424E+00,+3.4677348E-04
+1.3483984E+00,+3.4674691E-04
+1.3543544E+00,+3.4671731E-04
+1.3603103E+00,+3.4668477E-04
+1.3662663E+00,+3.4664935E-04
+1.3722222E+00,+3.4661114E-04
+1.3781781E+00,+3.4657019E-04
+1.3841342E+00,+3.4652659E-04
+1.3900901E+00,+3.4648037E-04
+1.3960460E+00,+3.4643163E-04
+1.4020020E+00,+3.4638043E-04
+1.4063594E+00,+3.4634146E-04
+1.4079579E+00,+3.4632685E-04
+1.4139140E+00,+3.4627091E-04
+1.4198699E+00,+3.4621274E-04
+1.4258258E+00,+3.4615232E-04
+1.4317818E+00,+3.4608974E-04
+1.4377377E+00,+3.4602510E-04
+1.4436936E+00,+3.4595840E-04
+1.4496497E+00,+3.4588974E-04
+1.4556056E+00,+3.4581913E-04
+1.4615616E+00,+3.4574670E-04
+1.4675175E+00,+3.4567242E-04
+1.4734734E+00,+3.4559640E-04
+1.4760401E+00,+3.4556311E-04
+1.4794295E+00,+3.4551867E-04
+1.4853854E+00,+3.4543927E-04
+1.4913414E+00,+3.4535828E-04
+1.4972973E+00,+3.4527571E-04
+1.5032532E+00,+3.4519163E-04
+1.5092092E+00,+3.4510612E-04
+1.5151652E+00,+3.4501916E-04
+1.5211211E+00,+3.4493086E-04
+1.5270771E+00,+3.4484122E-04
+1.5330330E+00,+3.4475030E-04
+1.5389889E+00,+3.4465812E-04
+1.5449450E+00,+3.4456476E-04
+1.5491732E+00,+3.4449779E-04
+1.5509009E+00,+3.4447026E-04
+1.5568569E+00,+3.4437462E-04
+1.5628128E+00,+3.4427794E-04
+1.5687687E+00,+3.4418021E-04
+1.5747247E+00,+3.4408146E-04
+1.5806807E+00,+3.4398178E-04
+1.5866367E+00,+3.4388117E-04
+1.5925926E+00,+3.4377968E-04
+1.5985485E+00,+3.4367733E-04
+1.6045045E+00,+3.4357418E-04
+1.6104605E+00,+3.4347022E-04
+1.6164165E+00,+3.4336557E-04
+1.6223724E+00,+3.4326015E-04
+1.6259300E+00,+3.4319688E-04
+1.6283283E+00,+3.4315407E-04
+1.6342843E+00,+3.4304734E-04
+1.6402402E+00,+3.4293998E-04
+1.6461962E+00,+3.4283206E-04
+1.6521522E+00,+3.4272356E-04
+1.6581081E+00,+3.4261454E-04
+1.6640640E+00,+3.4250502E-04
+1.6700200E+00,+3.4239501E-04
+1.6759759E+00,+3.4228456E-04
+1.6819320E+00,+3.4217371E-04
+1.6878879E+00,+3.4206247E-04
+1.6938438E+00,+3.4195083E-04
+1.6997998E+00,+3.4183890E-04
+1.7057557E+00,+3.4172661E-04
+1.7064896E+00,+3.4171276E-04
+1.7117118E+00,+3.4161404E-04
+1.7176677E+00,+3.4150120E-04
+1.7236236E+00,+3.4138813E-04
+1.7295796E+00,+3.4127483E-04
+1.7355355E+00,+3.4116133E-04
+1.7414914E+00,+3.4104768E-04
+1.7474475E+00,+3.4093382E-04
+1.7534034E+00,+3.4081988E-04
+1.7593594E+00,+3.4070580E-04
+1.7653153E+00,+3.4059162E-04
+1.7712712E+00,+3.4047739E-04
+1.7772273E+00,+3.4036310E-04
+1.7831832E+00,+3.4024875E-04
+1.7891392E+00,+3.4013440E-04
+1.7910408E+00,+3.4009787E-04
+1.7950951E+00,+3.4002005E-04
+1.8010510E+00,+3.3990570E-04
+1.8070070E+00,+3.3979141E-04
+1.8129630E+00,+3.3967718E-04
+1.8189189E+00,+3.3956300E-04
+1.8248749E+00,+3.3944892E-04
+1.8308308E+00,+3.3933492E-04
+1.8367867E+00,+3.3922103E-04
+1.8427428E+00,+3.3910730E-04
+1.8486987E+00,+3.3899370E-04
+1.8546547E+00,+3.3888029E-04
+1.8606106E+00,+3.3876701E-04
+1.8665665E+00,+3.3865395E-04
+1.8725225E+00,+3.3854108E-04
+1.8784785E+00,+3.3842842E-04
+1.8797812E+00,+3.3840383E-04
+1.8844345E+00,+3.3831602E-04
+1.8903904E+00,+3.3820383E-04
+1.8963463E+00,+3.3809189E-04
+1.9023023E+00,+3.3798025E-04
+1.9082582E+00,+3.3786884E-04
+1.9142143E+00,+3.3775775E-04
+1.9201702E+00,+3.3764695E-04
+1.9261261E+00,+3.3753648E-04
+1.9320821E+00,+3.3742632E-04
+1.9380380E+00,+3.3731648E-04
+1.9439940E+00,+3.3720696E-04
+1.9499500E+00,+3.3709782E-04
+1.9559059E+00,+3.3698906E-04
+1.9618618E+00,+3.3688065E-04
+1.9678178E+00,+3.3677262E-04
+1.9729185E+00,+3.3668039E-04
+1.9737737E+00,+3.3666496E-04
+1.9797298E+00,+3.3655771E-04
+1.9856857E+00,+3.3645087E-04
+1.9916416E+00,+3.3634444E-04
+1.9975976E+00,+3.3623845E-04
+2.0035536E+00,+3.3613286E-04
+2.0095096E+00,+3.3602773E-04
+2.0154655E+00,+3.3592302E-04
+2.0214214E+00,+3.3581880E-04
+2.0273774E+00,+3.3571498E-04
+2.0333333E+00,+3.3561166E-04
+2.0392892E+00,+3.3550881E-04
+2.0452452E+00,+3.3540645E-04
+2.0512011E+00,+3.3530456E-04
+2.0571570E+00,+3.3520316E-04
+2.0631132E+00,+3.3510226E-04
+2.0690691E+00,+3.3500188E-04
+2.0706704E+00,+3.3497496E-04
+2.0750251E+00,+3.3490197E-04
+2.0809810E+00,+3.3480261E-04
+2.0869370E+00,+3.3470374E-04
+2.0928929E+00,+3.3460540E-04
+2.0988488E+00,+3.3450758E-04
+2.1048048E+00,+3.3441032E-04
+2.1107607E+00,+3.3431358E-04
+2.1167166E+00,+3.3421739E-04
+2.1226726E+00,+3.3412172E-04
+2.1286287E+00,+3.3402661E-04
+2.1345847E+00,+3.3393208E-04
+2.1405406E+00,+3.3383808E-04
+2.1464965E+00,+3.3374465E-04
+2.1524525E+00,+3.3365178E-04
+2.1584084E+00,+3.3355950E-04
+2.1643643E+00,+3.3346776E-04
+2.1703203E+00,+3.3337661E-04
+2.1732657E+00,+3.3333176E-04
+2.1762762E+00,+3.3328604E-04
+2.1822321E+00,+3.3319605E-04
+2.1881881E+00,+3.3310664E-04
+2.1941442E+00,+3.3301782E-04
+2.2001002E+00,+3.3292960E-04
+2.2060561E+00,+3.3284194E-04
+2.2120121E+00,+3.3275489E-04
+2.2179680E+00,+3.3266845E-04
+2.2239239E+00,+3.3258260E-04
+2.2298799E+00,+3.3249735E-04
+2.2358358E+00,+3.3241269E-04
+2.2417917E+00,+3.3232867E-04
+2.2477477E+00,+3.3224522E-04
+2.2537036E+00,+3.3216240E-04
+2.2596598E+00,+3.3208015E-04
+2.2656157E+00,+3.3199854E-04
+2.2715716E+00,+3.3191754E-04
+2.2775276E+00,+3.3183716E-04
+2.2809441E+00,+3.3179132E-04
+2.2834835E+00,+3.3175739E-04
+2.2894394E+00,+3.3167822E-04
+2.2953954E+00,+3.3159970E-04
+2.3013513E+00,+3.3152179E-04
+2.3073072E+00,+3.3144446E-04
+2.3132632E+00,+3.3136780E-04
+2.3192191E+00,+3.3129173E-04
+2.3251753E+00,+3.3121629E-04
+2.3311312E+00,+3.3114146E-04
+2.3370872E+00,+3.3106728E-04
+2.3430431E+00,+3.3099370E-04
+2.3489990E+00,+3.3092074E-04
+2.3549550E+00,+3.3084842E-04
+2.3609109E+00,+3.3077670E-04
+2.3668668E+00,+3.3070560E-04
+2.3728228E+00,+3.3063514E-04
+2.3787787E+00,+3.3056532E-04
+2.3847346E+00,+3.3049611E-04
+2.3906908E+00,+3.3042752E-04
+2.3939576E+00,+3.3039015E-04
+2.3966467E+00,+3.3035956E-04
+2.4026027E+00,+3.3029221E-04
+2.4085586E+00,+3.3022548E-04
+2.4145145E+00,+3.3015938E-04
+2.4204705E+00,+3.3009393E-04
+2.4264264E+00,+3.3002906E-04
+2.4323823E+00,+3.2996482E-04
+2.4383383E+00,+3.2990123E-04
+2.4442942E+00,+3.2983822E-04
+2.4502501E+00,+3.2977585E-04
+2.4562063E+00,+3.2971412E-04
+2.4621623E+00,+3.2965298E-04
+2.4681182E+00,+3.2959247E-04
+2.4740741E+00,+3.2953257E-04
+2.4800301E+00,+3.2947329E-04
+2.4859860E+00,+3.2941462E-04
+2.4919419E+00,+3.2935655E-04
+2.4978979E+00,+3.2929913E-04
+2.5038538E+00,+3.2924229E-04
+2.5098097E+00,+3.2918609E-04
+2.5125706E+00,+3.2916022E-04
+2.5157657E+00,+3.2913047E-04
+2.5217218E+00,+3.2907547E-04
+2.5276778E+00,+3.2902110E-04
+2.5336337E+00,+3.2896732E-04
+2.5395896E+00,+3.2891415E-04
+2.5455456E+00,+3.2886156E-04
+2.5515015E+00,+3.2880960E-04
+2.5574574E+00,+3.2875824E-04
+2.5634134E+00,+3.2870748E-04
+2.5693693E+00,+3.2865730E-04
+2.5753253E+00,+3.2860774E-04
+2.5812812E+00,+3.2855876E-04
+2.5872371E+00,+3.2851039E-04
+2.5931933E+00,+3.2846260E-04
+2.5991492E+00,+3.2841542E-04
+2.6051052E+00,+3.2836880E-04
+2.6110611E+00,+3.2832279E-04
+2.6170170E+00,+3.2827738E-04
+2.6229730E+00,+3.2823253E-04
+2.6289289E+00,+3.2818827E-04
+2.6348848E+00,+3.2814461E-04
+2.6370606E+00,+3.2812881E-04
+2.6408408E+00,+3.2810151E-04
+2.6467967E+00,+3.2805899E-04
+2.6527526E+00,+3.2801705E-04
+2.6587088E+00,+3.2797569E-04
+2.6646647E+00,+3.2793492E-04
+2.6706207E+00,+3.2789470E-04
+2.6765766E+00,+3.2785506E-04
+2.6825325E+00,+3.2781597E-04
+2.6884885E+00,+3.2777747E-04
+2.6944444E+00,+3.2773952E-04
+2.7004004E+00,+3.2770215E-04
+2.7063563E+00,+3.2766533E-04
+2.7123122E+00,+3.2762907E-04
+2.7182682E+00,+3.2759336E-04
+2.7242243E+00,+3.2755820E-04
+2.7301803E+00,+3.2752359E-04
+2.7361362E+00,+3.2748954E-04
+2.7420921E+00,+3.2745604E-04
+2.7480481E+00,+3.2742310E-04
+2.7540040E+00,+3.2739071E-04
+2.7599599E+00,+3.2735884E-04
+2.7659159E+00,+3.2732752E-04
+2.7677188E+00,+3.2731815E-04
+2.7718718E+00,+3.2729673E-04
+2.7778277E+00,+3.2726649E-04
+2.7837837E+00,+3.2723678E-04
+2.7897398E+00,+3.2720761E-04
+2.7956958E+00,+3.2717898E-04
+2.8016517E+00,+3.2715086E-04
+2.8076077E+00,+3.2712327E-04
+2.8135636E+00,+3.2709620E-04
+2.8195195E+00,+3.2706966E-04
+2.8254755E+00,+3.2704364E-04
+2.8314314E+00,+3.2701815E-04
+2.8373873E+00,+3.2699315E-04
+2.8433433E+00,+3.2696867E-04
+2.8492992E+00,+3.2694472E-04
+2.8552554E+00,+3.2692126E-04
+2.8612113E+00,+3.2689833E-04
+2.8671672E+00,+3.2687589E-04
+2.8731232E+00,+3.2685394E-04
+2.8790791E+00,+3.2683249E-04
+2.8850350E+00,+3.2681157E-04
+2.8909910E+00,+3.2679114E-04
+2.8969469E+00,+3.2677117E-04
+2.9029028E+00,+3.2675173E-04
+2.9048505E+00,+3.2674547E-04
+2.9088588E+00,+3.2673276E-04
+2.9148147E+00,+3.2671430E-04
+2.9207709E+00,+3.2669632E-04
+2.9267268E+00,+3.2667880E-04
+2.9326828E+00,+3.2666177E-04
+2.9386387E+00,+3.2664521E-04
+2.9445946E+00,+3.2662915E-04
+2.9505506E+00,+3.2661355E-04
+2.9565065E+00,+3.2659844E-04
+2.9624624E+00,+3.2658377E-04
+2.9684184E+00,+3.2656960E-04
+2.9743743E+00,+3.2655586E-04
+2.9803302E+00,+3.2654262E-04
+2.9862864E+00,+3.2652981E-04
+2.9922423E+00,+3.2651747E-04
+2.9981983E+00,+3.2650560E-04
+3.0041542E+00,+3.2649416E-04
+3.0101101E+00,+3.2648319E-04
+3.0160661E+00,+3.2647265E-04
+3.0220220E+00,+3.2646258E-04
+3.0279779E+00,+3.2645295E-04
+3.0339339E+00,+3.2644375E-04
+3.0398898E+00,+3.2643499E-04
+3.0458457E+00,+3.2642667E-04
+3.0487766E+00,+3.2642274E-04
+3.0518019E+00,+3.2641881E-04
+3.0577579E+00,+3.2641136E-04
+3.0637138E+00,+3.2640435E-04
+3.0696697E+00,+3.2639777E-04
+3.0756257E+00,+3.2639160E-04
+3.0815816E+00,+3.2638590E-04
+3.0875375E+00,+3.2638057E-04
+3.0934935E+00,+3.2637568E-04
+3.0994494E+00,+3.2637123E-04
+3.1054053E+00,+3.2636715E-04
+3.1113613E+00,+3.2636352E-04
+3.1173172E+00,+3.2636028E-04
+3.1232734E+00,+3.2635746E-04
+3.1292293E+00,+3.2635505E-04
+3.1351852E+00,+3.2635304E-04
+3.1411412E+00,+3.2635144E-04
+3.1470971E+00,+3.2635024E-04
+3.1530530E+00,+3.2634943E-04
+3.1590090E+00,+3.2634902E-04
+3.1649649E+00,+3.2634899E-04
+3.1709208E+00,+3.2634937E-04
+3.1768768E+00,+3.2635013E-04
+3.1828327E+00,+3.2635126E-04
+3.1887889E+00,+3.2635281E-04
+3.1947448E+00,+3.2635473E-04
+3.1998341E+00,+3.2635668E-04
+3.2007008E+00,+3.2635703E-04
+3.2066567E+00,+3.2635970E-04
+3.2126126E+00,+3.2636273E-04
+3.2185686E+00,+3.2636616E-04
+3.2245245E+00,+3.2636995E-04
+3.2304804E+00,+3.2637411E-04
+3.2364364E+00,+3.2637865E-04
+3.2423923E+00,+3.2638354E-04
+3.2483482E+00,+3.2638881E-04
+3.2543044E+00,+3.2639442E-04
+3.2602603E+00,+3.2640039E-04
+3.2662163E+00,+3.2640673E-04
+3.2721722E+00,+3.2641343E-04
+3.2781281E+00,+3.2642047E-04
+3.2840841E+00,+3.2642786E-04
+3.2900400E+00,+3.2643561E-04
+3.2959960E+00,+3.2644367E-04
+3.3019519E+00,+3.2645211E-04
+3.3079078E+00,+3.2646087E-04
+3.3138638E+00,+3.2646998E-04
+3.3198199E+00,+3.2647941E-04
+3.3257759E+00,+3.2648919E-04
+3.3317318E+00,+3.2649931E-04
+3.3376877E+00,+3.2650976E-04
+3.3436437E+00,+3.2652053E-04
+3.3495996E+00,+3.2653162E-04
+3.3555555E+00,+3.2654306E-04
+3.3583758E+00,+3.2654856E-04
+3.3615115E+00,+3.2655479E-04
+3.3674674E+00,+3.2656686E-04
+3.3734233E+00,+3.2657923E-04
+3.3793793E+00,+3.2659192E-04
+3.3853354E+00,+3.2660496E-04
+3.3912914E+00,+3.2661826E-04
+3.3972473E+00,+3.2663191E-04
+3.4032032E+00,+3.2664585E-04
+3.4091592E+00,+3.2666011E-04
+3.4151151E+00,+3.2667466E-04
+3.4210711E+00,+3.2668951E-04
+3.4270270E+00,+3.2670467E-04
+3.4329829E+00,+3.2672012E-04
+3.4389389E+00,+3.2673587E-04
+3.4448948E+00,+3.2675191E-04
+3.4508510E+00,+3.2676826E-04
+3.4568069E+00,+3.2678488E-04
+3.4627628E+00,+3.2680179E-04
+3.4687188E+00,+3.2681899E-04
+3.4746747E+00,+3.2683648E-04
+3.4806306E+00,+3.2685424E-04
+3.4865866E+00,+3.2687228E-04
+3.4925425E+00,+3.2689061E-04
+3.4984984E+00,+3.2690921E-04
+3.5044544E+00,+3.2692807E-04
+3.5104103E+00,+3.2694722E-04
+3.5163665E+00,+3.2696663E-04
+3.5223224E+00,+3.2698631E-04
+3.5247726E+00,+3.2699449E-04
+3.5282784E+00,+3.2700627E-04
+3.5342343E+00,+3.2702650E-04
+3.5401902E+00,+3.2704696E-04
+3.5461462E+00,+3.2706771E-04
+3.5521021E+00,+3.2708870E-04
+3.5580580E+00,+3.2710997E-04
+3.5640140E+00,+3.2713148E-04
+3.5699699E+00,+3.2715322E-04
+3.5759258E+00,+3.2717525E-04
+3.5818820E+00,+3.2719751E-04
+3.5878379E+00,+3.2722001E-04
+3.5937939E+00,+3.2724277E-04
+3.5997498E+00,+3.2726579E-04
+3.6057057E+00,+3.2728902E-04
+3.6116617E+00,+3.2731250E-04
+3.6176176E+00,+3.2733622E-04
+3.6235735E+00,+3.2736018E-04
+3.6295295E+00,+3.2738439E-04
+3.6354854E+00,+3.2740881E-04
+3.6414413E+00,+3.2743346E-04
+3.6473973E+00,+3.2745834E-04
+3.6533535E+00,+3.2748346E-04
+3.6593094E+00,+3.2750881E-04
+3.6652653E+00,+3.2753436E-04
+3.6712213E+00,+3.2756015E-04
+3.6771772E+00,+3.2758617E-04
+3.6831331E+00,+3.2761239E-04
+3.6890891E+00,+3.2763885E-04
+3.6950450E+00,+3.2766550E-04
+3.6994140E+00,+3.2768518E-04
+3.7010009E+00,+3.2769237E-04
+3.7069569E+00,+3.2771946E-04
+3.7129128E+00,+3.2774676E-04
+3.7188690E+00,+3.2777427E-04
+3.7248249E+00,+3.2780197E-04
+3.7307808E+00,+3.2782988E-04
+3.7367368E+00,+3.2785800E-04
+3.7426927E+00,+3.2788632E-04
+3.7486486E+00,+3.2791484E-04
+3.7546046E+00,+3.2794356E-04
+3.7605605E+00,+3.2797246E-04
+3.7665164E+00,+3.2800157E-04
+3.7724724E+00,+3.2803087E-04
+3.7784283E+00,+3.2806039E-04
+3.7843845E+00,+3.2809007E-04
+3.7903404E+00,+3.2811993E-04
+3.7962964E+00,+3.2815000E-04
+3.8022523E+00,+3.2818023E-04
+3.8082082E+00,+3.2821065E-04
+3.8141642E+00,+3.2824127E-04
+3.8201201E+00,+3.2827206E-04
+3.8260760E+00,+3.2830302E-04
+3.8320320E+00,+3.2833416E-04
+3.8379879E+00,+3.2836548E-04
+3.8439438E+00,+3.2839700E-04
+3.8499000E+00,+3.2842866E-04
+3.8558559E+00,+3.2846050E-04
+3.8618119E+00,+3.2849249E-04
+3.8677678E+00,+3.2852468E-04
+3.8737237E+00,+3.2855701E-04
+3.8796797E+00,+3.2858952E-04
+3.8827083E+00,+3.2860611E-04
+3.8856356E+00,+3.2862218E-04
+3.8915915E+00,+3.2865501E-04
+3.8975475E+00,+3.2868801E-04
+3.9035034E+00,+3.2872116E-04
+3.9094594E+00,+3.2875445E-04
+3.9154155E+00,+3.2878792E-04
+3.9213715E+00,+3.2882154E-04
+3.9273274E+00,+3.2885530E-04
+3.9332833E+00,+3.2888920E-04
+3.9392393E+00,+3.2892328E-04
+3.9451952E+00,+3.2895748E-04
+3.9511511E+00,+3.2899185E-04
+3.9571071E+00,+3.2902634E-04
+3.9630630E+00,+3.2906100E-04
+3.9690189E+00,+3.2909578E-04
+3.9749749E+00,+3.2913074E-04
+3.9809310E+00,+3.2916581E-04
+3.9868870E+00,+3.2920099E-04
+3.9928429E+00,+3.2923635E-04
+3.9987988E+00,+3.2927183E-04
+4.0047545E+00,+3.2930743E-04
+4.0107107E+00,+3.2934319E-04
+4.0166669E+00,+3.2937905E-04
+4.0226226E+00,+3.2941505E-04
+4.0285788E+00,+3.2945120E-04
+4.0345345E+00,+3.2948746E-04
+4.0404906E+00,+3.2952384E-04
+4.0464463E+00,+3.2956034E-04
+4.0524025E+00,+3.2959698E-04
+4.0583582E+00,+3.2963371E-04
+4.0643144E+00,+3.2967058E-04
+4.0702701E+00,+3.2970757E-04
+4.0750842E+00,+3.2973755E-04
+4.0762262E+00,+3.2974468E-04
+4.0821824E+00,+3.2978191E-04
+4.0881381E+00,+3.2981925E-04
+4.0940943E+00,+3.2985670E-04
+4.1000500E+00,+3.2989425E-04
+4.1060061E+00,+3.2993191E-04
+4.1119618E+00,+3.2996968E-04
+4.1179180E+00,+3.3000758E-04
+4.1238737E+00,+3.3004559E-04
+4.1298299E+00,+3.3008368E-04
+4.1357856E+00,+3.3012187E-04
+4.1417418E+00,+3.3016017E-04
+4.1476979E+00,+3.3019859E-04
+4.1536536E+00,+3.3023709E-04
+4.1596098E+00,+3.3027568E-04
+4.1655655E+00,+3.3031439E-04
+4.1715217E+00,+3.3035318E-04
+4.1774774E+00,+3.3039207E-04
+4.1834335E+00,+3.3043107E-04
+4.1893892E+00,+3.3047015E-04
+4.1953454E+00,+3.3050933E-04
+4.2013011E+00,+3.3054856E-04
+4.2072573E+00,+3.3058791E-04
+4.2132134E+00,+3.3062734E-04
+4.2191691E+00,+3.3066687E-04
+4.2251253E+00,+3.3070648E-04
+4.2310810E+00,+3.3074617E-04
+4.2370372E+00,+3.3078596E-04
+4.2429929E+00,+3.3082580E-04
+4.2489491E+00,+3.3086573E-04
+4.2549047E+00,+3.3090575E-04
+4.2608609E+00,+3.3094586E-04
+4.2668166E+00,+3.3098602E-04
+4.2727728E+00,+3.3102627E-04
+4.2769918E+00,+3.3105482E-04
+4.2787290E+00,+3.3106658E-04
+4.2846847E+00,+3.3110697E-04
+4.2906408E+00,+3.3114743E-04
+4.2965965E+00,+3.3118797E-04
+4.3025527E+00,+3.3122857E-04
+4.3085084E+00,+3.3126926E-04
+4.3144646E+00,+3.3131000E-04
+4.3204203E+00,+3.3135081E-04
+4.3263764E+00,+3.3139167E-04
+4.3323321E+00,+3.3143262E-04
+4.3382883E+00,+3.3147362E-04
+4.3442445E+00,+3.3151469E-04
+4.3502002E+00,+3.3155581E-04
+4.3561563E+00,+3.3159700E-04
+4.3621120E+00,+3.3163824E-04
+4.3680682E+00,+3.3167953E-04
+4.3740239E+00,+3.3172089E-04
+4.3799801E+00,+3.3176230E-04
+4.3859358E+00,+3.3180378E-04
+4.3918920E+00,+3.3184531E-04
+4.3978477E+00,+3.3188687E-04
+4.4038038E+00,+3.3192849E-04
+4.4097595E+00,+3.3197016E-04
+4.4157157E+00,+3.3201190E-04
+4.4216719E+00,+3.3205366E-04
+4.4276276E+00,+3.3209549E-04
+4.4335837E+00,+3.3213737E-04
+4.4395394E+00,+3.3217928E-04
+4.4454956E+00,+3.3222124E-04
+4.4514513E+00,+3.3226324E-04
+4.4574075E+00,+3.3230527E-04
+4.4633632E+00,+3.3234735E-04
+4.4693193E+00,+3.3238949E-04
+4.4752750E+00,+3.3243163E-04
+4.4812312E+00,+3.3247384E-04
+4.4871874E+00,+3.3251609E-04
+4.4889035E+00,+3.3252826E-04
+4.4931431E+00,+3.3255835E-04
+4.4990993E+00,+3.3260067E-04
+4.5050550E+00,+3.3264302E-04
+4.5110111E+00,+3.3268539E-04
+4.5169668E+00,+3.3272780E-04
+4.5229230E+00,+3.3277023E-04
+4.5288787E+00,+3.3281272E-04
+4.5348349E+00,+3.3285521E-04
+4.5407906E+00,+3.3289773E-04
+4.5467467E+00,+3.3294031E-04
+4.5527029E+00,+3.3298289E-04
+4.5586586E+00,+3.3302550E-04
+4.5646148E+00,+3.3306814E-04
+4.5705705E+00,+3.3311080E-04
+4.5765266E+00,+3.3315347E-04
+4.5824823E+00,+3.3319619E-04
+4.5884385E+00,+3.3323892E-04
+4.5943942E+00,+3.3328167E-04
+4.6003504E+00,+3.3332442E-04
+4.6063061E+00,+3.3336721E-04
+4.6122622E+00,+3.3341002E-04
+4.6182184E+00,+3.3345283E-04
+4.6241741E+00,+3.3349567E-04
+4.6301303E+00,+3.3353851E-04
+4.6360860E+00,+3.3358138E-04
+4.6420422E+00,+3.3362428E-04
+4.6479979E+00,+3.3366715E-04
+4.6539540E+00,+3.3371005E-04
+4.6599097E+00,+3.3375298E-04
+4.6658659E+00,+3.3379591E-04
+4.6718216E+00,+3.3383883E-04
+4.6777778E+00,+3.3388179E-04
+4.6837339E+00,+3.3392472E-04
+4.6896896E+00,+3.3396768E-04
+4.6956458E+00,+3.3401063E-04
+4.7016015E+00,+3.3405362E-04
+4.7075577E+00,+3.3409658E-04
+4.7113147E+00,+3.3412370E-04
+4.7135134E+00,+3.3413956E-04
+4.7194695E+00,+3.3418252E-04
+4.7254252E+00,+3.3422551E-04
+4.7313814E+00,+3.3426849E-04
+4.7373371E+00,+3.3431148E-04
+4.7432933E+00,+3.3435447E-04
+4.7492495E+00,+3.3439742E-04
+4.7552052E+00,+3.3444041E-04
+4.7611613E+00,+3.3448340E-04
+4.7671170E+00,+3.3452635E-04
+4.7730732E+00,+3.3456931E-04
+4.7790289E+00,+3.3461227E-04
+4.7849851E+00,+3.3465523E-04
+4.7909408E+00,+3.3469818E-04
+4.7968969E+00,+3.3474111E-04
+4.8028526E+00,+3.3478407E-04
+4.8088088E+00,+3.3482697E-04
+4.8147650E+00,+3.3486990E-04
+4.8207207E+00,+3.3491279E-04
+4.8266768E+00,+3.3495569E-04
+4.8326325E+00,+3.3499856E-04
+4.8385887E+00,+3.3504143E-04
+4.8445444E+00,+3.3508430E-04
+4.8505006E+00,+3.3512714E-04
+4.8564563E+00,+3.3516996E-04
+4.8624125E+00,+3.3521277E-04
+4.8683681E+00,+3.3525555E-04
+4.8743243E+00,+3.3529833E-04
+4.8802805E+00,+3.3534109E-04
+4.8862362E+00,+3.3538384E-04
+4.8921924E+00,+3.3542656E-04
+4.8981481E+00,+3.3546926E-04
+4.9041042E+00,+3.3551196E-04
+4.9100599E+00,+3.3555459E-04
+4.9160161E+00,+3.3559723E-04
+4.9219718E+00,+3.3563987E-04
+4.9279280E+00,+3.3568245E-04
+4.9338837E+00,+3.3572502E-04
+4.9398398E+00,+3.3576757E-04
+4.9447455E+00,+3.3580259E-04
+4.9457960E+00,+3.3581009E-04
+4.9517517E+00,+3.3585259E-04
+4.9577079E+00,+3.3589505E-04
+4.9636636E+00,+3.3593748E-04
+4.9696198E+00,+3.3597992E-04
+4.9755754E+00,+3.3602229E-04
+4.9815316E+00,+3.3606467E-04
+4.9874873E+00,+3.3610698E-04
+4.9934435E+00,+3.3614927E-04
+4.9993992E+00,+3.3619153E-04
+5.0053554E+00,+3.3623379E-04
+5.0113115E+00,+3.3627599E-04
+5.0172672E+00,+3.3631816E-04
+5.0232234E+00,+3.3636030E-04
+5.0291791E+00,+3.3640239E-04
+5.0351353E+00,+3.3644447E-04
+5.0410910E+00,+3.3648650E-04
+5.0470471E+00,+3.3652849E-04
+5.0530028E+00,+3.3657046E-04
+5.0589590E+00,+3.3661237E-04
+5.0649147E+00,+3.3665428E-04
+5.0708709E+00,+3.3669613E-04
+5.0768270E+00,+3.3673792E-04
+5.0827827E+00,+3.3677969E-04
+5.0887389E+00,+3.3682142E-04
+5.0946946E+00,+3.3686313E-04
+5.1006508E+00,+3.3690478E-04
+5.1066065E+00,+3.3694640E-04
+5.1125627E+00,+3.3698796E-04
+5.1185184E+00,+3.3702949E-04
+5.1244745E+00,+3.3707096E-04
+5.1304302E+00,+3.3711240E-04
+5.1363864E+00,+3.3715379E-04
+5.1423426E+00,+3.3719515E-04
+5.1482983E+00,+3.3723644E-04
+5.1542544E+00,+3.3727768E-04
+5.1602101E+00,+3.3731890E-04
+5.1661663E+00,+3.3736008E-04
+5.1721220E+00,+3.3740120E-04
+5.1780782E+00,+3.3744227E-04
+5.1840339E+00,+3.3748327E-04
+5.1897421E+00,+3.3752254E-04
+5.1899900E+00,+3.3752425E-04
+5.1959457E+00,+3.3756517E-04
+5.2019019E+00,+3.3760603E-04
+5.2078581E+00,+3.3764687E-04
+5.2138138E+00,+3.3768764E-04
+5.2197700E+00,+3.3772836E-04
+5.2257257E+00,+3.3776902E-04
+5.2316818E+00,+3.3780964E-04
+5.2376375E+00,+3.3785019E-04
+5.2435937E+00,+3.3789070E-04
+5.2495494E+00,+3.3793115E-04
+5.2555056E+00,+3.3797155E-04
+5.2614613E+00,+3.3801189E-04
+5.2674174E+00,+3.3805217E-04
+5.2733736E+00,+3.3809242E-04
+5.2793293E+00,+3.3813258E-04
+5.2852855E+00,+3.3817271E-04
+5.2912412E+00,+3.3821276E-04
+5.2971973E+00,+3.3825275E-04
+5.3031530E+00,+3.3829271E-04
+5.3091092E+00,+3.3833258E-04
+5.3150649E+00,+3.3837243E-04
+5.3210211E+00,+3.3841218E-04
+5.3269768E+00,+3.3845188E-04
+5.3329329E+00,+3.3849155E-04
+5.3388891E+00,+3.3853113E-04
+5.3448448E+00,+3.3857065E-04
+5.3508010E+00,+3.3861012E-04
+5.3567567E+00,+3.3864949E-04
+5.3627129E+00,+3.3868884E-04
+5.3686686E+00,+3.3872810E-04
+5.3746247E+00,+3.3876731E-04
+5.3805804E+00,+3.3880645E-04
+5.3865366E+00,+3.3884554E-04
+5.3924923E+00,+3.3888457E-04
+5.3984485E+00,+3.3892351E-04
+5.4044046E+00,+3.3896239E-04
+5.4103603E+00,+3.3900121E-04
+5.4163165E+00,+3.3903995E-04
+5.4222722E+00,+3.3907863E-04
+5.4282284E+00,+3.3911725E-04
+5.4341841E+00,+3.3915578E-04
+5.4401402E+00,+3.3919429E-04
+5.4460959E+00,+3.3923268E-04
+5.4468775E+00,+3.3923771E-04
+5.4520521E+00,+3.3927104E-04
+5.4580078E+00,+3.3930931E-04
+5.4639640E+00,+3.3934749E-04
+5.4699197E+00,+3.3938562E-04
+5.4758759E+00,+3.3942368E-04
+5.4818320E+00,+3.3946169E-04
+5.4877877E+00,+3.3949959E-04
+5.4937439E+00,+3.3953745E-04
+5.4996996E+00,+3.3957523E-04
+5.5056558E+00,+3.3961292E-04
+5.5116115E+00,+3.3965055E-04
+5.5175676E+00,+3.3968809E-04
+5.5235233E+00,+3.3972558E-04
+5.5294795E+00,+3.3976301E-04
+5.5354352E+00,+3.3980032E-04
+5.5413914E+00,+3.3983757E-04
+5.5473475E+00,+3.3987476E-04
+5.5533032E+00,+3.3991187E-04
+5.5592594E+00,+3.3994889E-04
+5.5652151E+00,+3.3998585E-04
+5.5711713E+00,+3.4002273E-04
+5.5771270E+00,+3.4005955E-04
+5.5830832E+00,+3.4009627E-04
+5.5890388E+00,+3.4013292E-04
+5.5949950E+00,+3.4016947E-04
+5.6009507E+00,+3.4020597E-04
+5.6069069E+00,+3.4024238E-04
+5.6128631E+00,+3.4027873E-04
+5.6188188E+00,+3.4031499E-04
+5.6247749E+00,+3.4035114E-04
+5.6307306E+00,+3.4038725E-04
+5.6366868E+00,+3.4042326E-04
+5.6426425E+00,+3.4045920E-04
+5.6485987E+00,+3.4049505E-04
+5.6545544E+00,+3.4053082E-04
+5.6605105E+00,+3.4056650E-04
+5.6664662E+00,+3.4060213E-04
+5.6724224E+00,+3.4063763E-04
+5.6783786E+00,+3.4067308E-04
+5.6843343E+00,+3.4070844E-04
+5.6902905E+00,+3.4074372E-04
+5.6962461E+00,+3.4077893E-04
+5.7022023E+00,+3.4081403E-04
+5.7081580E+00,+3.4084907E-04
+5.7141142E+00,+3.4088400E-04
+5.7167530E+00,+3.4089945E-04
+5.7200699E+00,+3.4091886E-04
+5.7260261E+00,+3.4095364E-04
+5.7319818E+00,+3.4098834E-04
+5.7379379E+00,+3.4102294E-04
+5.7438941E+00,+3.4105746E-04
+5.7498498E+00,+3.4109189E-04
+5.7558060E+00,+3.4112623E-04
+5.7617617E+00,+3.4116048E-04
+5.7677178E+00,+3.4119465E-04
+5.7736735E+00,+3.4122873E-04
+5.7796297E+00,+3.4126276E-04
+5.7855854E+00,+3.4129666E-04
+5.7915416E+00,+3.4133048E-04
+5.7974973E+00,+3.4136421E-04
+5.8034534E+00,+3.4139786E-04
+5.8094096E+00,+3.4143141E-04
+5.8153653E+00,+3.4146488E-04
+5.8213215E+00,+3.4149826E-04
+5.8272772E+00,+3.4153156E-04
+5.8332334E+00,+3.4156477E-04
+5.8391891E+00,+3.4159786E-04
+5.8451452E+00,+3.4163089E-04
+5.8511009E+00,+3.4166381E-04
+5.8570571E+00,+3.4169666E-04
+5.8630128E+00,+3.4172941E-04
+5.8689690E+00,+3.4176206E-04
+5.8749251E+00,+3.4179463E-04
+5.8808808E+00,+3.4182711E-04
+5.8868370E+00,+3.4185947E-04
+5.8927927E+00,+3.4189178E-04
+5.8987489E+00,+3.4192397E-04
+5.9047046E+00,+3.4195607E-04
+5.9106607E+00,+3.4198808E-04
+5.9166164E+00,+3.4202001E-04
+5.9225726E+00,+3.4205185E-04
+5.9285283E+00,+3.4208357E-04
+5.9344845E+00,+3.4211521E-04
+5.9404407E+00,+3.4214676E-04
+5.9463964E+00,+3.4217822E-04
+5.9523525E+00,+3.4220956E-04
+5.9583082E+00,+3.4224082E-04
+5.9642644E+00,+3.4227199E-04
+5.9702201E+00,+3.4230307E-04
+5.9761763E+00,+3.4233404E-04
+5.9821320E+00,+3.4236492E-04
+5.9880881E+00,+3.4239571E-04
+5.9940438E+00,+3.4242641E-04
+6.0000000E+00,+3.4245700E-04
