+5.0000000E-02,+3.1572784E+01,-8.9409014E+01
+5.5950000E-02,+2.4548545E+01,-8.9190291E+01
+6.1900000E-02,+1.8410930E+01,-8.8857141E+01
+6.7850000E-02,+1.2893285E+01,-8.8280218E+01
+7.3800000E-02,+7.8096824E+00,-8.7013068E+01
+7.9750000E-02,+3.0335337E+00,-8.1879260E+01
+8.5700000E-02,+1.6715615E+00,+7.4264888E+01
+9.1650000E-02,+6.1458514E+00,+8.5490354E+01
+9.7600000E-02,+1.0642485E+01,+8.7198136E+01
+1.0355000E-01,+1.5203128E+01,+8.7865713E+01
+1.0950000E-01,+1.9901143E+01,+8.8206523E+01
+1.1545000E-01,+2.4818942E+01,+8.8402701E+01
+1.2140000E-01,+3.0053034E+01,+8.8522641E+01
+1.2735000E-01,+3.5722411E+01,+8.8597834E+01
+1.3330000E-01,+4.1980756E+01,+8.8644272E+01
+1.3925000E-01,+4.9035080E+01,+8.8669867E+01
+1.4520000E-01,+5.7175801E+01,+8.8677267E+01
+1.5115000E-01,+6.6828158E+01,+8.8664743E+01
+1.5710000E-01,+7.8645684E+01,+8.8625864E+01
+1.6305000E-01,+9.3692931E+01,+8.8547750E+01
+1.6900000E-01,+1.1383625E+02,+8.8406645E+01
+1.7495000E-01,+1.4268434E+02,+8.8156681E+01
+1.8090000E-01,+1.8825718E+02,+8.7697445E+01
+1.8685000E-01,+2.7271702E+02,+8.6754781E+01
+1.9280000E-01,+4.8795144E+02,+8.4195296E+01
+1.9875000E-01,+2.1422223E+03,+6.3016300E+01
+2.0470000E-01,+7.9733499E+02,-7.9870235E+01
+2.1065000E-01,+3.3868092E+02,-8.5467734E+01
+2.1660000E-01,+2.1036963E+02,-8.6980118E+01
+2.2255000E-01,+1.4931502E+02,-8.7659004E+01
+2.2850000E-01,+1.1306319E+02,-8.8014754E+01
+2.3445000E-01,+8.8640106E+01,-8.8192060E+01
+2.4040000E-01,+7.0747824E+01,-8.8237271E+01
+2.4635000E-01,+5.6813899E+01,-8.8156608E+01
+2.5230000E-01,+4.5431597E+01,-8.7929081E+01
+2.5825000E-01,+3.5758876E+01,-8.7498928E+01
+2.6420000E-01,+2.7252501E+01,-8.6739711E+01
+2.7015000E-01,+1.9538650E+01,-8.5332559E+01
+2.7610000E-01,+1.2350776E+01,-8.2234079E+01
+2.8205000E-01,+5.5617913E+00,-7.1313583E+01
+2.8800000E-01,+2.5317527E+00,+4.0337987E+01
+2.9395000E-01,+8.9432198E+00,+7.6289075E+01
+2.9990000E-01,+1.6276702E+01,+8.1636935E+01
+3.0585000E-01,+2.4305453E+01,+8.3620297E+01
+3.1180000E-01,+3.3350157E+01,+8.4547952E+01
+3.1775000E-01,+4.3915679E+01,+8.4961202E+01
+3.2370000E-01,+5.6791249E+01,+8.5025975E+01
+3.2965000E-01,+7.3297568E+01,+8.4770592E+01
+3.3560000E-01,+9.5855588E+01,+8.4128830E+01
+3.4155000E-01,+1.2947485E+02,+8.2896165E+01
+3.4750000E-01,+1.8649724E+02,+8.0518712E+01
+3.5345000E-01,+3.0719128E+02,+7.5106261E+01
+3.5940000E-01,+7.0773150E+02,+5.5202629E+01
+3.6535000E-01,+9.3407926E+02,-4.2680222E+01
+3.7130000E-01,+3.7396637E+02,-7.3114180E+01
+3.7725000E-01,+2.2488884E+02,-7.9951274E+01
+3.8320000E-01,+1.5948643E+02,-8.2790513E+01
+3.8915000E-01,+1.2254864E+02,-8.4279427E+01
+3.9510000E-01,+9.8553304E+01,-8.5140422E+01
+4.0105000E-01,+8.1509974E+01,-8.5652687E+01
+4.0700000E-01,+6.8620701E+01,-8.5950174E+01
+4.1295000E-01,+5.8398844E+01,-8.6106770E+01
+4.1890000E-01,+4.9976892E+01,-8.6165064E+01
+4.2485000E-01,+4.2811694E+01,-8.6145975E+01
+4.3080000E-01,+3.6544822E+01,-8.6050481E+01
+4.3675000E-01,+3.0930560E+01,-8.5856851E+01
+4.4270000E-01,+2.5795726E+01,-8.5512531E+01
+4.4865000E-01,+2.1015478E+01,-8.4914084E+01
+4.5460000E-01,+1.6497998E+01,-8.3853190E+01
+4.6055000E-01,+1.2175844E+01,-8.1847577E+01
+4.6650000E-01,+8.0090645E+00,-7.7452285E+01
+4.7245000E-01,+4.0605299E+00,-6.3646077E+01
+4.7840000E-01,+1.9865970E+00,+1.5948638E+01
+4.8435000E-01,+5.2261280E+00,+6.6782111E+01
+4.9030000E-01,+9.4838623E+00,+7.6248937E+01
+4.9625000E-01,+1.4094924E+01,+7.9781520E+01
+5.0220000E-01,+1.9115091E+01,+8.1523360E+01
+5.0815000E-01,+2.4697241E+01,+8.2457060E+01
+5.1410000E-01,+3.1072436E+01,+8.2906970E+01
+5.2005000E-01,+3.8586894E+01,+8.2983253E+01
+5.2600000E-01,+4.7785170E+01,+8.2694057E+01
+5.3195000E-01,+5.9584247E+01,+8.1965423E+01
+5.3790000E-01,+7.5666471E+01,+8.0605659E+01
+5.4385000E-01,+9.9479689E+01,+7.8174236E+01
+5.4980000E-01,+1.3922107E+02,+7.3548007E+01
+5.5575000E-01,+2.1836314E+02,+6.3131066E+01
+5.6170000E-01,+3.9293671E+02,+3.1741507E+01
+5.6765000E-01,+3.6609461E+02,-3.1725022E+01
+5.7360000E-01,+1.9863180E+02,-5.9413671E+01
+5.7955000E-01,+1.2479671E+02,-6.8723951E+01
+5.8550000E-01,+8.6929557E+01,-7.2741663E+01
+5.9145000E-01,+6.3798197E+01,-7.4558386E+01
+5.9740000E-01,+4.7888579E+01,-7.5077747E+01
+6.0335000E-01,+3.6000221E+01,-7.4494522E+01
+6.0930000E-01,+2.6571493E+01,-7.2552504E+01
+6.1525000E-01,+1.8788300E+01,-6.8307029E+01
+6.2120000E-01,+1.2297158E+01,-5.8932384E+01
+6.2715000E-01,+7.4061395E+00,-3.5151026E+01
+6.3310000E-01,+6.2067289E+00,+1.4582694E+01
+6.3905000E-01,+9.3985838E+00,+4.9074056E+01
+6.4500000E-01,+1.4054274E+01,+6.2571648E+01
+6.5095000E-01,+1.9097012E+01,+6.8718162E+01
+6.5690000E-01,+2.4367225E+01,+7.2054229E+01
+6.6285000E-01,+2.9922350E+01,+7.4105285E+01
+6.6880000E-01,+3.5912608E+01,+7.5472745E+01
+6.7475000E-01,+4.2563114E+01,+7.6401193E+01
+6.8070000E-01,+5.0184092E+01,+7.6965300E+01
+6.8665000E-01,+5.9202929E+01,+7.7142788E+01
+6.9260000E-01,+7.0230665E+01,+7.6840504E+01
+6.9855000E-01,+8.4190025E+01,+7.5887924E+01
+7.0450000E-01,+1.0255766E+02,+7.3991307E+01
+7.1045000E-01,+1.2781612E+02,+7.0617025E+01
+7.1640000E-01,+1.6418862E+02,+6.4717602E+01
+7.2235000E-01,+2.1772941E+02,+5.4121581E+01
+7.2830000E-01,+2.8659882E+02,+3.4836156E+01
+7.3425000E-01,+3.1895331E+02,+5.3615845E+00
+7.4020000E-01,+2.6643996E+02,-2.2033688E+01
+7.4615000E-01,+1.9779532E+02,-3.8351314E+01
+7.5210000E-01,+1.4814200E+02,-4.6744762E+01
+7.5805000E-01,+1.1450452E+02,-5.0684403E+01
+7.6400000E-01,+9.0966179E+01,-5.1836875E+01
+7.6995000E-01,+7.3826478E+01,-5.0874008E+01
+7.7590000E-01,+6.1019566E+01,-4.7976449E+01
+7.8185000E-01,+5.1439517E+01,-4.3079798E+01
+7.8780000E-01,+4.4564005E+01,-3.6079450E+01
+7.9375000E-01,+4.0233558E+01,-2.7133806E+01
+7.9970000E-01,+3.8451350E+01,-1.7022537E+01
+8.0565000E-01,+3.9160628E+01,-7.1643900E+00
+8.1160000E-01,+4.2103145E+01,+9.9396982E-01
+8.1755000E-01,+4.6850015E+01,+6.6327227E+00
+8.2350000E-01,+5.2901487E+01,+9.6141289E+00
+8.2945000E-01,+5.9725104E+01,+1.0177045E+01
+8.3540000E-01,+6.6739245E+01,+8.6929741E+00
+8.4135000E-01,+7.3312186E+01,+5.5663616E+00
+8.4730000E-01,+7.8813669E+01,+1.2038374E+00
+8.5325000E-01,+8.2698530E+01,-4.0007466E+00
+8.5920000E-01,+8.4582546E+01,-9.6702037E+00
+8.6515000E-01,+8.4303434E+01,-1.5432086E+01
+8.7110000E-01,+8.1974614E+01,-2.0910127E+01
+8.7705000E-01,+7.7994720E+01,-2.5746747E+01
+8.8300000E-01,+7.2961020E+01,-2.9653381E+01
+8.8895000E-01,+6.7510929E+01,-3.2454407E+01
+8.9490000E-01,+6.2181625E+01,-3.4100013E+01
+9.0085000E-01,+5.7345971E+01,-3.4653746E+01
+9.0680000E-01,+5.3213808E+01,-3.4272356E+01
+9.1275000E-01,+4.9859808E+01,-3.3184236E+01
+9.1870000E-01,+4.7252602E+01,-3.1658825E+01
+9.2465000E-01,+4.5281759E+01,-2.9959706E+01
+9.3060000E-01,+4.3789659E+01,-2.8289908E+01
+9.3655000E-01,+4.2611383E+01,-2.6753615E+01
+9.4250000E-01,+4.1614724E+01,-2.5355649E+01
+9.4845000E-01,+4.0725550E+01,-2.4039283E+01
+9.5440000E-01,+3.9927960E+01,-2.2741987E+01
+9.6035000E-01,+3.9241016E+01,-2.1441835E+01
+9.6630000E-01,+3.8684849E+01,-2.0174589E+01
+9.7225000E-01,+3.8252212E+01,-1.9016270E+01
+9.7820000E-01,+3.7897418E+01,-1.8042018E+01
+9.8415000E-01,+3.7546458E+01,-1.7283195E+01
+9.9010000E-01,+3.7122751E+01,-1.6704733E+01
+9.9605000E-01,+3.6575629E+01,-1.6213202E+01
+1.0020000E+00,+3.5897102E+01,-1.5690057E+01
+1.0079500E+00,+3.5118803E+01,-1.5033018E+01
+1.0139000E+00,+3.4291967E+01,-1.4186289E+01
+1.0198500E+00,+3.3461710E+01,-1.3146382E+01
+1.0258000E+00,+3.2648531E+01,-1.1941249E+01
+1.0317500E+00,+3.1845355E+01,-1.0592645E+01
+1.0377000E+00,+3.1031015E+01,-9.0803363E+00
+1.0436500E+00,+3.0193477E+01,-7.3272034E+00
+1.0496000E+00,+2.9351350E+01,-5.2153430E+00
+1.0555500E+00,+2.8562861E+01,-2.6299761E+00
+1.0615000E+00,+2.7917392E+01,+4.8404826E-01
+1.0674500E+00,+2.7512634E+01,+4.0766838E+00
+1.0734000E+00,+2.7426610E+01,+7.9836881E+00
+1.0793500E+00,+2.7696305E+01,+1.1967650E+01
+1.0853000E+00,+2.8312291E+01,+1.5793233E+01
+1.0912500E+00,+2.9231383E+01,+1.9295188E+01
+1.0972000E+00,+3.0400568E+01,+2.2403159E+01
+1.1031500E+00,+3.1780564E+01,+2.5118870E+01
+1.1091000E+00,+3.3358481E+01,+2.7468107E+01
+1.1150500E+00,+3.5144309E+01,+2.9456478E+01
+1.1210000E+00,+3.7152842E+01,+3.1049441E+01
+1.1269500E+00,+3.9378545E+01,+3.2182650E+01
+1.1329000E+00,+4.1773509E+01,+3.2794685E+01
+1.1388500E+00,+4.4238066E+01,+3.2866765E+01
+1.1448000E+00,+4.6632045E+01,+3.2454234E+01
+1.1507500E+00,+4.8811180E+01,+3.1697574E+01
+1.1567000E+00,+5.0683153E+01,+3.0803083E+01
+1.1626500E+00,+5.2260352E+01,+2.9989689E+01
+1.1686000E+00,+5.3676221E+01,+2.9414262E+01
+1.1745500E+00,+5.5146875E+01,+2.9105957E+01
+1.1805000E+00,+5.6892044E+01,+2.8943309E+01
+1.1864500E+00,+5.9048917E+01,+2.8688795E+01
+1.1924000E+00,+6.1605774E+01,+2.8067887E+01
+1.1983500E+00,+6.4367884E+01,+2.6864011E+01
+1.2043000E+00,+6.6968794E+01,+2.5003997E+01
+1.2102500E+00,+6.8953747E+01,+2.2614646E+01
+1.2162000E+00,+6.9949576E+01,+2.0025136E+01
+1.2221500E+00,+6.9860618E+01,+1.7689135E+01
+1.2281000E+00,+6.8955632E+01,+1.6037610E+01
+1.2340500E+00,+6.7769348E+01,+1.5328205E+01
+1.2400000E+00,+6.6898567E+01,+1.5563334E+01
+1.2459500E+00,+6.6829584E+01,+1.6500883E+01
+1.2519000E+00,+6.7856686E+01,+1.7736732E+01
+1.2578500E+00,+7.0072091E+01,+1.8819906E+01
+1.2638000E+00,+7.3388115E+01,+1.9357844E+01
+1.2697500E+00,+7.7565682E+01,+1.9082083E+01
+1.2757000E+00,+8.2243147E+01,+1.7870398E+01
+1.2816500E+00,+8.6976238E+01,+1.5738456E+01
+1.2876000E+00,+9.1302336E+01,+1.2812468E+01
+1.2935500E+00,+9.4821989E+01,+9.2876318E+00
+1.2995000E+00,+9.7263466E+01,+5.3801755E+00
+1.3054500E+00,+9.8498025E+01,+1.2893538E+00
+1.3114000E+00,+9.8512258E+01,-2.8163260E+00
+1.3173500E+00,+9.7376220E+01,-6.7910157E+00
+1.3233000E+00,+9.5233959E+01,-1.0499561E+01
+1.3292500E+00,+9.2305380E+01,-1.3818929E+01
+1.3352000E+00,+8.8870839E+01,-1.6655400E+01
+1.3411500E+00,+8.5227646E+01,-1.8965603E+01
+1.3471000E+00,+8.1634903E+01,-2.0766994E+01
+1.3530500E+00,+7.8271334E+01,-2.2130827E+01
+1.3590000E+00,+7.5219811E+01,-2.3159612E+01
+1.3649500E+00,+7.2478678E+01,-2.3956754E+01
+1.3709000E+00,+6.9992615E+01,-2.4598590E+01
+1.3768500E+00,+6.7692469E+01,-2.5118914E+01
+1.3828000E+00,+6.5531240E+01,-2.5512131E+01
+1.3887500E+00,+6.3503916E+01,-2.5753741E+01
+1.3947000E+00,+6.1644810E+01,-2.5829203E+01
+1.4006500E+00,+6.0005622E+01,-2.5758537E+01
+1.4066000E+00,+5.8624857E+01,-2.5605762E+01
+1.4125500E+00,+5.7501185E+01,-2.5468118E+01
+1.4185000E+00,+5.6580868E+01,-2.5447865E+01
+1.4244500E+00,+5.5764946E+01,-2.5617195E+01
+1.4304000E+00,+5.4935671E+01,-2.5991304E+01
+1.4363500E+00,+5.3993447E+01,-2.6522549E+01
+1.4423000E+00,+5.2888581E+01,-2.7119550E+01
+1.4482500E+00,+5.1632427E+01,-2.7683466E+01
+1.4542000E+00,+5.0282512E+01,-2.8145856E+01
+1.4601500E+00,+4.8909583E+01,-2.8492530E+01
+1.4661000E+00,+4.7561979E+01,-2.8764012E+01
+1.4720500E+00,+4.6241684E+01,-2.9031969E+01
+1.4780000E+00,+4.4900673E+01,-2.9359574E+01
+1.4839500E+00,+4.3459247E+01,-2.9760669E+01
+1.4899000E+00,+4.1840102E+01,-3.0174301E+01
+1.4958500E+00,+4.0004361E+01,-3.0465255E+01
+1.5018000E+00,+3.7973753E+01,-3.0449633E+01
+1.5077500E+00,+3.5830247E+01,-2.9934813E+01
+1.5137000E+00,+3.3696537E+01,-2.8761481E+01
+1.5196500E+00,+3.1708198E+01,-2.6840451E+01
+1.5256000E+00,+2.9986992E+01,-2.4180830E+01
+1.5315500E+00,+2.8619554E+01,-2.0902670E+01
+1.5375000E+00,+2.7643168E+01,-1.7221197E+01
+1.5434500E+00,+2.7041544E+01,-1.3394774E+01
+1.5494000E+00,+2.6753918E+01,-9.6510158E+00
+1.5553500E+00,+2.6696673E+01,-6.1263692E+00
+1.5613000E+00,+2.6790413E+01,-2.8488801E+00
+1.5672500E+00,+2.6982431E+01,+2.3369650E-01
+1.5732000E+00,+2.7256868E+01,+3.2011720E+00
+1.5791500E+00,+2.7630425E+01,+6.1093925E+00
+1.5851000E+00,+2.8137117E+01,+8.9589936E+00
+1.5910500E+00,+2.8809045E+01,+1.1692841E+01
+1.5970000E+00,+2.9660512E+01,+1.4218800E+01
+1.6029500E+00,+3.0680308E+01,+1.6444654E+01
+1.6089000E+00,+3.1833265E+01,+1.8308929E+01
+1.6148500E+00,+3.3068940E+01,+1.9796716E+01
+1.6208000E+00,+3.4333739E+01,+2.0938566E+01
+1.6267500E+00,+3.5582638E+01,+2.1797099E+01
+1.6327000E+00,+3.6787296E+01,+2.2448127E+01
+1.6386500E+00,+3.7938533E+01,+2.2962462E+01
+1.6446000E+00,+3.9042966E+01,+2.3392991E+01
+1.6505500E+00,+4.0115497E+01,+2.3769581E+01
+1.6565000E+00,+4.1170719E+01,+2.4101993E+01
+1.6624500E+00,+4.2216410E+01,+2.4388595E+01
+1.6684000E+00,+4.3251275E+01,+2.4627145E+01
+1.6743500E+00,+4.4267473E+01,+2.4823653E+01
+1.6803000E+00,+4.5256868E+01,+2.4996331E+01
+1.6862500E+00,+4.6218715E+01,+2.5173398E+01
+1.6922000E+00,+4.7165877E+01,+2.5385432E+01
+1.6981500E+00,+4.8126965E+01,+2.5654713E+01
+1.7041000E+00,+4.9143016E+01,+2.5985144E+01
+1.7100500E+00,+5.0259141E+01,+2.6356442E+01
+1.7160000E+00,+5.1513255E+01,+2.6725243E+01
+1.7219500E+00,+5.2924956E+01,+2.7033620E+01
+1.7279000E+00,+5.4487692E+01,+2.7223181E+01
+1.7338500E+00,+5.6166847E+01,+2.7251131E+01
+1.7398000E+00,+5.7905653E+01,+2.7104018E+01
+1.7457500E+00,+5.9639612E+01,+2.6805131E+01
+1.7517000E+00,+6.1317822E+01,+2.6412429E+01
+1.7576500E+00,+6.2926193E+01,+2.6005586E+01
+1.7636000E+00,+6.4504596E+01,+2.5663666E+01
+1.7695500E+00,+6.6150318E+01,+2.5438582E+01
+1.7755000E+00,+6.8004926E+01,+2.5332199E+01
+1.7814500E+00,+7.0228210E+01,+2.5284597E+01
+1.7874000E+00,+7.2966608E+01,+2.5177286E+01
+1.7933500E+00,+7.6322338E+01,+2.4849938E+01
+1.7993000E+00,+8.0325196E+01,+2.4125387E+01
+1.8052500E+00,+8.4905715E+01,+2.2837334E+01
+1.8112000E+00,+8.9869896E+01,+2.0857768E+01
+1.8171500E+00,+9.4884165E+01,+1.8123577E+01
+1.8231000E+00,+9.9491826E+01,+1.4660415E+01
+1.8290500E+00,+1.0318625E+02,+1.0595827E+01
+1.8350000E+00,+1.0554138E+02,+6.1483600E+00
+1.8409500E+00,+1.0634720E+02,+1.5852503E+00
+1.8469000E+00,+1.0566766E+02,-2.8394455E+00
+1.8528500E+00,+1.0378295E+02,-6.9380198E+00
+1.8588000E+00,+1.0106217E+02,-1.0610670E+01
+1.8647500E+00,+9.7847279E+01,-1.3834274E+01
+1.8707000E+00,+9.4393686E+01,-1.6633750E+01
+1.8766500E+00,+9.0864936E+01,-1.9052881E+01
+1.8826000E+00,+8.7356181E+01,-2.1134315E+01
+1.8885500E+00,+8.3923419E+01,-2.2910921E+01
+1.8945000E+00,+8.0605535E+01,-2.4406145E+01
+1.9004500E+00,+7.7435315E+01,-2.5639141E+01
+1.9064000E+00,+7.4441306E+01,-2.6630600E+01
+1.9123500E+00,+7.1644730E+01,-2.7406424E+01
+1.9183000E+00,+6.9055614E+01,-2.7998040E+01
+1.9242500E+00,+6.6670932E+01,-2.8439664E+01
+1.9302000E+00,+6.4475864E+01,-2.8763845E+01
+1.9361500E+00,+6.2447863E+01,-2.8997118E+01
+1.9421000E+00,+6.0562218E+01,-2.9157397E+01
+1.9480500E+00,+5.8797367E+01,-2.9254137E+01
+1.9540000E+00,+5.7138273E+01,-2.9291186E+01
+1.9599500E+00,+5.5576887E+01,-2.9271263E+01
+1.9659000E+00,+5.4109718E+01,-2.9200312E+01
+1.9718500E+00,+5.2733572E+01,-2.9089964E+01
+1.9778000E+00,+5.1441140E+01,-2.8956948E+01
+1.9837500E+00,+5.0218216E+01,-2.8819377E+01
+1.9897000E+00,+4.9043760E+01,-2.8691079E+01
+1.9956500E+00,+4.7893074E+01,-2.8576061E+01
+2.0016000E+00,+4.6743145E+01,-2.8465393E+01
+2.0075500E+00,+4.5578249E+01,-2.8338070E+01
+2.0135000E+00,+4.4393616E+01,-2.8165916E+01
+2.0194500E+00,+4.3195581E+01,-2.7920989E+01
+2.0254000E+00,+4.1998044E+01,-2.7582793E+01
+2.0313500E+00,+4.0816559E+01,-2.7142471E+01
+2.0373000E+00,+3.9662353E+01,-2.6602084E+01
+2.0432500E+00,+3.8538678E+01,-2.5968803E+01
+2.0492000E+00,+3.7441112E+01,-2.5245988E+01
+2.0551500E+00,+3.6361976E+01,-2.4424868E+01
+2.0611000E+00,+3.5297329E+01,-2.3481023E+01
+2.0670500E+00,+3.4253661E+01,-2.2378651E+01
+2.0730000E+00,+3.3251113E+01,-2.1082889E+01
+2.0789500E+00,+3.2321045E+01,-1.9577147E+01
+2.0849000E+00,+3.1497693E+01,-1.7879342E+01
+2.0908500E+00,+3.0805892E+01,-1.6049276E+01
+2.0968000E+00,+3.0248589E+01,-1.4180261E+01
+2.1027500E+00,+2.9798889E+01,-1.2373133E+01
+2.1087000E+00,+2.9400971E+01,-1.0698826E+01
+2.1146500E+00,+2.8982028E+01,-9.1625946E+00
+2.1206000E+00,+2.8473508E+01,-7.6837757E+00
+2.1265500E+00,+2.7835754E+01,-6.0995121E+00
+2.1325000E+00,+2.7077551E+01,-4.1933749E+00
+2.1384500E+00,+2.6263179E+01,-1.7445913E+00
+2.1444000E+00,+2.5503960E+01,+1.4090227E+00
+2.1503500E+00,+2.4936305E+01,+5.3056153E+00
+2.1563000E+00,+2.4691579E+01,+9.8134291E+00
+2.1622500E+00,+2.4865458E+01,+1.4637195E+01
+2.1682000E+00,+2.5496568E+01,+1.9395025E+01
+2.1741500E+00,+2.6562664E+01,+2.3735877E+01
+2.1801000E+00,+2.7994580E+01,+2.7432117E+01
+2.1860500E+00,+2.9699727E+01,+3.0405583E+01
+2.1920000E+00,+3.1585442E+01,+3.2697683E+01
+2.1979500E+00,+3.3576716E+01,+3.4417799E+01
+2.2039000E+00,+3.5626453E+01,+3.5695085E+01
+2.2098500E+00,+3.7717676E+01,+3.6643422E+01
+2.2158000E+00,+3.9857850E+01,+3.7341500E+01
+2.2217500E+00,+4.2067220E+01,+3.7827583E+01
+2.2277000E+00,+4.4365007E+01,+3.8106739E+01
+2.2336500E+00,+4.6757962E+01,+3.8165933E+01
+2.2396000E+00,+4.9234707E+01,+3.7990882E+01
+2.2455500E+00,+5.1767114E+01,+3.7579084E+01
+2.2515000E+00,+5.4317802E+01,+3.6945588E+01
+2.2574500E+00,+5.6850807E+01,+3.6120808E+01
+2.2634000E+00,+5.9341234E+01,+3.5142173E+01
+2.2693500E+00,+6.1779654E+01,+3.4043327E+01
+2.2753000E+00,+6.4168978E+01,+3.2845434E+01
+2.2812500E+00,+6.6514991E+01,+3.1554257E+01
+2.2872000E+00,+6.8814912E+01,+3.0164217E+01
+2.2931500E+00,+7.1049584E+01,+2.8667549E+01
+2.2991000E+00,+7.3183515E+01,+2.7064439E+01
+2.3050500E+00,+7.5173629E+01,+2.5369610E+01
+2.3110000E+00,+7.6983488E+01,+2.3612286E+01
+2.3169500E+00,+7.8596577E+01,+2.1829347E+01
+2.3229000E+00,+8.0021999E+01,+2.0054612E+01
+2.3288500E+00,+8.1289392E+01,+1.8309093E+01
+2.3348000E+00,+8.2435413E+01,+1.6596670E+01
+2.3407500E+00,+8.3488453E+01,+1.4906956E+01
+2.3467000E+00,+8.4458828E+01,+1.3223705E+01
+2.3526500E+00,+8.5338731E+01,+1.1534587E+01
+2.3586000E+00,+8.6111439E+01,+9.8377449E+00
+2.3645500E+00,+8.6764913E+01,+8.1421710E+00
+2.3705000E+00,+8.7302715E+01,+6.4619309E+00
+2.3764500E+00,+8.7746428E+01,+4.8072112E+00
+2.3824000E+00,+8.8128043E+01,+3.1767239E+00
+2.3883500E+00,+8.8475918E+01,+1.5553344E+00
+2.3943000E+00,+8.8801100E+01,-8.1734389E-02
+2.4002500E+00,+8.9090656E+01,-1.7598803E+00
+2.4062000E+00,+8.9311551E+01,-3.4953352E+00
+2.4121500E+00,+8.9424026E+01,-5.2892184E+00
+2.4181000E+00,+8.9398809E+01,-7.1285718E+00
+2.4240500E+00,+8.9229964E+01,-8.9945131E+00
+2.4300000E+00,+8.8936358E+01,-1.0874292E+01
+2.4359500E+00,+8.8549665E+01,-1.2771930E+01
+2.4419000E+00,+8.8093046E+01,-1.4712301E+01
+2.4478500E+00,+8.7558952E+01,-1.6735884E+01
+2.4538000E+00,+8.6895371E+01,-1.8884820E+01
+2.4597500E+00,+8.6007817E+01,-2.1184278E+01
+2.4657000E+00,+8.4779886E+01,-2.3625437E+01
+2.4716500E+00,+8.3108241E+01,-2.6156870E+01
+2.4776000E+00,+8.0939947E+01,-2.8688791E+01
+2.4835500E+00,+7.8296174E+01,-3.1109702E+01
+2.4895000E+00,+7.5271374E+01,-3.3309631E+01
+2.4954500E+00,+7.2009578E+01,-3.5201766E+01
+2.5014000E+00,+6.8670129E+01,-3.6736331E+01
+2.5073500E+00,+6.5396721E+01,-3.7904988E+01
+2.5133000E+00,+6.2297425E+01,-3.8737515E+01
+2.5192500E+00,+5.9436282E+01,-3.9293413E+01
+2.5252000E+00,+5.6833383E+01,-3.9650393E+01
+2.5311500E+00,+5.4470332E+01,-3.9890875E+01
+2.5371000E+00,+5.2299316E+01,-4.0087703E+01
+2.5430500E+00,+5.0255012E+01,-4.0291113E+01
+2.5490000E+00,+4.8268349E+01,-4.0519614E+01
+2.5549500E+00,+4.6280167E+01,-4.0757075E+01
+2.5609000E+00,+4.4251981E+01,-4.0956791E+01
+2.5668500E+00,+4.2171328E+01,-4.1051166E+01
+2.5728000E+00,+4.0050765E+01,-4.0964163E+01
+2.5787500E+00,+3.7921663E+01,-4.0623374E+01
+2.5847000E+00,+3.5825375E+01,-3.9969383E+01
+2.5906500E+00,+3.3804458E+01,-3.8961387E+01
+2.5966000E+00,+3.1895820E+01,-3.7578921E+01
+2.6025500E+00,+3.0126634E+01,-3.5819988E+01
+2.6085000E+00,+2.8513127E+01,-3.3696166E+01
+2.6144500E+00,+2.7061900E+01,-3.1225828E+01
+2.6204000E+00,+2.5773180E+01,-2.8427441E+01
+2.6263500E+00,+2.4644997E+01,-2.5315552E+01
+2.6323000E+00,+2.3677065E+01,-2.1901629E+01
+2.6382500E+00,+2.2873110E+01,-1.8200289E+01
+2.6442000E+00,+2.2240900E+01,-1.4238850E+01
+2.6501500E+00,+2.1790024E+01,-1.0065928E+01
+2.6561000E+00,+2.1528358E+01,-5.7541706E+00
+2.6620500E+00,+2.1458742E+01,-1.3943050E+00
+2.6680000E+00,+2.1577298E+01,+2.9180743E+00
+2.6739500E+00,+2.1874072E+01,+7.0975332E+00
+2.6799000E+00,+2.2335573E+01,+1.1079314E+01
+2.6858500E+00,+2.2947946E+01,+1.4821968E+01
+2.6918000E+00,+2.3699442E+01,+1.8303154E+01
+2.6977500E+00,+2.4581351E+01,+2.1512501E+01
+2.7037000E+00,+2.5587422E+01,+2.4445533E+01
+2.7096500E+00,+2.6712438E+01,+2.7100761E+01
+2.7156000E+00,+2.7950888E+01,+2.9479755E+01
+2.7215500E+00,+2.9296420E+01,+3.1588580E+01
+2.7275000E+00,+3.0742331E+01,+3.3438717E+01
+2.7334500E+00,+3.2282777E+01,+3.5046364E+01
+2.7394000E+00,+3.3914111E+01,+3.6430068E+01
+2.7453500E+00,+3.5635657E+01,+3.7607541E+01
+2.7513000E+00,+3.7449505E+01,+3.8592862E+01
+2.7572500E+00,+3.9359328E+01,+3.9395066E+01
+2.7632000E+00,+4.1368630E+01,+4.0018546E+01
+2.7691500E+00,+4.3479129E+01,+4.0464953E+01
+2.7751000E+00,+4.5689939E+01,+4.0735691E+01
+2.7810500E+00,+4.7997899E+01,+4.0833964E+01
+2.7870000E+00,+5.0398968E+01,+4.0765527E+01
+2.7929500E+00,+5.2890095E+01,+4.0537864E+01
+2.7989000E+00,+5.5470723E+01,+4.0158149E+01
+2.8048500E+00,+5.8143096E+01,+3.9630826E+01
+2.8108000E+00,+6.0910984E+01,+3.8955855E+01
+2.8167500E+00,+6.3777064E+01,+3.8128368E+01
+2.8227000E+00,+6.6739835E+01,+3.7139937E+01
+2.8286500E+00,+6.9791209E+01,+3.5980914E+01
+2.8346000E+00,+7.2915687E+01,+3.4642840E+01
+2.8405500E+00,+7.6091268E+01,+3.3119836E+01
+2.8465000E+00,+7.9291256E+01,+3.1408356E+01
+2.8524500E+00,+8.2485318E+01,+2.9505492E+01
+2.8584000E+00,+8.5638082E+01,+2.7406891E+01
+2.8643500E+00,+8.8704547E+01,+2.5105836E+01
+2.8703000E+00,+9.1623472E+01,+2.2594830E+01
+2.8762500E+00,+9.4311873E+01,+1.9870002E+01
+2.8822000E+00,+9.6664723E+01,+1.6937282E+01
+2.8881500E+00,+9.8562795E+01,+1.3818078E+01
+2.8941000E+00,+9.9888264E+01,+1.0551995E+01
+2.9000500E+00,+1.0054342E+02,+7.1953020E+00
+2.9060000E+00,+1.0046560E+02,+3.8160267E+00
+2.9119500E+00,+9.9633515E+01,+4.8854398E-01
+2.9179000E+00,+9.8066071E+01,-2.7093197E+00
+2.9238500E+00,+9.5819194E+01,-5.6957203E+00
+2.9298000E+00,+9.2986046E+01,-8.3828791E+00
+2.9357500E+00,+8.9700428E+01,-1.0677748E+01
+2.9417000E+00,+8.6137985E+01,-1.2488424E+01
+2.9476500E+00,+8.2509441E+01,-1.3736715E+01
+2.9536000E+00,+7.9044744E+01,-1.4374583E+01
+2.9595500E+00,+7.5972150E+01,-1.4401001E+01
+2.9655000E+00,+7.3497605E+01,-1.3875889E+01
+2.9714500E+00,+7.1787253E+01,-1.2927683E+01
+2.9774000E+00,+7.0952704E+01,-1.1750442E+01
+2.9833500E+00,+7.1037563E+01,-1.0586923E+01
+2.9893000E+00,+7.2004638E+01,-9.6976771E+00
+2.9952500E+00,+7.3725191E+01,-9.3218368E+00
+3.0012000E+00,+7.5974021E+01,-9.6388600E+00
+3.0071500E+00,+7.8437585E+01,-1.0739549E+01
+3.0131000E+00,+8.0745034E+01,-1.2611663E+01
+3.0190500E+00,+8.2527737E+01,-1.5143833E+01
+3.0250000E+00,+8.3496300E+01,-1.8149924E+01
+3.0309500E+00,+8.3503713E+01,-2.1410313E+01
+3.0369000E+00,+8.2561435E+01,-2.4717533E+01
+3.0428500E+00,+8.0802126E+01,-2.7909901E+01
+3.0488000E+00,+7.8415222E+01,-3.0883446E+01
+3.0547500E+00,+7.5590074E+01,-3.3584413E+01
+3.0607000E+00,+7.2485077E+01,-3.5992265E+01
+3.0666500E+00,+6.9221191E+01,-3.8103052E+01
+3.0726000E+00,+6.5888592E+01,-3.9918599E+01
+3.0785500E+00,+6.2555942E+01,-4.1442214E+01
+3.0845000E+00,+5.9276739E+01,-4.2678766E+01
+3.0904500E+00,+5.6091886E+01,-4.3636224E+01
+3.0964000E+00,+5.3030064E+01,-4.4326391E+01
+3.1023500E+00,+5.0107946E+01,-4.4763842E+01
+3.1083000E+00,+4.7331548E+01,-4.4963243E+01
+3.1142500E+00,+4.4698974E+01,-4.4935993E+01
+3.1202000E+00,+4.2204047E+01,-4.4687412E+01
+3.1261500E+00,+3.9839884E+01,-4.4215444E+01
+3.1321000E+00,+3.7601548E+01,-4.3511279E+01
+3.1380500E+00,+3.5487246E+01,-4.2561588E+01
+3.1440000E+00,+3.3498089E+01,-4.1351513E+01
+3.1499500E+00,+3.1636870E+01,-3.9867324E+01
+3.1559000E+00,+2.9906602E+01,-3.8097853E+01
+3.1618500E+00,+2.8309499E+01,-3.6034360E+01
+3.1678000E+00,+2.6846858E+01,-3.3669214E+01
+3.1737500E+00,+2.5519877E+01,-3.0994537E+01
+3.1797000E+00,+2.4331038E+01,-2.8002284E+01
+3.1856500E+00,+2.3285399E+01,-2.4687026E+01
+3.1916000E+00,+2.2391100E+01,-2.1051650E+01
+3.1975500E+00,+2.1658648E+01,-1.7114675E+01
+3.2035000E+00,+2.1099031E+01,-1.2916462E+01
+3.2094500E+00,+2.0721242E+01,-8.5210671E+00
+3.2154000E+00,+2.0530107E+01,-4.0117582E+00
+3.2213500E+00,+2.0525278E+01,+5.1902786E-01
+3.2273000E+00,+2.0701728E+01,+4.9816640E+00
+3.2332500E+00,+2.1051380E+01,+9.2987843E+00
+3.2392000E+00,+2.1565045E+01,+1.3409567E+01
+3.2451500E+00,+2.2233774E+01,+1.7269258E+01
+3.2511000E+00,+2.3049241E+01,+2.0846421E+01
+3.2570500E+00,+2.4003310E+01,+2.4120449E+01
+3.2630000E+00,+2.5087329E+01,+2.7080490E+01
+3.2689500E+00,+2.6291780E+01,+2.9725379E+01
+3.2749000E+00,+2.7606595E+01,+3.2063426E+01
+3.2808500E+00,+2.9022117E+01,+3.4111100E+01
+3.2868000E+00,+3.0530327E+01,+3.5890363E+01
+3.2927500E+00,+3.2125865E+01,+3.7425163E+01
+3.2987000E+00,+3.3806398E+01,+3.8737996E+01
+3.3046500E+00,+3.5572175E+01,+3.9847446E+01
+3.3106000E+00,+3.7424917E+01,+4.0767260E+01
+3.3165500E+00,+3.9366444E+01,+4.1506982E+01
+3.3225000E+00,+4.1397578E+01,+4.2073633E+01
+3.3284500E+00,+4.3517722E+01,+4.2473643E+01
+3.3344000E+00,+4.5725275E+01,+4.2714229E+01
+3.3403500E+00,+4.8018699E+01,+4.2803730E+01
+3.3463000E+00,+5.0397755E+01,+4.2750819E+01
+3.3522500E+00,+5.2864324E+01,+4.2563003E+01
+3.3582000E+00,+5.5422341E+01,+4.2245065E+01
+3.3641500E+00,+5.8076696E+01,+4.1798145E+01
+3.3701000E+00,+6.0831398E+01,+4.1219898E+01
+3.3760500E+00,+6.3687623E+01,+4.0505714E+01
+3.3820000E+00,+6.6642399E+01,+3.9650566E+01
+3.3879500E+00,+6.9688481E+01,+3.8650764E+01
+3.3939000E+00,+7.2815468E+01,+3.7504917E+01
+3.3998500E+00,+7.6011689E+01,+3.6213698E+01
+3.4058000E+00,+7.9265866E+01,+3.4778511E+01
+3.4117500E+00,+8.2567519E+01,+3.3199643E+01
+3.4177000E+00,+8.5905462E+01,+3.1474744E+01
+3.4236500E+00,+8.9264550E+01,+2.9598450E+01
+3.4296000E+00,+9.2621746E+01,+2.7563453E+01
+3.4355500E+00,+9.5943080E+01,+2.5362750E+01
+3.4415000E+00,+9.9182923E+01,+2.2992228E+01
+3.4474500E+00,+1.0228610E+02,+2.0452553E+01
+3.4534000E+00,+1.0519210E+02,+1.7749627E+01
+3.4593500E+00,+1.0783944E+02,+1.4893574E+01
+3.4653000E+00,+1.1016837E+02,+1.1896975E+01
+3.4712500E+00,+1.1212092E+02,+8.7735545E+00
+3.4772000E+00,+1.1363950E+02,+5.5383181E+00
+3.4831500E+00,+1.1466658E+02,+2.2093200E+00
+3.4891000E+00,+1.1514828E+02,-1.1898120E+00
+3.4950500E+00,+1.1504221E+02,-4.6281445E+00
+3.5010000E+00,+1.1432749E+02,-8.0678863E+00
+3.5069500E+00,+1.1301236E+02,-1.1467388E+01
+3.5129000E+00,+1.1113553E+02,-1.4785737E+01
+3.5188500E+00,+1.0876038E+02,-1.7987143E+01
+3.5248000E+00,+1.0596434E+02,-2.1043455E+01
+3.5307500E+00,+1.0282819E+02,-2.3934178E+01
+3.5367000E+00,+9.9428601E+01,-2.6644569E+01
+3.5426500E+00,+9.5835233E+01,-2.9163122E+01
+3.5486000E+00,+9.2111240E+01,-3.1479735E+01
+3.5545500E+00,+8.8314784E+01,-3.3585189E+01
+3.5605000E+00,+8.4499795E+01,-3.5471784E+01
+3.5664500E+00,+8.0715287E+01,-3.7134412E+01
+3.5724000E+00,+7.7003788E+01,-3.8571299E+01
+3.5783500E+00,+7.3399937E+01,-3.9783923E+01
+3.5843000E+00,+6.9930122E+01,-4.0776182E+01
+3.5902500E+00,+6.6613439E+01,-4.1553243E+01
+3.5962000E+00,+6.3463580E+01,-4.2120726E+01
+3.6021500E+00,+6.0490903E+01,-4.2484735E+01
+3.6081000E+00,+5.7703902E+01,-4.2652931E+01
+3.6140500E+00,+5.5109543E+01,-4.2636398E+01
+3.6200000E+00,+5.2712378E+01,-4.2451671E+01
+3.6259500E+00,+5.0512766E+01,-4.2122068E+01
+3.6319000E+00,+4.8504843E+01,-4.1677505E+01
+3.6378500E+00,+4.6675030E+01,-4.1152311E+01
+3.6438000E+00,+4.5001778E+01,-4.0581136E+01
+3.6497500E+00,+4.3456963E+01,-3.9993776E+01
+3.6557000E+00,+4.2008868E+01,-3.9410276E+01
+3.6616500E+00,+4.0626139E+01,-3.8837732E+01
+3.6676000E+00,+3.9281713E+01,-3.8269743E+01
+3.6735500E+00,+3.7955683E+01,-3.7688523E+01
+3.6795000E+00,+3.6636417E+01,-3.7068805E+01
+3.6854500E+00,+3.5319894E+01,-3.6382156E+01
+3.6914000E+00,+3.4007791E+01,-3.5600393E+01
+3.6973500E+00,+3.2705205E+01,-3.4697329E+01
+3.7033000E+00,+3.1418779E+01,-3.3648785E+01
+3.7092500E+00,+3.0155718E+01,-3.2431466E+01
+3.7152000E+00,+2.8923682E+01,-3.1021656E+01
+3.7211500E+00,+2.7731244E+01,-2.9394638E+01
+3.7271000E+00,+2.6588420E+01,-2.7525397E+01
+3.7330500E+00,+2.5506854E+01,-2.5390647E+01
+3.7390000E+00,+2.4499485E+01,-2.2971661E+01
+3.7449500E+00,+2.3579790E+01,-2.0257152E+01
+3.7509000E+00,+2.2760882E+01,-1.7245419E+01
+3.7568500E+00,+2.2054829E+01,-1.3945412E+01
+3.7628000E+00,+2.1472410E+01,-1.0376873E+01
+3.7687500E+00,+2.1023292E+01,-6.5701849E+00
+3.7747000E+00,+2.0716382E+01,-2.5665239E+00
+3.7806500E+00,+2.0559958E+01,+1.5817258E+00
+3.7866000E+00,+2.0561293E+01,+5.8111935E+00
+3.7925500E+00,+2.0725781E+01,+1.0049770E+01
+3.7985000E+00,+2.1055891E+01,+1.4221713E+01
+3.8044500E+00,+2.1550478E+01,+1.8254988E+01
+3.8104000E+00,+2.2204861E+01,+2.2088771E+01
+3.8163500E+00,+2.3011769E+01,+2.5678664E+01
+3.8223000E+00,+2.3962836E+01,+2.8998129E+01
+3.8282500E+00,+2.5050178E+01,+3.2036292E+01
+3.8342000E+00,+2.6267527E+01,+3.4793558E+01
+3.8401500E+00,+2.7610689E+01,+3.7276871E+01
+3.8461000E+00,+2.9077329E+01,+3.9496029E+01
+3.8520500E+00,+3.0666352E+01,+4.1461672E+01
+3.8580000E+00,+3.2377253E+01,+4.3184756E+01
+3.8639500E+00,+3.4209763E+01,+4.4676850E+01
+3.8699000E+00,+3.6163975E+01,+4.5950520E+01
+3.8758500E+00,+3.8240907E+01,+4.7019232E+01
+3.8818000E+00,+4.0443286E+01,+4.7896600E+01
+3.8877500E+00,+4.2776252E+01,+4.8595130E+01
+3.8937000E+00,+4.5247675E+01,+4.9124867E+01
+3.8996500E+00,+4.7867932E+01,+4.9492378E+01
+3.9056000E+00,+5.0649186E+01,+4.9700393E+01
+3.9115500E+00,+5.3604402E+01,+4.9748198E+01
+3.9175000E+00,+5.6746425E+01,+4.9632558E+01
+3.9234500E+00,+6.0087479E+01,+4.9348814E+01
+3.9294000E+00,+6.3639230E+01,+4.8891688E+01
+3.9353500E+00,+6.7413334E+01,+4.8255469E+01
+3.9413000E+00,+7.1422112E+01,+4.7433469E+01
+3.9472500E+00,+7.5678748E+01,+4.6416917E+01
+3.9532000E+00,+8.0196347E+01,+4.5193699E+01
+3.9591500E+00,+8.4985323E+01,+4.3747470E+01
+3.9651000E+00,+9.0048940E+01,+4.2057622E+01
+3.9710500E+00,+9.5377260E+01,+4.0100373E+01
+3.9770000E+00,+1.0094023E+02,+3.7850917E+01
+3.9829500E+00,+1.0668096E+02,+3.5286319E+01
+3.9889000E+00,+1.1251033E+02,+3.2388613E+01
+3.9948500E+00,+1.1830388E+02,+2.9147632E+01
+4.0008000E+00,+1.2390164E+02,+2.5563293E+01
+4.0067500E+00,+1.2911143E+02,+2.1647469E+01
+4.0127000E+00,+1.3371659E+02,+1.7425803E+01
+4.0186500E+00,+1.3748985E+02,+1.2939693E+01
+4.0246000E+00,+1.4021562E+02,+8.2479755E+00
+4.0305500E+00,+1.4172029E+02,+3.4268793E+00
+4.0365000E+00,+1.4190508E+02,-1.4335017E+00
+4.0424500E+00,+1.4077013E+02,-6.2370477E+00
+4.0484000E+00,+1.3841828E+02,-1.0892435E+01
+4.0543500E+00,+1.3503457E+02,-1.5323684E+01
+4.0603000E+00,+1.3084885E+02,-1.9476938E+01
+4.0662500E+00,+1.2609598E+02,-2.3321698E+01
+4.0722000E+00,+1.2098616E+02,-2.6847206E+01
+4.0781500E+00,+1.1569055E+02,-3.0056302E+01
+4.0841000E+00,+1.1034011E+02,-3.2959325E+01
+4.0900500E+00,+1.0503177E+02,-3.5569758E+01
+4.0960000E+00,+9.9836486E+01,-3.7902109E+01
+4.1019500E+00,+9.4805703E+01,-3.9971538E+01
+4.1079000E+00,+8.9975336E+01,-4.1794270E+01
+4.1138500E+00,+8.5367833E+01,-4.3387864E+01
+4.1198000E+00,+8.0993590E+01,-4.4770810E+01
+4.1257500E+00,+7.6852702E+01,-4.5961413E+01
+4.1317000E+00,+7.2937452E+01,-4.6976300E+01
+4.1376500E+00,+6.9235346E+01,-4.7829083E+01
+4.1436000E+00,+6.5732133E+01,-4.8529644E+01
+4.1495500E+00,+6.2414193E+01,-4.9084263E+01
+4.1555000E+00,+5.9269870E+01,-4.9496498E+01
+4.1614500E+00,+5.6289670E+01,-4.9768445E+01
+4.1674000E+00,+5.3465600E+01,-4.9901892E+01
+4.1733500E+00,+5.0790149E+01,-4.9898928E+01
+4.1793000E+00,+4.8255406E+01,-4.9761814E+01
+4.1852500E+00,+4.5852709E+01,-4.9492174E+01
+4.1912000E+00,+4.3572924E+01,-4.9089846E+01
+4.1971500E+00,+4.1407221E+01,-4.8551857E+01
+4.2031000E+00,+3.9348020E+01,-4.7871940E+01
+4.2090500E+00,+3.7389736E+01,-4.7040813E+01
+4.2150000E+00,+3.5529066E+01,-4.6047158E+01
+4.2209500E+00,+3.3764718E+01,-4.4878948E+01
+4.2269000E+00,+3.2096727E+01,-4.3524645E+01
+4.2328500E+00,+3.0525658E+01,-4.1973826E+01
+4.2388000E+00,+2.9051998E+01,-4.0217038E+01
+4.2447500E+00,+2.7675994E+01,-3.8245027E+01
+4.2507000E+00,+2.6397991E+01,-3.6047867E+01
+4.2566500E+00,+2.5219106E+01,-3.3614684E+01
+4.2626000E+00,+2.4141952E+01,-3.0934639E+01
+4.2685500E+00,+2.3171044E+01,-2.7999402E+01
+4.2745000E+00,+2.2312637E+01,-2.4806761E+01
+4.2804500E+00,+2.1573981E+01,-2.1364391E+01
+4.2864000E+00,+2.0962182E+01,-1.7692475E+01
+4.2923500E+00,+2.0483067E+01,-1.3824113E+01
+4.2983000E+00,+2.0140465E+01,-9.8032266E+00
+4.3042500E+00,+1.9936117E+01,-5.6807444E+00
+4.3102000E+00,+1.9870168E+01,-1.5105434E+00
+4.3161500E+00,+1.9941883E+01,+2.6535505E+00
+4.3221000E+00,+2.0150163E+01,+6.7593411E+00
+4.3280500E+00,+2.0493587E+01,+1.0757131E+01
+4.3340000E+00,+2.0969992E+01,+1.4600989E+01
+4.3399500E+00,+2.1575921E+01,+1.8250983E+01
+4.3459000E+00,+2.2306340E+01,+2.1675981E+01
+4.3518500E+00,+2.3154900E+01,+2.4855849E+01
+4.3578000E+00,+2.4114746E+01,+2.7781986E+01
+4.3637500E+00,+2.5179612E+01,+3.0455788E+01
+4.3697000E+00,+2.6344792E+01,+3.2885524E+01
+4.3756500E+00,+2.7607661E+01,+3.5082687E+01
+4.3816000E+00,+2.8967563E+01,+3.7058909E+01
+4.3875500E+00,+3.0425188E+01,+3.8824200E+01
+4.3935000E+00,+3.1981708E+01,+4.0386672E+01
+4.3994500E+00,+3.3638049E+01,+4.1753337E+01
+4.4054000E+00,+3.5394594E+01,+4.2931310E+01
+4.4113500E+00,+3.7251418E+01,+4.3928685E+01
+4.4173000E+00,+3.9208959E+01,+4.4754662E+01
+4.4232500E+00,+4.1268817E+01,+4.5418842E+01
+4.4292000E+00,+4.3434332E+01,+4.5929992E+01
+4.4351500E+00,+4.5710654E+01,+4.6294784E+01
+4.4411000E+00,+4.8104179E+01,+4.6517005E+01
+4.4470500E+00,+5.0621532E+01,+4.6597556E+01
+4.4530000E+00,+5.3268417E+01,+4.6535255E+01
+4.4589500E+00,+5.6048778E+01,+4.6328148E+01
+4.4649000E+00,+5.8964642E+01,+4.5974816E+01
+4.4708500E+00,+6.2016767E+01,+4.5475194E+01
+4.4768000E+00,+6.5205904E+01,+4.4830541E+01
+4.4827500E+00,+6.8534206E+01,+4.4042550E+01
+4.4887000E+00,+7.2006136E+01,+4.3111863E+01
+4.4946500E+00,+7.5628306E+01,+4.2036548E+01
+4.5006000E+00,+7.9408027E+01,+4.0811083E+01
+4.5065500E+00,+8.3350789E+01,+3.9426260E+01
+4.5125000E+00,+8.7457338E+01,+3.7870019E+01
+4.5184500E+00,+9.1721151E+01,+3.6128862E+01
+4.5244000E+00,+9.6126866E+01,+3.4189250E+01
+4.5303500E+00,+1.0064965E+02,+3.2038391E+01
+4.5363000E+00,+1.0525467E+02,+2.9664168E+01
+4.5422500E+00,+1.0989544E+02,+2.7054468E+01
+4.5482000E+00,+1.1450970E+02,+2.4196695E+01
+4.5541500E+00,+1.1901283E+02,+2.1078502E+01
+4.5601000E+00,+1.2329065E+02,+1.7690566E+01
+4.5660500E+00,+1.2719548E+02,+1.4031447E+01
+4.5720000E+00,+1.3055048E+02,+1.0113492E+01
+4.5779500E+00,+1.3316601E+02,+5.9677495E+00
+4.5839000E+00,+1.3486697E+02,+1.6455794E+00
+4.5898500E+00,+1.3552423E+02,-2.7844682E+00
+4.5958000E+00,+1.3507910E+02,-7.2440339E+00
+4.6017500E+00,+1.3355179E+02,-1.1654162E+01
+4.6077000E+00,+1.3103226E+02,-1.5943238E+01
+4.6136500E+00,+1.2765966E+02,-2.0051587E+01
+4.6196000E+00,+1.2359956E+02,-2.3932675E+01
+4.6255500E+00,+1.1902525E+02,-2.7552310E+01
+4.6315000E+00,+1.1410463E+02,-3.0887480E+01
+4.6374500E+00,+1.0899128E+02,-3.3925665E+01
+4.6434000E+00,+1.0381789E+02,-3.6664463E+01
+4.6493500E+00,+9.8691635E+01,-3.9110866E+01
+4.6553000E+00,+9.3692053E+01,-4.1279651E+01
+4.6612500E+00,+8.8871746E+01,-4.3190788E+01
+4.6672000E+00,+8.4259972E+01,-4.4866319E+01
+4.6731500E+00,+7.9868157E+01,-4.6327370E+01
+4.6791000E+00,+7.5696072E+01,-4.7591993E+01
+4.6850500E+00,+7.1737400E+01,-4.8674222E+01
+4.6910000E+00,+6.7983759E+01,-4.9584373E+01
+4.6969500E+00,+6.4426833E+01,-5.0330193E+01
+4.7029000E+00,+6.1058826E+01,-5.0918290E+01
+4.7088500E+00,+5.7871850E+01,-5.1355209E+01
+4.7148000E+00,+5.4857029E+01,-5.1647760E+01
+4.7207500E+00,+5.2003940E+01,-5.1802485E+01
+4.7267000E+00,+4.9300750E+01,-5.1824521E+01
+4.7326500E+00,+4.6735037E+01,-5.1716292E+01
+4.7386000E+00,+4.4294994E+01,-5.1476563E+01
+4.7445500E+00,+4.1970588E+01,-5.1100203E+01
+4.7505000E+00,+3.9754282E+01,-5.0578769E+01
+4.7564500E+00,+3.7641091E+01,-4.9901652E+01
+4.7624000E+00,+3.5628029E+01,-4.9057334E+01
+4.7683500E+00,+3.3713215E+01,-4.8034208E+01
+4.7743000E+00,+3.1895010E+01,-4.6820585E+01
+4.7802500E+00,+3.0171546E+01,-4.5403790E+01
+4.7862000E+00,+2.8540837E+01,-4.3768652E+01
+4.7921500E+00,+2.7001444E+01,-4.1896008E+01
+4.7981000E+00,+2.5553458E+01,-3.9761998E+01
+4.8040500E+00,+2.4199428E+01,-3.7338842E+01
+4.8100000E+00,+2.2944886E+01,-3.4597401E+01
+4.8159500E+00,+2.1798246E+01,-3.1511379E+01
+4.8219000E+00,+2.0770083E+01,-2.8062453E+01
+4.8278500E+00,+1.9872015E+01,-2.4245325E+01
+4.8338000E+00,+1.9115538E+01,-2.0071669E+01
+4.8397500E+00,+1.8511156E+01,-1.5572286E+01
+4.8457000E+00,+1.8067959E+01,-1.0797449E+01
+4.8516500E+00,+1.7793564E+01,-5.8158120E+00
+4.8576000E+00,+1.7694083E+01,-7.1213979E-01
+4.8635500E+00,+1.7773786E+01,+4.4165911E+00
+4.8695000E+00,+1.8034364E+01,+9.4675953E+00
+4.8754500E+00,+1.8474080E+01,+1.4341385E+01
+4.8814000E+00,+1.9087300E+01,+1.8952076E+01
+4.8873500E+00,+1.9864847E+01,+2.3235975E+01
+4.8933000E+00,+2.0795249E+01,+2.7155708E+01
+4.8992500E+00,+2.1866549E+01,+3.0698905E+01
+4.9052000E+00,+2.3068125E+01,+3.3872587E+01
+4.9111500E+00,+2.4391999E+01,+3.6695611E+01
+4.9171000E+00,+2.5833310E+01,+3.9191572E+01
+4.9230500E+00,+2.7389965E+01,+4.1383737E+01
+4.9290000E+00,+2.9061710E+01,+4.3292561E+01
+4.9349500E+00,+3.0849056E+01,+4.4935419E+01
+4.9409000E+00,+3.2752471E+01,+4.6327651E+01
+4.9468500E+00,+3.4772118E+01,+4.7483899E+01
+4.9528000E+00,+3.6908200E+01,+4.8418915E+01
+4.9587500E+00,+3.9161699E+01,+4.9147474E+01
+4.9647000E+00,+4.1535189E+01,+4.9683453E+01
+4.9706500E+00,+4.4033317E+01,+5.0038489E+01
+4.9766000E+00,+4.6662652E+01,+5.0220768E+01
+4.9825500E+00,+4.9430837E+01,+5.0234475E+01
+4.9885000E+00,+5.2345226E+01,+5.0080147E+01
+4.9944500E+00,+5.5411431E+01,+4.9755858E+01
+5.0004000E+00,+5.8632268E+01,+4.9258859E+01
+5.0063500E+00,+6.2007520E+01,+4.8587085E+01
+5.0123000E+00,+6.5534636E+01,+4.7739971E+01
+5.0182500E+00,+6.9210084E+01,+4.6718258E+01
+5.0242000E+00,+7.3030690E+01,+4.5522783E+01
+5.0301500E+00,+7.6994054E+01,+4.4152713E+01
+5.0361000E+00,+8.1097268E+01,+4.2603934E+01
+5.0420500E+00,+8.5333674E+01,+4.0868370E+01
+5.0480000E+00,+8.9688176E+01,+3.8934748E+01
+5.0539500E+00,+9.4132407E+01,+3.6790769E+01
+5.0599000E+00,+9.8621372E+01,+3.4426107E+01
+5.0658500E+00,+1.0309293E+02,+3.1835216E+01
+5.0718000E+00,+1.0747039E+02,+2.9018957E+01
+5.0777500E+00,+1.1166719E+02,+2.5984512E+01
+5.0837000E+00,+1.1559129E+02,+2.2743917E+01
+5.0896500E+00,+1.1914739E+02,+1.9312325E+01
+5.0956000E+00,+1.2223660E+02,+1.5707473E+01
+5.1015500E+00,+1.2475633E+02,+1.1951198E+01
+5.1075000E+00,+1.2660435E+02,+8.0725733E+00
+5.1134500E+00,+1.2769018E+02,+4.1108412E+00
+5.1194000E+00,+1.2795236E+02,+1.1583285E-01
+5.1253500E+00,+1.2737500E+02,-3.8555470E+00
+5.1313000E+00,+1.2599547E+02,-7.7461405E+00
+5.1372500E+00,+1.2389818E+02,-1.1506112E+01
+5.1432000E+00,+1.2119699E+02,-1.5098202E+01
+5.1491500E+00,+1.1801408E+02,-1.8498839E+01
+5.1551000E+00,+1.1446356E+02,-2.1695427E+01
+5.1610500E+00,+1.1064416E+02,-2.4681800E+01
+5.1670000E+00,+1.0663979E+02,-2.7454241E+01
+5.1729500E+00,+1.0252385E+02,-3.0009659E+01
+5.1789000E+00,+9.8362873E+01,-3.2346103E+01
+5.1848500E+00,+9.4216990E+01,-3.4464624E+01
+5.1908000E+00,+9.0137635E+01,-3.6371000E+01
+5.1967500E+00,+8.6164253E+01,-3.8076129E+01
+5.2027000E+00,+8.2322257E+01,-3.9594687E+01
+5.2086500E+00,+7.8623503E+01,-4.0942493E+01
+5.2146000E+00,+7.5069294E+01,-4.2133553E+01
+5.2205500E+00,+7.1654901E+01,-4.3177868E+01
+5.2265000E+00,+6.8374082E+01,-4.4080719E+01
+5.2324500E+00,+6.5222258E+01,-4.4843556E+01
+5.2384000E+00,+6.2197644E+01,-4.5465970E+01
+5.2443500E+00,+5.9300480E+01,-4.5947859E+01
+5.2503000E+00,+5.6531150E+01,-4.6290864E+01
+5.2562500E+00,+5.3888258E+01,-4.6498533E+01
+5.2622000E+00,+5.1367548E+01,-4.6575164E+01
+5.2681500E+00,+4.8962109E+01,-4.6523822E+01
+5.2741000E+00,+4.6663711E+01,-4.6344346E+01
+5.2800500E+00,+4.4464725E+01,-4.6032175E+01
+5.2860000E+00,+4.2359857E+01,-4.5578501E+01
+5.2919500E+00,+4.0347057E+01,-4.4971753E+01
+5.2979000E+00,+3.8427312E+01,-4.4199880E+01
+5.3038500E+00,+3.6603490E+01,-4.3252589E+01
+5.3098000E+00,+3.4878728E+01,-4.2122698E+01
+5.3157500E+00,+3.3255027E+01,-4.0806063E+01
+5.3217000E+00,+3.1732573E+01,-3.9300123E+01
+5.3276500E+00,+3.0310039E+01,-3.7601708E+01
+5.3336000E+00,+2.8985711E+01,-3.5705160E+01
+5.3395500E+00,+2.7758956E+01,-3.3601893E+01
+5.3455000E+00,+2.6631402E+01,-3.1282016E+01
+5.3514500E+00,+2.5607286E+01,-2.8737829E+01
+5.3574000E+00,+2.4692778E+01,-2.5968104E+01
+5.3633500E+00,+2.3894506E+01,-2.2981498E+01
+5.3693000E+00,+2.3217879E+01,-1.9797583E+01
+5.3752500E+00,+2.2665923E+01,-1.6444912E+01
+5.3812000E+00,+2.2239133E+01,-1.2956951E+01
+5.3871500E+00,+2.1936400E+01,-9.3679103E+00
+5.3931000E+00,+2.1756524E+01,-5.7106199E+00
+5.3990500E+00,+2.1699514E+01,-2.0173825E+00
+5.4050000E+00,+2.1766942E+01,+1.6771778E+00
+5.4109500E+00,+2.1961131E+01,+5.3336795E+00
+5.4169000E+00,+2.2283526E+01,+8.9083156E+00
+5.4228500E+00,+2.2733115E+01,+1.2356731E+01
+5.4288000E+00,+2.3305706E+01,+1.5640054E+01
+5.4347500E+00,+2.3994502E+01,+1.8730327E+01
+5.4407000E+00,+2.4791756E+01,+2.1612866E+01
+5.4466500E+00,+2.5690808E+01,+2.4284667E+01
+5.4526000E+00,+2.6687632E+01,+2.6749874E+01
+5.4585500E+00,+2.7781282E+01,+2.9014457E+01
+5.4645000E+00,+2.8973096E+01,+3.1082265E+01
+5.4704500E+00,+3.0265082E+01,+3.2953739E+01
+5.4764000E+00,+3.1658216E+01,+3.4627222E+01
+5.4823500E+00,+3.3151399E+01,+3.6101749E+01
+5.4883000E+00,+3.4741521E+01,+3.7379725E+01
+5.4942500E+00,+3.6424592E+01,+3.8468156E+01
+5.5002000E+00,+3.8197462E+01,+3.9377921E+01
+5.5061500E+00,+4.0059381E+01,+4.0121390E+01
+5.5121000E+00,+4.2012705E+01,+4.0709413E+01
+5.5180500E+00,+4.4062332E+01,+4.1148884E+01
+5.5240000E+00,+4.6214021E+01,+4.1441843E+01
+5.5299500E+00,+4.8472176E+01,+4.1586435E+01
+5.5359000E+00,+5.0838026E+01,+4.1579304E+01
+5.5418500E+00,+5.3309009E+01,+4.1418414E+01
+5.5478000E+00,+5.5879774E+01,+4.1105117E+01
+5.5537500E+00,+5.8544601E+01,+4.0644553E+01
+5.5597000E+00,+6.1300319E+01,+4.0044098E+01
+5.5656500E+00,+6.4148458E+01,+3.9310354E+01
+5.5716000E+00,+6.7095396E+01,+3.8445780E+01
+5.5775500E+00,+7.0149911E+01,+3.7446342E+01
+5.5835000E+00,+7.3318567E+01,+3.6301229E+01
+5.5894500E+00,+7.6600342E+01,+3.4994905E+01
+5.5954000E+00,+7.9982336E+01,+3.3510826E+01
+5.6013500E+00,+8.3438186E+01,+3.1835471E+01
+5.6073000E+00,+8.6929755E+01,+2.9961134E+01
+5.6132500E+00,+9.0411243E+01,+2.7886428E+01
+5.6192000E+00,+9.3833441E+01,+2.5614423E+01
+5.6251500E+00,+9.7145404E+01,+2.3149542E+01
+5.6311000E+00,+1.0029186E+02,+2.0495131E+01
+5.6370500E+00,+1.0320724E+02,+1.7653585E+01
+5.6430000E+00,+1.0581020E+02,+1.4629794E+01
+5.6489500E+00,+1.0800381E+02,+1.1436902E+01
+5.6549000E+00,+1.0968538E+02,+8.1017221E+00
+5.6608500E+00,+1.1076495E+02,+4.6666794E+00
+5.6668000E+00,+1.1118610E+02,+1.1863605E+00
+5.6727500E+00,+1.1093934E+02,-2.2806430E+00
+5.6787000E+00,+1.1006134E+02,-5.6813000E+00
+5.6846500E+00,+1.0862071E+02,-8.9749500E+00
+5.6906000E+00,+1.0669831E+02,-1.2134734E+01
+5.6965500E+00,+1.0437170E+02,-1.5143950E+01
+5.7025000E+00,+1.0170925E+02,-1.7990118E+01
+5.7084500E+00,+9.8773114E+01,-2.0660239E+01
+5.7144000E+00,+9.5625714E+01,-2.3139571E+01
+5.7203500E+00,+9.2333704E+01,-2.5414074E+01
+5.7263000E+00,+8.8966293E+01,-2.7474716E+01
+5.7322500E+00,+8.5588687E+01,-2.9321065E+01
+5.7382000E+00,+8.2254159E+01,-3.0962171E+01
+5.7441500E+00,+7.8998593E+01,-3.2414186E+01
+5.7501000E+00,+7.5839730E+01,-3.3695670E+01
+5.7560500E+00,+7.2781128E+01,-3.4822437E+01
+5.7620000E+00,+6.9818989E+01,-3.5803934E+01
+5.7679500E+00,+6.6949128E+01,-3.6642419E+01
+5.7739000E+00,+6.4171647E+01,-3.7335047E+01
+5.7798500E+00,+6.1492016E+01,-3.7877763E+01
+5.7858000E+00,+5.8918885E+01,-3.8269251E+01
+5.7917500E+00,+5.6460134E+01,-3.8513250E+01
+5.7977000E+00,+5.4119171E+01,-3.8618290E+01
+5.8036500E+00,+5.1893083E+01,-3.8594982E+01
+5.8096000E+00,+4.9773337E+01,-3.8451976E+01
+5.8155500E+00,+4.7748650E+01,-3.8192278E+01
+5.8215000E+00,+4.5808822E+01,-3.7811491E+01
+5.8274500E+00,+4.3947980E+01,-3.7298795E+01
+5.8334000E+00,+4.2165992E+01,-3.6640321E+01
+5.8393500E+00,+4.0467618E+01,-3.5823604E+01
+5.8453000E+00,+3.8859896E+01,-3.4841279E+01
+5.8512500E+00,+3.7348963E+01,-3.3692502E+01
+5.8572000E+00,+3.5937645E+01,-3.2381425E+01
+5.8631500E+00,+3.4624812E+01,-3.0913348E+01
+5.8691000E+00,+3.3406744E+01,-2.9290272E+01
+5.8750500E+00,+3.2279925E+01,-2.7508062E+01
+5.8810000E+00,+3.1244046E+01,-2.5556999E+01
+5.8869500E+00,+3.0303893E+01,-2.3426083E+01
+5.8929000E+00,+2.9469206E+01,-2.1109786E+01
+5.8988500E+00,+2.8752474E+01,-1.8614604E+01
+5.9048000E+00,+2.8165511E+01,-1.5962478E+01
+5.9107500E+00,+2.7716187E+01,-1.3189244E+01
+5.9167000E+00,+2.7406704E+01,-1.0338439E+01
+5.9226500E+00,+2.7234106E+01,-7.4531668E+00
+5.9286000E+00,+2.7192744E+01,-4.5698622E+00
+5.9345500E+00,+2.7277451E+01,-1.7168046E+00
+5.9405000E+00,+2.7485850E+01,+1.0824277E+00
+5.9464500E+00,+2.7818604E+01,+3.8031499E+00
+5.9524000E+00,+2.8277469E+01,+6.4152816E+00
+5.9583500E+00,+2.8862079E+01,+8.8835284E+00
+5.9643000E+00,+2.9567056E+01,+1.1172416E+01
+5.9702500E+00,+3.0380890E+01,+1.3253838E+01
+5.9762000E+00,+3.1287253E+01,+1.5113424E+01
+5.9821500E+00,+3.2268298E+01,+1.6752708E+01
+5.9881000E+00,+3.3308623E+01,+1.8186129E+01
+5.9940500E+00,+3.4398226E+01,+1.9434233E+01
+6.0000000E+00,+3.5533178E+01,+2.0515902E+01
