+5.0000001E-02,+2.5287671E-03
+5.2477341E-02,+2.5467232E-03
+5.5077430E-02,+2.5652656E-03
+5.5955958E-02,+2.5714086E-03
+5.7806343E-02,+2.5840821E-03
+6.0670465E-02,+2.6028485E-03
+6.1911911E-02,+2.6106150E-03
+6.3676499E-02,+2.6212339E-03
+6.6831470E-02,+2.6389076E-03
+6.7867868E-02,+2.6443296E-03
+7.0142753E-02,+2.6555448E-03
+7.3618107E-02,+2.6708336E-03
+7.3823825E-02,+2.6716685E-03
+7.7265650E-02,+2.6844826E-03
+7.9779781E-02,+2.6924871E-03
+8.1093922E-02,+2.6962270E-03
+8.5111871E-02,+2.7058360E-03
+8.5735738E-02,+2.7070888E-03
+8.9328900E-02,+2.7131180E-03
+9.1691695E-02,+2.7160288E-03
+9.3754865E-02,+2.7179271E-03
+9.7647645E-02,+2.7199842E-03
+9.8400123E-02,+2.7201651E-03
+1.0327554E-01,+2.7197863E-03
+1.0360360E-01,+2.7196698E-03
+1.0839251E-01,+2.7167974E-03
+1.0955956E-01,+2.7157874E-03
+1.1376303E-01,+2.7112579E-03
+1.1551552E-01,+2.7089925E-03
+1.1939962E-01,+2.7032783E-03
+1.2147147E-01,+2.6998797E-03
+1.2531550E-01,+2.6930170E-03
+1.2742743E-01,+2.6889758E-03
+1.3152449E-01,+2.6806763E-03
+1.3338338E-01,+2.6767389E-03
+1.3804111E-01,+2.6664964E-03
+1.3933934E-01,+2.6635618E-03
+1.4488061E-01,+2.6507499E-03
+1.4529529E-01,+2.6497764E-03
+1.5125126E-01,+2.6356606E-03
+1.5205899E-01,+2.6337339E-03
+1.5720721E-01,+2.6214446E-03
+1.5959305E-01,+2.6157652E-03
+1.6316317E-01,+2.6073160E-03
+1.6750038E-01,+2.5971709E-03
+1.6911912E-01,+2.5934272E-03
+1.7507507E-01,+2.5798988E-03
+1.7579949E-01,+2.5782830E-03
+1.8103103E-01,+2.5668263E-03
+1.8450980E-01,+2.5594316E-03
+1.8698698E-01,+2.5542825E-03
+1.9294295E-01,+2.5423218E-03
+1.9365168E-01,+2.5409393E-03
+1.9889890E-01,+2.5309834E-03
+2.0324650E-01,+2.5231154E-03
+2.0485486E-01,+2.5202939E-03
+2.1081081E-01,+2.5102692E-03
+2.1331674E-01,+2.5062519E-03
+2.1676676E-01,+2.5009166E-03
+2.2272272E-01,+2.4922367E-03
+2.2388591E-01,+2.4906197E-03
+2.2867867E-01,+2.4842240E-03
+2.3463464E-01,+2.4768692E-03
+2.3497875E-01,+2.4764640E-03
+2.4059059E-01,+2.4701585E-03
+2.4654655E-01,+2.4640763E-03
+2.4662121E-01,+2.4640039E-03
+2.5250250E-01,+2.4586041E-03
+2.5845847E-01,+2.4537223E-03
+2.5884050E-01,+2.4534287E-03
+2.6441440E-01,+2.4494098E-03
+2.7037036E-01,+2.4456449E-03
+2.7166525E-01,+2.4448968E-03
+2.7632633E-01,+2.4424058E-03
+2.8228229E-01,+2.4396700E-03
+2.8512540E-01,+2.4385350E-03
+2.8823823E-01,+2.4374148E-03
+2.9419419E-01,+2.4356183E-03
+2.9925248E-01,+2.4344365E-03
+3.0015016E-01,+2.4342586E-03
+3.0610612E-01,+2.4333138E-03
+3.1206205E-01,+2.4327629E-03
+3.1407949E-01,+2.4326618E-03
+3.1801802E-01,+2.4325852E-03
+3.2397398E-01,+2.4327608E-03
+3.2964113E-01,+2.4332379E-03
+3.2992992E-01,+2.4332700E-03
+3.3588588E-01,+2.4340940E-03
+3.4184185E-01,+2.4352148E-03
+3.4597382E-01,+2.4361571E-03
+3.4779781E-01,+2.4366144E-03
+3.5375375E-01,+2.4382763E-03
+3.5970971E-01,+2.4401839E-03
+3.6311573E-01,+2.4413792E-03
+3.6566567E-01,+2.4423217E-03
+3.7162161E-01,+2.4446745E-03
+3.7757757E-01,+2.4472277E-03
+3.8110697E-01,+2.4488298E-03
+3.8353354E-01,+2.4499679E-03
+3.8948950E-01,+2.4528815E-03
+3.9544544E-01,+2.4559558E-03
+3.9998963E-01,+2.4584020E-03
+4.0140140E-01,+2.4591789E-03
+4.0735736E-01,+2.4625387E-03
+4.1331330E-01,+2.4660246E-03
+4.1926926E-01,+2.4696256E-03
+4.1980785E-01,+2.4699566E-03
+4.2522523E-01,+2.4733318E-03
+4.3118119E-01,+2.4771336E-03
+4.3713713E-01,+2.4810215E-03
+4.4060802E-01,+2.4833234E-03
+4.4309309E-01,+2.4849868E-03
+4.4904906E-01,+2.4890213E-03
+4.5500502E-01,+2.4931168E-03
+4.6096095E-01,+2.4972658E-03
+4.6243876E-01,+2.4983026E-03
+4.6691692E-01,+2.5014610E-03
+4.7287288E-01,+2.5056957E-03
+4.7882882E-01,+2.5099630E-03
+4.8478478E-01,+2.5142571E-03
+4.8535115E-01,+2.5146666E-03
+4.9074075E-01,+2.5185719E-03
+4.9669671E-01,+2.5229019E-03
+5.0265265E-01,+2.5272416E-03
+5.0860858E-01,+2.5315862E-03
+5.0939876E-01,+2.5321625E-03
+5.1456457E-01,+2.5359306E-03
+5.2052051E-01,+2.5402706E-03
+5.2647650E-01,+2.5446017E-03
+5.3243244E-01,+2.5489202E-03
+5.3463787E-01,+2.5505151E-03
+5.3838837E-01,+2.5532218E-03
+5.4434437E-01,+2.5575033E-03
+5.5030030E-01,+2.5617611E-03
+5.5625623E-01,+2.5659921E-03
+5.6112748E-01,+2.5694303E-03
+5.6221223E-01,+2.5701930E-03
+5.6816816E-01,+2.5743614E-03
+5.7412410E-01,+2.5784944E-03
+5.8008009E-01,+2.5825896E-03
+5.8603603E-01,+2.5866446E-03
+5.8892959E-01,+2.5885995E-03
+5.9199202E-01,+2.5906572E-03
+5.9794796E-01,+2.5946253E-03
+6.0390389E-01,+2.5985474E-03
+6.0985988E-01,+2.6024212E-03
+6.1581582E-01,+2.6062455E-03
+6.1810917E-01,+2.6077044E-03
+6.2177175E-01,+2.6100185E-03
+6.2772775E-01,+2.6137389E-03
+6.3368368E-01,+2.6174055E-03
+6.3963962E-01,+2.6210172E-03
+6.4559561E-01,+2.6245725E-03
+6.4873457E-01,+2.6264233E-03
+6.5155154E-01,+2.6280708E-03
+6.5750748E-01,+2.6315111E-03
+6.6346347E-01,+2.6348925E-03
+6.6941941E-01,+2.6382145E-03
+6.7537540E-01,+2.6414765E-03
+6.8087733E-01,+2.6444360E-03
+6.8133134E-01,+2.6446779E-03
+6.8728727E-01,+2.6478178E-03
+6.9324327E-01,+2.6508966E-03
+6.9919920E-01,+2.6539131E-03
+7.0515513E-01,+2.6568677E-03
+7.1111113E-01,+2.6597599E-03
+7.1461266E-01,+2.6614310E-03
+7.1706706E-01,+2.6625895E-03
+7.2302300E-01,+2.6653565E-03
+7.2897899E-01,+2.6680606E-03
+7.3493493E-01,+2.6707023E-03
+7.4089092E-01,+2.6732814E-03
+7.4684685E-01,+2.6757978E-03
+7.5001943E-01,+2.6771126E-03
+7.5280279E-01,+2.6782516E-03
+7.5875878E-01,+2.6806435E-03
+7.6471472E-01,+2.6829732E-03
+7.7067065E-01,+2.6852412E-03
+7.7662665E-01,+2.6874477E-03
+7.8258258E-01,+2.6895930E-03
+7.8718054E-01,+2.6912075E-03
+7.8853852E-01,+2.6916773E-03
+7.9449451E-01,+2.6937013E-03
+8.0045044E-01,+2.6956652E-03
+8.0640638E-01,+2.6975696E-03
+8.1236237E-01,+2.6994147E-03
+8.1831831E-01,+2.7012012E-03
+8.2427430E-01,+2.7029293E-03
+8.2618290E-01,+2.7034709E-03
+8.3023024E-01,+2.7045999E-03
+8.3618617E-01,+2.7062132E-03
+8.4214216E-01,+2.7077699E-03
+8.4809810E-01,+2.7092705E-03
+8.5405403E-01,+2.7107156E-03
+8.6001003E-01,+2.7121061E-03
+8.6596596E-01,+2.7134421E-03
+8.6711764E-01,+2.7136940E-03
+8.7192190E-01,+2.7147243E-03
+8.7787789E-01,+2.7159536E-03
+8.8383383E-01,+2.7171304E-03
+8.8978976E-01,+2.7182556E-03
+8.9574575E-01,+2.7193294E-03
+9.0170169E-01,+2.7203530E-03
+9.0765768E-01,+2.7213267E-03
+9.1008061E-01,+2.7217087E-03
+9.1361362E-01,+2.7222515E-03
+9.1956955E-01,+2.7231276E-03
+9.2552555E-01,+2.7239558E-03
+9.3148148E-01,+2.7247372E-03
+9.3743742E-01,+2.7254720E-03
+9.4339341E-01,+2.7261612E-03
+9.4934934E-01,+2.7268054E-03
+9.5517224E-01,+2.7273924E-03
+9.5530528E-01,+2.7274052E-03
+9.6126127E-01,+2.7279614E-03
+9.6721721E-01,+2.7284746E-03
+9.7317320E-01,+2.7289456E-03
+9.7912914E-01,+2.7293749E-03
+9.8508507E-01,+2.7297633E-03
+9.9104106E-01,+2.7301116E-03
+9.9699700E-01,+2.7304203E-03
+1.0024980E+00,+2.7306709E-03
+1.0029529E+00,+2.7306902E-03
+1.0089089E+00,+2.7309218E-03
+1.0148649E+00,+2.7311163E-03
+1.0208209E+00,+2.7312736E-03
+1.0267768E+00,+2.7313950E-03
+1.0327327E+00,+2.7314809E-03
+1.0386887E+00,+2.7315319E-03
+1.0446446E+00,+2.7315486E-03
+1.0506006E+00,+2.7315321E-03
+1.0521686E+00,+2.7315221E-03
+1.0565566E+00,+2.7314825E-03
+1.0625125E+00,+2.7314008E-03
+1.0684685E+00,+2.7312876E-03
+1.0744244E+00,+2.7311435E-03
+1.0803804E+00,+2.7309689E-03
+1.0863364E+00,+2.7307647E-03
+1.0922923E+00,+2.7305314E-03
+1.0982482E+00,+2.7302697E-03
+1.1042042E+00,+2.7299803E-03
+1.1043003E+00,+2.7299754E-03
+1.1101601E+00,+2.7296634E-03
+1.1161162E+00,+2.7293200E-03
+1.1220721E+00,+2.7289502E-03
+1.1280280E+00,+2.7285554E-03
+1.1339840E+00,+2.7281353E-03
+1.1399399E+00,+2.7276909E-03
+1.1458958E+00,+2.7272229E-03
+1.1518519E+00,+2.7267314E-03
+1.1578078E+00,+2.7262173E-03
+1.1590148E+00,+2.7261104E-03
+1.1637638E+00,+2.7256811E-03
+1.1697197E+00,+2.7251234E-03
+1.1756756E+00,+2.7245444E-03
+1.1816317E+00,+2.7239451E-03
+1.1875876E+00,+2.7233255E-03
+1.1935436E+00,+2.7226864E-03
+1.1994995E+00,+2.7220284E-03
+1.2054554E+00,+2.7213516E-03
+1.2114114E+00,+2.7206570E-03
+1.2164404E+00,+2.7200568E-03
+1.2173674E+00,+2.7199448E-03
+1.2233233E+00,+2.7192154E-03
+1.2292793E+00,+2.7184694E-03
+1.2352352E+00,+2.7177071E-03
+1.2411911E+00,+2.7169292E-03
+1.2471472E+00,+2.7161362E-03
+1.2531031E+00,+2.7153282E-03
+1.2590591E+00,+2.7145059E-03
+1.2650150E+00,+2.7136696E-03
+1.2709709E+00,+2.7128197E-03
+1.2767112E+00,+2.7119881E-03
+1.2769269E+00,+2.7119566E-03
+1.2828829E+00,+2.7110809E-03
+1.2888389E+00,+2.7101929E-03
+1.2947948E+00,+2.7092930E-03
+1.3007507E+00,+2.7083815E-03
+1.3067067E+00,+2.7074590E-03
+1.3126627E+00,+2.7065256E-03
+1.3186187E+00,+2.7055820E-03
+1.3245746E+00,+2.7046283E-03
+1.3305305E+00,+2.7036648E-03
+1.3364865E+00,+2.7026923E-03
+1.3399682E+00,+2.7021193E-03
+1.3424424E+00,+2.7017104E-03
+1.3483984E+00,+2.7007202E-03
+1.3543544E+00,+2.6997218E-03
+1.3603103E+00,+2.6987153E-03
+1.3662663E+00,+2.6977011E-03
+1.3722222E+00,+2.6966797E-03
+1.3781781E+00,+2.6956513E-03
+1.3841342E+00,+2.6946163E-03
+1.3900901E+00,+2.6935749E-03
+1.3960460E+00,+2.6925274E-03
+1.4020020E+00,+2.6914740E-03
+1.4063594E+00,+2.6906999E-03
+1.4079579E+00,+2.6904151E-03
+1.4139140E+00,+2.6893511E-03
+1.4198699E+00,+2.6882822E-03
+1.4258258E+00,+2.6872086E-03
+1.4317818E+00,+2.6861306E-03
+1.4377377E+00,+2.6850484E-03
+1.4436936E+00,+2.6839625E-03
+1.4496497E+00,+2.6828728E-03
+1.4556056E+00,+2.6817797E-03
+1.4615616E+00,+2.6806837E-03
+1.4675175E+00,+2.6795845E-03
+1.4734734E+00,+2.6784828E-03
+1.4760401E+00,+2.6780074E-03
+1.4794295E+00,+2.6773787E-03
+1.4853854E+00,+2.6762725E-03
+1.4913414E+00,+2.6751640E-03
+1.4972973E+00,+2.6740539E-03
+1.5032532E+00,+2.6729424E-03
+1.5092092E+00,+2.6718294E-03
+1.5151652E+00,+2.6707151E-03
+1.5211211E+00,+2.6696001E-03
+1.5270771E+00,+2.6684843E-03
+1.5330330E+00,+2.6673679E-03
+1.5389889E+00,+2.6662510E-03
+1.5449450E+00,+2.6651341E-03
+1.5491732E+00,+2.6643411E-03
+1.5509009E+00,+2.6640173E-03
+1.5568569E+00,+2.6629004E-03
+1.5628128E+00,+2.6617839E-03
+1.5687687E+00,+2.6606680E-03
+1.5747247E+00,+2.6595527E-03
+1.5806807E+00,+2.6584384E-03
+1.5866367E+00,+2.6573250E-03
+1.5925926E+00,+2.6562128E-03
+1.5985485E+00,+2.6551017E-03
+1.6045045E+00,+2.6539923E-03
+1.6104605E+00,+2.6528845E-03
+1.6164165E+00,+2.6517783E-03
+1.6223724E+00,+2.6506740E-03
+1.6259300E+00,+2.6500153E-03
+1.6283283E+00,+2.6495717E-03
+1.6342843E+00,+2.6484716E-03
+1.6402402E+00,+2.6473738E-03
+1.6461962E+00,+2.6462784E-03
+1.6521522E+00,+2.6451855E-03
+1.6581081E+00,+2.6440951E-03
+1.6640640E+00,+2.6430078E-03
+1.6700200E+00,+2.6419233E-03
+1.6759759E+00,+2.6408415E-03
+1.6819320E+00,+2.6397631E-03
+1.6878879E+00,+2.6386878E-03
+1.6938438E+00,+2.6376159E-03
+1.6997998E+00,+2.6365472E-03
+1.7057557E+00,+2.6354822E-03
+1.7064896E+00,+2.6353514E-03
+1.7117118E+00,+2.6344210E-03
+1.7176677E+00,+2.6333632E-03
+1.7236236E+00,+2.6323094E-03
+1.7295796E+00,+2.6312594E-03
+1.7355355E+00,+2.6302133E-03
+1.7414914E+00,+2.6291714E-03
+1.7474475E+00,+2.6281336E-03
+1.7534034E+00,+2.6271001E-03
+1.7593594E+00,+2.6260710E-03
+1.7653153E+00,+2.6250461E-03
+1.7712712E+00,+2.6240256E-03
+1.7772273E+00,+2.6230097E-03
+1.7831832E+00,+2.6219985E-03
+1.7891392E+00,+2.6209920E-03
+1.7910408E+00,+2.6206716E-03
+1.7950951E+00,+2.6199901E-03
+1.8010510E+00,+2.6189932E-03
+1.8070070E+00,+2.6180011E-03
+1.8129630E+00,+2.6170139E-03
+1.8189189E+00,+2.6160318E-03
+1.8248749E+00,+2.6150546E-03
+1.8308308E+00,+2.6140825E-03
+1.8367867E+00,+2.6131156E-03
+1.8427428E+00,+2.6121540E-03
+1.8486987E+00,+2.6111975E-03
+1.8546547E+00,+2.6102464E-03
+1.8606106E+00,+2.6093007E-03
+1.8665665E+00,+2.6083605E-03
+1.8725225E+00,+2.6074254E-03
+1.8784785E+00,+2.6064962E-03
+1.8797812E+00,+2.6062937E-03
+1.8844345E+00,+2.6055723E-03
+1.8903904E+00,+2.6046541E-03
+1.8963463E+00,+2.6037414E-03
+1.9023023E+00,+2.6028345E-03
+1.9082582E+00,+2.6019332E-03
+1.9142143E+00,+2.6010375E-03
+1.9201702E+00,+2.6001476E-03
+1.9261261E+00,+2.5992636E-03
+1.9320821E+00,+2.5983856E-03
+1.9380380E+00,+2.5975131E-03
+1.9439940E+00,+2.5966465E-03
+1.9499500E+00,+2.5957860E-03
+1.9559059E+00,+2.5949315E-03
+1.9618618E+00,+2.5940828E-03
+1.9678178E+00,+2.5932400E-03
+1.9729185E+00,+2.5925231E-03
+1.9737737E+00,+2.5924034E-03
+1.9797298E+00,+2.5915727E-03
+1.9856857E+00,+2.5907482E-03
+1.9916416E+00,+2.5899296E-03
+1.9975976E+00,+2.5891170E-03
+2.0035536E+00,+2.5883107E-03
+2.0095096E+00,+2.5875105E-03
+2.0154655E+00,+2.5867166E-03
+2.0214214E+00,+2.5859284E-03
+2.0273774E+00,+2.5851468E-03
+2.0333333E+00,+2.5843713E-03
+2.0392892E+00,+2.5836017E-03
+2.0452452E+00,+2.5828385E-03
+2.0512011E+00,+2.5820816E-03
+2.0571570E+00,+2.5813307E-03
+2.0631132E+00,+2.5805861E-03
+2.0690691E+00,+2.5798478E-03
+2.0706704E+00,+2.5796504E-03
+2.0750251E+00,+2.5791158E-03
+2.0809810E+00,+2.5783901E-03
+2.0869370E+00,+2.5776704E-03
+2.0928929E+00,+2.5769572E-03
+2.0988488E+00,+2.5762501E-03
+2.1048048E+00,+2.5755493E-03
+2.1107607E+00,+2.5748548E-03
+2.1167166E+00,+2.5741665E-03
+2.1226726E+00,+2.5734846E-03
+2.1286287E+00,+2.5728089E-03
+2.1345847E+00,+2.5721395E-03
+2.1405406E+00,+2.5714764E-03
+2.1464965E+00,+2.5708196E-03
+2.1524525E+00,+2.5701690E-03
+2.1584084E+00,+2.5695248E-03
+2.1643643E+00,+2.5688866E-03
+2.1703203E+00,+2.5682549E-03
+2.1732657E+00,+2.5679448E-03
+2.1762762E+00,+2.5676293E-03
+2.1822321E+00,+2.5670100E-03
+2.1881881E+00,+2.5663970E-03
+2.1941442E+00,+2.5657902E-03
+2.2001002E+00,+2.5651897E-03
+2.2060561E+00,+2.5645953E-03
+2.2120121E+00,+2.5640072E-03
+2.2179680E+00,+2.5634253E-03
+2.2239239E+00,+2.5628498E-03
+2.2298799E+00,+2.5622803E-03
+2.2358358E+00,+2.5617171E-03
+2.2417917E+00,+2.5611599E-03
+2.2477477E+00,+2.5606090E-03
+2.2537036E+00,+2.5600642E-03
+2.2596598E+00,+2.5595257E-03
+2.2656157E+00,+2.5589932E-03
+2.2715716E+00,+2.5584667E-03
+2.2775276E+00,+2.5579466E-03
+2.2809441E+00,+2.5576509E-03
+2.2834835E+00,+2.5574325E-03
+2.2894394E+00,+2.5569245E-03
+2.2953954E+00,+2.5564225E-03
+2.3013513E+00,+2.5559266E-03
+2.3073072E+00,+2.5554367E-03
+2.3132632E+00,+2.5549529E-03
+2.3192191E+00,+2.5544753E-03
+2.3251753E+00,+2.5540034E-03
+2.3311312E+00,+2.5535377E-03
+2.3370872E+00,+2.5530779E-03
+2.3430431E+00,+2.5526241E-03
+2.3489990E+00,+2.5521764E-03
+2.3549550E+00,+2.5517344E-03
+2.3609109E+00,+2.5512984E-03
+2.3668668E+00,+2.5508683E-03
+2.3728228E+00,+2.5504441E-03
+2.3787787E+00,+2.5500257E-03
+2.3847346E+00,+2.5496134E-03
+2.3906908E+00,+2.5492066E-03
+2.3939576E+00,+2.5489861E-03
+2.3966467E+00,+2.5488059E-03
+2.4026027E+00,+2.5484108E-03
+2.4085586E+00,+2.5480217E-03
+2.4145145E+00,+2.5476383E-03
+2.4204705E+00,+2.5472604E-03
+2.4264264E+00,+2.5468885E-03
+2.4323823E+00,+2.5465221E-03
+2.4383383E+00,+2.5461616E-03
+2.4442942E+00,+2.5458066E-03
+2.4502501E+00,+2.5454573E-03
+2.4562063E+00,+2.5451139E-03
+2.4621623E+00,+2.5447758E-03
+2.4681182E+00,+2.5444434E-03
+2.4740741E+00,+2.5441165E-03
+2.4800301E+00,+2.5437954E-03
+2.4859860E+00,+2.5434794E-03
+2.4919419E+00,+2.5431693E-03
+2.4978979E+00,+2.5428645E-03
+2.5038538E+00,+2.5425653E-03
+2.5098097E+00,+2.5422715E-03
+2.5125706E+00,+2.5421372E-03
+2.5157657E+00,+2.5419833E-03
+2.5217218E+00,+2.5417001E-03
+2.5276778E+00,+2.5414226E-03
+2.5336337E+00,+2.5411504E-03
+2.5395896E+00,+2.5408836E-03
+2.5455456E+00,+2.5406221E-03
+2.5515015E+00,+2.5403660E-03
+2.5574574E+00,+2.5401150E-03
+2.5634134E+00,+2.5398694E-03
+2.5693693E+00,+2.5396291E-03
+2.5753253E+00,+2.5393937E-03
+2.5812812E+00,+2.5391639E-03
+2.5872371E+00,+2.5389390E-03
+2.5931933E+00,+2.5387194E-03
+2.5991492E+00,+2.5385050E-03
+2.6051052E+00,+2.5382955E-03
+2.6110611E+00,+2.5380913E-03
+2.6170170E+00,+2.5378920E-03
+2.6229730E+00,+2.5376978E-03
+2.6289289E+00,+2.5375087E-03
+2.6348848E+00,+2.5373246E-03
+2.6370606E+00,+2.5372584E-03
+2.6408408E+00,+2.5371453E-03
+2.6467967E+00,+2.5369711E-03
+2.6527526E+00,+2.5368019E-03
+2.6587088E+00,+2.5366375E-03
+2.6646647E+00,+2.5364780E-03
+2.6706207E+00,+2.5363234E-03
+2.6765766E+00,+2.5361737E-03
+2.6825325E+00,+2.5360286E-03
+2.6884885E+00,+2.5358885E-03
+2.6944444E+00,+2.5357532E-03
+2.7004004E+00,+2.5356226E-03
+2.7063563E+00,+2.5354966E-03
+2.7123122E+00,+2.5353755E-03
+2.7182682E+00,+2.5352591E-03
+2.7242243E+00,+2.5351471E-03
+2.7301803E+00,+2.5350400E-03
+2.7361362E+00,+2.5349376E-03
+2.7420921E+00,+2.5348396E-03
+2.7480481E+00,+2.5347462E-03
+2.7540040E+00,+2.5346573E-03
+2.7599599E+00,+2.5345730E-03
+2.7659159E+00,+2.5344931E-03
+2.7677188E+00,+2.5344701E-03
+2.7718718E+00,+2.5344179E-03
+2.7778277E+00,+2.5343471E-03
+2.7837837E+00,+2.5342805E-03
+2.7897398E+00,+2.5342186E-03
+2.7956958E+00,+2.5341611E-03
+2.8016517E+00,+2.5341078E-03
+2.8076077E+00,+2.5340589E-03
+2.8135636E+00,+2.5340144E-03
+2.8195195E+00,+2.5339741E-03
+2.8254755E+00,+2.5339380E-03
+2.8314314E+00,+2.5339064E-03
+2.8373873E+00,+2.5338789E-03
+2.8433433E+00,+2.5338556E-03
+2.8492992E+00,+2.5338365E-03
+2.8552554E+00,+2.5338216E-03
+2.8612113E+00,+2.5338107E-03
+2.8671672E+00,+2.5338042E-03
+2.8731232E+00,+2.5338016E-03
+2.8790791E+00,+2.5338030E-03
+2.8850350E+00,+2.5338086E-03
+2.8909910E+00,+2.5338181E-03
+2.8969469E+00,+2.5338319E-03
+2.9029028E+00,+2.5338493E-03
+2.9048505E+00,+2.5338561E-03
+2.9088588E+00,+2.5338710E-03
+2.9148147E+00,+2.5338964E-03
+2.9207709E+00,+2.5339259E-03
+2.9267268E+00,+2.5339592E-03
+2.9326828E+00,+2.5339965E-03
+2.9386387E+00,+2.5340375E-03
+2.9445946E+00,+2.5340824E-03
+2.9505506E+00,+2.5341311E-03
+2.9565065E+00,+2.5341834E-03
+2.9624624E+00,+2.5342398E-03
+2.9684184E+00,+2.5342996E-03
+2.9743743E+00,+2.5343634E-03
+2.9803302E+00,+2.5344309E-03
+2.9862864E+00,+2.5345020E-03
+2.9922423E+00,+2.5345767E-03
+2.9981983E+00,+2.5346552E-03
+3.0041542E+00,+2.5347371E-03
+3.0101101E+00,+2.5348226E-03
+3.0160661E+00,+2.5349117E-03
+3.0220220E+00,+2.5350046E-03
+3.0279779E+00,+2.5351008E-03
+3.0339339E+00,+2.5352004E-03
+3.0398898E+00,+2.5353038E-03
+3.0458457E+00,+2.5354105E-03
+3.0487766E+00,+2.5354642E-03
+3.0518019E+00,+2.5355206E-03
+3.0577579E+00,+2.5356342E-03
+3.0637138E+00,+2.5357511E-03
+3.0696697E+00,+2.5358715E-03
+3.0756257E+00,+2.5359951E-03
+3.0815816E+00,+2.5361222E-03
+3.0875375E+00,+2.5362526E-03
+3.0934935E+00,+2.5363863E-03
+3.0994494E+00,+2.5365232E-03
+3.1054053E+00,+2.5366633E-03
+3.1113613E+00,+2.5368067E-03
+3.1173172E+00,+2.5369534E-03
+3.1232734E+00,+2.5371031E-03
+3.1292293E+00,+2.5372561E-03
+3.1351852E+00,+2.5374123E-03
+3.1411412E+00,+2.5375716E-03
+3.1470971E+00,+2.5377341E-03
+3.1530530E+00,+2.5378997E-03
+3.1590090E+00,+2.5380680E-03
+3.1649649E+00,+2.5382398E-03
+3.1709208E+00,+2.5384144E-03
+3.1768768E+00,+2.5385921E-03
+3.1828327E+00,+2.5387728E-03
+3.1887889E+00,+2.5389562E-03
+3.1947448E+00,+2.5391427E-03
+3.1998341E+00,+2.5393046E-03
+3.2007008E+00,+2.5393323E-03
+3.2066567E+00,+2.5395248E-03
+3.2126126E+00,+2.5397202E-03
+3.2185686E+00,+2.5399183E-03
+3.2245245E+00,+2.5401192E-03
+3.2304804E+00,+2.5403232E-03
+3.2364364E+00,+2.5405299E-03
+3.2423923E+00,+2.5407393E-03
+3.2483482E+00,+2.5409516E-03
+3.2543044E+00,+2.5411665E-03
+3.2602603E+00,+2.5413844E-03
+3.2662163E+00,+2.5416047E-03
+3.2721722E+00,+2.5418280E-03
+3.2781281E+00,+2.5420538E-03
+3.2840841E+00,+2.5422822E-03
+3.2900400E+00,+2.5425134E-03
+3.2959960E+00,+2.5427472E-03
+3.3019519E+00,+2.5429837E-03
+3.3079078E+00,+2.5432226E-03
+3.3138638E+00,+2.5434641E-03
+3.3198199E+00,+2.5437083E-03
+3.3257759E+00,+2.5439549E-03
+3.3317318E+00,+2.5442040E-03
+3.3376877E+00,+2.5444557E-03
+3.3436437E+00,+2.5447097E-03
+3.3495996E+00,+2.5449663E-03
+3.3555555E+00,+2.5452254E-03
+3.3583758E+00,+2.5453488E-03
+3.3615115E+00,+2.5454869E-03
+3.3674674E+00,+2.5457507E-03
+3.3734233E+00,+2.5460168E-03
+3.3793793E+00,+2.5462855E-03
+3.3853354E+00,+2.5465565E-03
+3.3912914E+00,+2.5468296E-03
+3.3972473E+00,+2.5471053E-03
+3.4032032E+00,+2.5473833E-03
+3.4091592E+00,+2.5476634E-03
+3.4151151E+00,+2.5479458E-03
+3.4210711E+00,+2.5482306E-03
+3.4270270E+00,+2.5485174E-03
+3.4329829E+00,+2.5488066E-03
+3.4389389E+00,+2.5490979E-03
+3.4448948E+00,+2.5493915E-03
+3.4508510E+00,+2.5496872E-03
+3.4568069E+00,+2.5499850E-03
+3.4627628E+00,+2.5502848E-03
+3.4687188E+00,+2.5505871E-03
+3.4746747E+00,+2.5508911E-03
+3.4806306E+00,+2.5511973E-03
+3.4865866E+00,+2.5515056E-03
+3.4925425E+00,+2.5518159E-03
+3.4984984E+00,+2.5521284E-03
+3.5044544E+00,+2.5524427E-03
+3.5104103E+00,+2.5527591E-03
+3.5163665E+00,+2.5530774E-03
+3.5223224E+00,+2.5533978E-03
+3.5247726E+00,+2.5535300E-03
+3.5282784E+00,+2.5537200E-03
+3.5342343E+00,+2.5540441E-03
+3.5401902E+00,+2.5543703E-03
+3.5461462E+00,+2.5546984E-03
+3.5521021E+00,+2.5550281E-03
+3.5580580E+00,+2.5553599E-03
+3.5640140E+00,+2.5556935E-03
+3.5699699E+00,+2.5560290E-03
+3.5759258E+00,+2.5563661E-03
+3.5818820E+00,+2.5567051E-03
+3.5878379E+00,+2.5570460E-03
+3.5937939E+00,+2.5573887E-03
+3.5997498E+00,+2.5577331E-03
+3.6057057E+00,+2.5580793E-03
+3.6116617E+00,+2.5584269E-03
+3.6176176E+00,+2.5587766E-03
+3.6235735E+00,+2.5591278E-03
+3.6295295E+00,+2.5594807E-03
+3.6354854E+00,+2.5598353E-03
+3.6414413E+00,+2.5601916E-03
+3.6473973E+00,+2.5605494E-03
+3.6533535E+00,+2.5609091E-03
+3.6593094E+00,+2.5612700E-03
+3.6652653E+00,+2.5616328E-03
+3.6712213E+00,+2.5619972E-03
+3.6771772E+00,+2.5623629E-03
+3.6831331E+00,+2.5627303E-03
+3.6890891E+00,+2.5630994E-03
+3.6950450E+00,+2.5634698E-03
+3.6994140E+00,+2.5637425E-03
+3.7010009E+00,+2.5638416E-03
+3.7069569E+00,+2.5642151E-03
+3.7129128E+00,+2.5645902E-03
+3.7188690E+00,+2.5649664E-03
+3.7248249E+00,+2.5653443E-03
+3.7307808E+00,+2.5657236E-03
+3.7367368E+00,+2.5661043E-03
+3.7426927E+00,+2.5664864E-03
+3.7486486E+00,+2.5668698E-03
+3.7546046E+00,+2.5672547E-03
+3.7605605E+00,+2.5676410E-03
+3.7665164E+00,+2.5680286E-03
+3.7724724E+00,+2.5684175E-03
+3.7784283E+00,+2.5688077E-03
+3.7843845E+00,+2.5691993E-03
+3.7903404E+00,+2.5695921E-03
+3.7962964E+00,+2.5699863E-03
+3.8022523E+00,+2.5703819E-03
+3.8082082E+00,+2.5707784E-03
+3.8141642E+00,+2.5711763E-03
+3.8201201E+00,+2.5715756E-03
+3.8260760E+00,+2.5719758E-03
+3.8320320E+00,+2.5723774E-03
+3.8379879E+00,+2.5727802E-03
+3.8439438E+00,+2.5731842E-03
+3.8499000E+00,+2.5735893E-03
+3.8558559E+00,+2.5739956E-03
+3.8618119E+00,+2.5744031E-03
+3.8677678E+00,+2.5748115E-03
+3.8737237E+00,+2.5752212E-03
+3.8796797E+00,+2.5756320E-03
+3.8827083E+00,+2.5758413E-03
+3.8856356E+00,+2.5760438E-03
+3.8915915E+00,+2.5764569E-03
+3.8975475E+00,+2.5768708E-03
+3.9035034E+00,+2.5772857E-03
+3.9094594E+00,+2.5777020E-03
+3.9154155E+00,+2.5781190E-03
+3.9213715E+00,+2.5785372E-03
+3.9273274E+00,+2.5789563E-03
+3.9332833E+00,+2.5793766E-03
+3.9392393E+00,+2.5797978E-03
+3.9451952E+00,+2.5802196E-03
+3.9511511E+00,+2.5806427E-03
+3.9571071E+00,+2.5810669E-03
+3.9630630E+00,+2.5814918E-03
+3.9690189E+00,+2.5819177E-03
+3.9749749E+00,+2.5823445E-03
+3.9809310E+00,+2.5827722E-03
+3.9868870E+00,+2.5832006E-03
+3.9928429E+00,+2.5836302E-03
+3.9987988E+00,+2.5840604E-03
+4.0047545E+00,+2.5844914E-03
+4.0107107E+00,+2.5849235E-03
+4.0166669E+00,+2.5853564E-03
+4.0226226E+00,+2.5857899E-03
+4.0285788E+00,+2.5862243E-03
+4.0345345E+00,+2.5866597E-03
+4.0404906E+00,+2.5870956E-03
+4.0464463E+00,+2.5875326E-03
+4.0524025E+00,+2.5879701E-03
+4.0583582E+00,+2.5884085E-03
+4.0643144E+00,+2.5888474E-03
+4.0702701E+00,+2.5892872E-03
+4.0750842E+00,+2.5896432E-03
+4.0762262E+00,+2.5897278E-03
+4.0821824E+00,+2.5901690E-03
+4.0881381E+00,+2.5906111E-03
+4.0940943E+00,+2.5910537E-03
+4.1000500E+00,+2.5914970E-03
+4.1060061E+00,+2.5919408E-03
+4.1119618E+00,+2.5923855E-03
+4.1179180E+00,+2.5928309E-03
+4.1238737E+00,+2.5932768E-03
+4.1298299E+00,+2.5937234E-03
+4.1357856E+00,+2.5941704E-03
+4.1417418E+00,+2.5946181E-03
+4.1476979E+00,+2.5950666E-03
+4.1536536E+00,+2.5955155E-03
+4.1596098E+00,+2.5959651E-03
+4.1655655E+00,+2.5964151E-03
+4.1715217E+00,+2.5968659E-03
+4.1774774E+00,+2.5973169E-03
+4.1834335E+00,+2.5977686E-03
+4.1893892E+00,+2.5982209E-03
+4.1953454E+00,+2.5986738E-03
+4.2013011E+00,+2.5991269E-03
+4.2072573E+00,+2.5995807E-03
+4.2132134E+00,+2.6000349E-03
+4.2191691E+00,+2.6004896E-03
+4.2251253E+00,+2.6009448E-03
+4.2310810E+00,+2.6014007E-03
+4.2370372E+00,+2.6018568E-03
+4.2429929E+00,+2.6023132E-03
+4.2489491E+00,+2.6027702E-03
+4.2549047E+00,+2.6032277E-03
+4.2608609E+00,+2.6036855E-03
+4.2668166E+00,+2.6041437E-03
+4.2727728E+00,+2.6046024E-03
+4.2769918E+00,+2.6049274E-03
+4.2787290E+00,+2.6050613E-03
+4.2846847E+00,+2.6055207E-03
+4.2906408E+00,+2.6059805E-03
+4.2965965E+00,+2.6064406E-03
+4.3025527E+00,+2.6069009E-03
+4.3085084E+00,+2.6073619E-03
+4.3144646E+00,+2.6078229E-03
+4.3204203E+00,+2.6082844E-03
+4.3263764E+00,+2.6087461E-03
+4.3323321E+00,+2.6092082E-03
+4.3382883E+00,+2.6096704E-03
+4.3442445E+00,+2.6101330E-03
+4.3502002E+00,+2.6105961E-03
+4.3561563E+00,+2.6110592E-03
+4.3621120E+00,+2.6115228E-03
+4.3680682E+00,+2.6119864E-03
+4.3740239E+00,+2.6124504E-03
+4.3799801E+00,+2.6129147E-03
+4.3859358E+00,+2.6133789E-03
+4.3918920E+00,+2.6138437E-03
+4.3978477E+00,+2.6143084E-03
+4.4038038E+00,+2.6147736E-03
+4.4097595E+00,+2.6152388E-03
+4.4157157E+00,+2.6157042E-03
+4.4216719E+00,+2.6161699E-03
+4.4276276E+00,+2.6166355E-03
+4.4335837E+00,+2.6171014E-03
+4.4395394E+00,+2.6175675E-03
+4.4454956E+00,+2.6180339E-03
+4.4514513E+00,+2.6185003E-03
+4.4574075E+00,+2.6189669E-03
+4.4633632E+00,+2.6194334E-03
+4.4693193E+00,+2.6199003E-03
+4.4752750E+00,+2.6203671E-03
+4.4812312E+00,+2.6208339E-03
+4.4871874E+00,+2.6213010E-03
+4.4889035E+00,+2.6214358E-03
+4.4931431E+00,+2.6217683E-03
+4.4990993E+00,+2.6222353E-03
+4.5050550E+00,+2.6227029E-03
+4.5110111E+00,+2.6231701E-03
+4.5169668E+00,+2.6236374E-03
+4.5229230E+00,+2.6241050E-03
+4.5288787E+00,+2.6245725E-03
+4.5348349E+00,+2.6250400E-03
+4.5407906E+00,+2.6255075E-03
+4.5467467E+00,+2.6259751E-03
+4.5527029E+00,+2.6264428E-03
+4.5586586E+00,+2.6269103E-03
+4.5646148E+00,+2.6273779E-03
+4.5705705E+00,+2.6278456E-03
+4.5765266E+00,+2.6283131E-03
+4.5824823E+00,+2.6287807E-03
+4.5884385E+00,+2.6292482E-03
+4.5943942E+00,+2.6297157E-03
+4.6003504E+00,+2.6301830E-03
+4.6063061E+00,+2.6306503E-03
+4.6122622E+00,+2.6311178E-03
+4.6182184E+00,+2.6315849E-03
+4.6241741E+00,+2.6320522E-03
+4.6301303E+00,+2.6325192E-03
+4.6360860E+00,+2.6329863E-03
+4.6420422E+00,+2.6334531E-03
+4.6479979E+00,+2.6339199E-03
+4.6539540E+00,+2.6343868E-03
+4.6599097E+00,+2.6348534E-03
+4.6658659E+00,+2.6353200E-03
+4.6718216E+00,+2.6357863E-03
+4.6777778E+00,+2.6362524E-03
+4.6837339E+00,+2.6367186E-03
+4.6896896E+00,+2.6371845E-03
+4.6956458E+00,+2.6376504E-03
+4.7016015E+00,+2.6381160E-03
+4.7075577E+00,+2.6385814E-03
+4.7113147E+00,+2.6388750E-03
+4.7135134E+00,+2.6390469E-03
+4.7194695E+00,+2.6395118E-03
+4.7254252E+00,+2.6399768E-03
+4.7313814E+00,+2.6404415E-03
+4.7373371E+00,+2.6409063E-03
+4.7432933E+00,+2.6413705E-03
+4.7492495E+00,+2.6418348E-03
+4.7552052E+00,+2.6422988E-03
+4.7611613E+00,+2.6427624E-03
+4.7671170E+00,+2.6432259E-03
+4.7730732E+00,+2.6436893E-03
+4.7790289E+00,+2.6441524E-03
+4.7849851E+00,+2.6446150E-03
+4.7909408E+00,+2.6450776E-03
+4.7968969E+00,+2.6455401E-03
+4.8028526E+00,+2.6460020E-03
+4.8088088E+00,+2.6464639E-03
+4.8147650E+00,+2.6469254E-03
+4.8207207E+00,+2.6473866E-03
+4.8266768E+00,+2.6478476E-03
+4.8326325E+00,+2.6483082E-03
+4.8385887E+00,+2.6487687E-03
+4.8445444E+00,+2.6492288E-03
+4.8505006E+00,+2.6496884E-03
+4.8564563E+00,+2.6501480E-03
+4.8624125E+00,+2.6506071E-03
+4.8683681E+00,+2.6510661E-03
+4.8743243E+00,+2.6515245E-03
+4.8802805E+00,+2.6519827E-03
+4.8862362E+00,+2.6524405E-03
+4.8921924E+00,+2.6528980E-03
+4.8981481E+00,+2.6533552E-03
+4.9041042E+00,+2.6538121E-03
+4.9100599E+00,+2.6542684E-03
+4.9160161E+00,+2.6547245E-03
+4.9219718E+00,+2.6551802E-03
+4.9279280E+00,+2.6556356E-03
+4.9338837E+00,+2.6560905E-03
+4.9398398E+00,+2.6565453E-03
+4.9447455E+00,+2.6569192E-03
+4.9457960E+00,+2.6569993E-03
+4.9517517E+00,+2.6574533E-03
+4.9577079E+00,+2.6579066E-03
+4.9636636E+00,+2.6583597E-03
+4.9696198E+00,+2.6588123E-03
+4.9755754E+00,+2.6592645E-03
+4.9815316E+00,+2.6597162E-03
+4.9874873E+00,+2.6601676E-03
+4.9934435E+00,+2.6606184E-03
+4.9993992E+00,+2.6610689E-03
+5.0053554E+00,+2.6615190E-03
+5.0113115E+00,+2.6619688E-03
+5.0172672E+00,+2.6624179E-03
+5.0232234E+00,+2.6628666E-03
+5.0291791E+00,+2.6633148E-03
+5.0351353E+00,+2.6637628E-03
+5.0410910E+00,+2.6642100E-03
+5.0470471E+00,+2.6646571E-03
+5.0530028E+00,+2.6651034E-03
+5.0589590E+00,+2.6655493E-03
+5.0649147E+00,+2.6659947E-03
+5.0708709E+00,+2.6664399E-03
+5.0768270E+00,+2.6668843E-03
+5.0827827E+00,+2.6673283E-03
+5.0887389E+00,+2.6677717E-03
+5.0946946E+00,+2.6682147E-03
+5.1006508E+00,+2.6686571E-03
+5.1066065E+00,+2.6690993E-03
+5.1125627E+00,+2.6695407E-03
+5.1185184E+00,+2.6699814E-03
+5.1244745E+00,+2.6704220E-03
+5.1304302E+00,+2.6708618E-03
+5.1363864E+00,+2.6713011E-03
+5.1423426E+00,+2.6717400E-03
+5.1482983E+00,+2.6721782E-03
+5.1542544E+00,+2.6726159E-03
+5.1602101E+00,+2.6730532E-03
+5.1661663E+00,+2.6734897E-03
+5.1721220E+00,+2.6739258E-03
+5.1780782E+00,+2.6743615E-03
+5.1840339E+00,+2.6747964E-03
+5.1897421E+00,+2.6752127E-03
+5.1899900E+00,+2.6752306E-03
+5.1959457E+00,+2.6756644E-03
+5.2019019E+00,+2.6760977E-03
+5.2078581E+00,+2.6765303E-03
+5.2138138E+00,+2.6769624E-03
+5.2197700E+00,+2.6773938E-03
+5.2257257E+00,+2.6778248E-03
+5.2316818E+00,+2.6782551E-03
+5.2376375E+00,+2.6786847E-03
+5.2435937E+00,+2.6791138E-03
+5.2495494E+00,+2.6795424E-03
+5.2555056E+00,+2.6799701E-03
+5.2614613E+00,+2.6803974E-03
+5.2674174E+00,+2.6808241E-03
+5.2733736E+00,+2.6812500E-03
+5.2793293E+00,+2.6816754E-03
+5.2852855E+00,+2.6821003E-03
+5.2912412E+00,+2.6825243E-03
+5.2971973E+00,+2.6829478E-03
+5.3031530E+00,+2.6833708E-03
+5.3091092E+00,+2.6837930E-03
+5.3150649E+00,+2.6842146E-03
+5.3210211E+00,+2.6846353E-03
+5.3269768E+00,+2.6850558E-03
+5.3329329E+00,+2.6854754E-03
+5.3388891E+00,+2.6858943E-03
+5.3448448E+00,+2.6863127E-03
+5.3508010E+00,+2.6867304E-03
+5.3567567E+00,+2.6871471E-03
+5.3627129E+00,+2.6875634E-03
+5.3686686E+00,+2.6879790E-03
+5.3746247E+00,+2.6883942E-03
+5.3805804E+00,+2.6888084E-03
+5.3865366E+00,+2.6892219E-03
+5.3924923E+00,+2.6896347E-03
+5.3984485E+00,+2.6900470E-03
+5.4044046E+00,+2.6904584E-03
+5.4103603E+00,+2.6908694E-03
+5.4163165E+00,+2.6912794E-03
+5.4222722E+00,+2.6916887E-03
+5.4282284E+00,+2.6920976E-03
+5.4341841E+00,+2.6925055E-03
+5.4401402E+00,+2.6929127E-03
+5.4460959E+00,+2.6933192E-03
+5.4468775E+00,+2.6933725E-03
+5.4520521E+00,+2.6937251E-03
+5.4580078E+00,+2.6941302E-03
+5.4639640E+00,+2.6945346E-03
+5.4699197E+00,+2.6949383E-03
+5.4758759E+00,+2.6953414E-03
+5.4818320E+00,+2.6957435E-03
+5.4877877E+00,+2.6961451E-03
+5.4937439E+00,+2.6965458E-03
+5.4996996E+00,+2.6969458E-03
+5.5056558E+00,+2.6973449E-03
+5.5116115E+00,+2.6977435E-03
+5.5175676E+00,+2.6981412E-03
+5.5235233E+00,+2.6985384E-03
+5.5294795E+00,+2.6989344E-03
+5.5354352E+00,+2.6993300E-03
+5.5413914E+00,+2.6997249E-03
+5.5473475E+00,+2.7001188E-03
+5.5533032E+00,+2.7005121E-03
+5.5592594E+00,+2.7009044E-03
+5.5652151E+00,+2.7012960E-03
+5.5711713E+00,+2.7016869E-03
+5.5771270E+00,+2.7020772E-03
+5.5830832E+00,+2.7024664E-03
+5.5890388E+00,+2.7028550E-03
+5.5949950E+00,+2.7032429E-03
+5.6009507E+00,+2.7036299E-03
+5.6069069E+00,+2.7040162E-03
+5.6128631E+00,+2.7044015E-03
+5.6188188E+00,+2.7047861E-03
+5.6247749E+00,+2.7051701E-03
+5.6307306E+00,+2.7055531E-03
+5.6366868E+00,+2.7059354E-03
+5.6426425E+00,+2.7063168E-03
+5.6485987E+00,+2.7066974E-03
+5.6545544E+00,+2.7070772E-03
+5.6605105E+00,+2.7074562E-03
+5.6664662E+00,+2.7078346E-03
+5.6724224E+00,+2.7082120E-03
+5.6783786E+00,+2.7085885E-03
+5.6843343E+00,+2.7089643E-03
+5.6902905E+00,+2.7093391E-03
+5.6962461E+00,+2.7097133E-03
+5.7022023E+00,+2.7100868E-03
+5.7081580E+00,+2.7104593E-03
+5.7141142E+00,+2.7108309E-03
+5.7167530E+00,+2.7109953E-03
+5.7200699E+00,+2.7112018E-03
+5.7260261E+00,+2.7115718E-03
+5.7319818E+00,+2.7119408E-03
+5.7379379E+00,+2.7123091E-03
+5.7438941E+00,+2.7126768E-03
+5.7498498E+00,+2.7130432E-03
+5.7558060E+00,+2.7134093E-03
+5.7617617E+00,+2.7137741E-03
+5.7677178E+00,+2.7141382E-03
+5.7736735E+00,+2.7145015E-03
+5.7796297E+00,+2.7148640E-03
+5.7855854E+00,+2.7152256E-03
+5.7915416E+00,+2.7155862E-03
+5.7974973E+00,+2.7159462E-03
+5.8034534E+00,+2.7163052E-03
+5.8094096E+00,+2.7166633E-03
+5.8153653E+00,+2.7170207E-03
+5.8213215E+00,+2.7173769E-03
+5.8272772E+00,+2.7177325E-03
+5.8332334E+00,+2.7180873E-03
+5.8391891E+00,+2.7184412E-03
+5.8451452E+00,+2.7187942E-03
+5.8511009E+00,+2.7191462E-03
+5.8570571E+00,+2.7194973E-03
+5.8630128E+00,+2.7198477E-03
+5.8689690E+00,+2.7201972E-03
+5.8749251E+00,+2.7205457E-03
+5.8808808E+00,+2.7208934E-03
+5.8868370E+00,+2.7212403E-03
+5.8927927E+00,+2.7215863E-03
+5.8987489E+00,+2.7219313E-03
+5.9047046E+00,+2.7222754E-03
+5.9106607E+00,+2.7226186E-03
+5.9166164E+00,+2.7229611E-03
+5.9225726E+00,+2.7233027E-03
+5.9285283E+00,+2.7236433E-03
+5.9344845E+00,+2.7239830E-03
+5.9404407E+00,+2.7243218E-03
+5.9463964E+00,+2.7246596E-03
+5.9523525E+00,+2.7249968E-03
+5.9583082E+00,+2.7253327E-03
+5.9642644E+00,+2.7256680E-03
+5.9702201E+00,+2.7260024E-03
+5.9761763E+00,+2.7263358E-03
+5.9821320E+00,+2.7266683E-03
+5.9880881E+00,+2.7269998E-03
+5.9940438E+00,+2.7273307E-03
+6.0000000E+00,+2.7276604E-03
