+5.0000001E-02,+3.4782624E+00
+5.2477341E-02,+3.4780045E+00
+5.5077430E-02,+3.4777381E+00
+5.5955958E-02,+3.4776490E+00
+5.7806343E-02,+3.4774632E+00
+6.0670465E-02,+3.4771798E+00
+6.1911911E-02,+3.4770584E+00
+6.3676499E-02,+3.4768877E+00
+6.6831470E-02,+3.4765873E+00
+6.7867868E-02,+3.4764900E+00
+7.0142753E-02,+3.4762790E+00
+7.3618107E-02,+3.4759631E+00
+7.3823825E-02,+3.4759448E+00
+7.7265650E-02,+3.4756403E+00
+7.9779781E-02,+3.4754233E+00
+8.1093922E-02,+3.4753118E+00
+8.5111871E-02,+3.4749780E+00
+8.5735738E-02,+3.4749269E+00
+8.9328900E-02,+3.4746401E+00
+9.1691695E-02,+3.4744563E+00
+9.3754865E-02,+3.4742994E+00
+9.7647645E-02,+3.4740114E+00
+9.8400123E-02,+3.4739571E+00
+1.0327554E-01,+3.4736142E+00
+1.0360360E-01,+3.4735918E+00
+1.0839251E-01,+3.4732726E+00
+1.0955956E-01,+3.4731970E+00
+1.1376303E-01,+3.4729328E+00
+1.1551552E-01,+3.4728260E+00
+1.1939962E-01,+3.4725962E+00
+1.2147147E-01,+3.4724777E+00
+1.2531550E-01,+3.4722643E+00
+1.2742743E-01,+3.4721508E+00
+1.3152449E-01,+3.4719377E+00
+1.3338338E-01,+3.4718442E+00
+1.3804111E-01,+3.4716175E+00
+1.3933934E-01,+3.4715564E+00
+1.4488061E-01,+3.4713044E+00
+1.4529529E-01,+3.4712863E+00
+1.5125126E-01,+3.4710324E+00
+1.5205899E-01,+3.4709992E+00
+1.5720721E-01,+3.4707937E+00
+1.5959305E-01,+3.4707022E+00
+1.6316317E-01,+3.4705689E+00
+1.6750038E-01,+3.4704134E+00
+1.6911912E-01,+3.4703572E+00
+1.7507507E-01,+3.4701571E+00
+1.7579949E-01,+3.4701335E+00
+1.8103103E-01,+3.4699681E+00
+1.8450980E-01,+3.4698625E+00
+1.8698698E-01,+3.4697890E+00
+1.9294295E-01,+3.4696193E+00
+1.9365168E-01,+3.4695997E+00
+1.9889890E-01,+3.4694581E+00
+2.0324650E-01,+3.4693453E+00
+2.0485486E-01,+3.4693046E+00
+2.1081081E-01,+3.4691582E+00
+2.1331674E-01,+3.4690986E+00
+2.1676676E-01,+3.4690182E+00
+2.2272272E-01,+3.4688845E+00
+2.2388591E-01,+3.4688592E+00
+2.2867867E-01,+3.4687564E+00
+2.3463464E-01,+3.4686332E+00
+2.3497875E-01,+3.4686263E+00
+2.4059059E-01,+3.4685149E+00
+2.4654655E-01,+3.4684007E+00
+2.4662121E-01,+3.4683993E+00
+2.5250250E-01,+3.4682906E+00
+2.5845847E-01,+3.4681842E+00
+2.5884050E-01,+3.4681773E+00
+2.6441440E-01,+3.4680810E+00
+2.7037036E-01,+3.4679811E+00
+2.7166525E-01,+3.4679596E+00
+2.7632633E-01,+3.4678841E+00
+2.8228229E-01,+3.4677896E+00
+2.8512540E-01,+3.4677453E+00
+2.8823823E-01,+3.4676976E+00
+2.9419419E-01,+3.4676077E+00
+2.9925248E-01,+3.4675333E+00
+3.0015016E-01,+3.4675202E+00
+3.0610612E-01,+3.4674344E+00
+3.1206205E-01,+3.4673505E+00
+3.1407949E-01,+3.4673223E+00
+3.1801802E-01,+3.4672682E+00
+3.2397398E-01,+3.4671874E+00
+3.2964113E-01,+3.4671121E+00
+3.2992992E-01,+3.4671082E+00
+3.3588588E-01,+3.4670303E+00
+3.4184185E-01,+3.4669535E+00
+3.4597382E-01,+3.4669008E+00
+3.4779781E-01,+3.4668777E+00
+3.5375375E-01,+3.4668033E+00
+3.5970971E-01,+3.4667296E+00
+3.6311573E-01,+3.4666882E+00
+3.6566567E-01,+3.4666572E+00
+3.7162161E-01,+3.4665852E+00
+3.7757757E-01,+3.4665143E+00
+3.8110697E-01,+3.4664726E+00
+3.8353354E-01,+3.4664440E+00
+3.8948950E-01,+3.4663746E+00
+3.9544544E-01,+3.4663057E+00
+3.9998963E-01,+3.4662535E+00
+4.0140140E-01,+3.4662373E+00
+4.0735736E-01,+3.4661698E+00
+4.1331330E-01,+3.4661026E+00
+4.1926926E-01,+3.4660361E+00
+4.1980785E-01,+3.4660301E+00
+4.2522523E-01,+3.4659698E+00
+4.3118119E-01,+3.4659042E+00
+4.3713713E-01,+3.4658389E+00
+4.4060802E-01,+3.4658012E+00
+4.4309309E-01,+3.4657741E+00
+4.4904906E-01,+3.4657097E+00
+4.5500502E-01,+3.4656458E+00
+4.6096095E-01,+3.4655819E+00
+4.6243876E-01,+3.4655662E+00
+4.6691692E-01,+3.4655187E+00
+4.7287288E-01,+3.4654555E+00
+4.7882882E-01,+3.4653928E+00
+4.8478478E-01,+3.4653306E+00
+4.8535115E-01,+3.4653246E+00
+4.9074075E-01,+3.4652684E+00
+4.9669671E-01,+3.4652066E+00
+5.0265265E-01,+3.4651451E+00
+5.0860858E-01,+3.4650838E+00
+5.0939876E-01,+3.4650757E+00
+5.1456457E-01,+3.4650228E+00
+5.2052051E-01,+3.4649620E+00
+5.2647650E-01,+3.4649014E+00
+5.3243244E-01,+3.4648411E+00
+5.3463787E-01,+3.4648190E+00
+5.3838837E-01,+3.4647810E+00
+5.4434437E-01,+3.4647212E+00
+5.5030030E-01,+3.4646616E+00
+5.5625623E-01,+3.4646022E+00
+5.6112748E-01,+3.4645538E+00
+5.6221223E-01,+3.4645431E+00
+5.6816816E-01,+3.4644842E+00
+5.7412410E-01,+3.4644256E+00
+5.8008009E-01,+3.4643672E+00
+5.8603603E-01,+3.4643090E+00
+5.8892959E-01,+3.4642806E+00
+5.9199202E-01,+3.4642508E+00
+5.9794796E-01,+3.4641931E+00
+6.0390389E-01,+3.4641354E+00
+6.0985988E-01,+3.4640782E+00
+6.1581582E-01,+3.4640210E+00
+6.1810917E-01,+3.4639990E+00
+6.2177175E-01,+3.4639640E+00
+6.2772775E-01,+3.4639072E+00
+6.3368368E-01,+3.4638507E+00
+6.3963962E-01,+3.4637945E+00
+6.4559561E-01,+3.4637384E+00
+6.4873457E-01,+3.4637089E+00
+6.5155154E-01,+3.4636824E+00
+6.5750748E-01,+3.4636269E+00
+6.6346347E-01,+3.4635715E+00
+6.6941941E-01,+3.4635162E+00
+6.7537540E-01,+3.4634614E+00
+6.8087733E-01,+3.4634109E+00
+6.8133134E-01,+3.4634066E+00
+6.8728727E-01,+3.4633520E+00
+6.9324327E-01,+3.4632978E+00
+6.9919920E-01,+3.4632437E+00
+7.0515513E-01,+3.4631898E+00
+7.1111113E-01,+3.4631362E+00
+7.1461266E-01,+3.4631050E+00
+7.1706706E-01,+3.4630828E+00
+7.2302300E-01,+3.4630299E+00
+7.2897899E-01,+3.4629769E+00
+7.3493493E-01,+3.4629242E+00
+7.4089092E-01,+3.4628718E+00
+7.4684685E-01,+3.4628196E+00
+7.5001943E-01,+3.4627919E+00
+7.5280279E-01,+3.4627676E+00
+7.5875878E-01,+3.4627159E+00
+7.6471472E-01,+3.4626644E+00
+7.7067065E-01,+3.4626131E+00
+7.7662665E-01,+3.4625621E+00
+7.8258258E-01,+3.4625113E+00
+7.8718054E-01,+3.4624722E+00
+7.8853852E-01,+3.4624608E+00
+7.9449451E-01,+3.4624104E+00
+8.0045044E-01,+3.4623604E+00
+8.0640638E-01,+3.4623106E+00
+8.1236237E-01,+3.4622610E+00
+8.1831831E-01,+3.4622118E+00
+8.2427430E-01,+3.4621627E+00
+8.2618290E-01,+3.4621470E+00
+8.3023024E-01,+3.4621139E+00
+8.3618617E-01,+3.4620652E+00
+8.4214216E-01,+3.4620171E+00
+8.4809810E-01,+3.4619689E+00
+8.5405403E-01,+3.4619210E+00
+8.6001003E-01,+3.4618735E+00
+8.6596596E-01,+3.4618261E+00
+8.6711764E-01,+3.4618170E+00
+8.7192190E-01,+3.4617791E+00
+8.7787789E-01,+3.4617324E+00
+8.8383383E-01,+3.4616857E+00
+8.8978976E-01,+3.4616394E+00
+8.9574575E-01,+3.4615934E+00
+9.0170169E-01,+3.4615474E+00
+9.0765768E-01,+3.4615018E+00
+9.1008061E-01,+3.4614835E+00
+9.1361362E-01,+3.4614565E+00
+9.1956955E-01,+3.4614115E+00
+9.2552555E-01,+3.4613667E+00
+9.3148148E-01,+3.4613221E+00
+9.3743742E-01,+3.4612777E+00
+9.4339341E-01,+3.4612336E+00
+9.4934934E-01,+3.4611897E+00
+9.5517224E-01,+3.4611473E+00
+9.5530528E-01,+3.4611464E+00
+9.6126127E-01,+3.4611030E+00
+9.6721721E-01,+3.4610598E+00
+9.7317320E-01,+3.4610169E+00
+9.7912914E-01,+3.4609745E+00
+9.8508507E-01,+3.4609320E+00
+9.9104106E-01,+3.4608898E+00
+9.9699700E-01,+3.4608481E+00
+1.0024980E+00,+3.4608097E+00
+1.0029529E+00,+3.4608064E+00
+1.0089089E+00,+3.4607651E+00
+1.0148649E+00,+3.4607239E+00
+1.0208209E+00,+3.4606831E+00
+1.0267768E+00,+3.4606423E+00
+1.0327327E+00,+3.4606020E+00
+1.0386887E+00,+3.4605618E+00
+1.0446446E+00,+3.4605219E+00
+1.0506006E+00,+3.4604824E+00
+1.0521686E+00,+3.4604719E+00
+1.0565566E+00,+3.4604428E+00
+1.0625125E+00,+3.4604037E+00
+1.0684685E+00,+3.4603646E+00
+1.0744244E+00,+3.4603260E+00
+1.0803804E+00,+3.4602873E+00
+1.0863364E+00,+3.4602492E+00
+1.0922923E+00,+3.4602110E+00
+1.0982482E+00,+3.4601734E+00
+1.1042042E+00,+3.4601357E+00
+1.1043003E+00,+3.4601350E+00
+1.1101601E+00,+3.4600983E+00
+1.1161162E+00,+3.4600613E+00
+1.1220721E+00,+3.4600244E+00
+1.1280280E+00,+3.4599876E+00
+1.1339840E+00,+3.4599512E+00
+1.1399399E+00,+3.4599149E+00
+1.1458958E+00,+3.4598789E+00
+1.1518519E+00,+3.4598432E+00
+1.1578078E+00,+3.4598076E+00
+1.1590148E+00,+3.4598005E+00
+1.1637638E+00,+3.4597723E+00
+1.1697197E+00,+3.4597373E+00
+1.1756756E+00,+3.4597023E+00
+1.1816317E+00,+3.4596677E+00
+1.1875876E+00,+3.4596331E+00
+1.1935436E+00,+3.4595988E+00
+1.1994995E+00,+3.4595649E+00
+1.2054554E+00,+3.4595311E+00
+1.2114114E+00,+3.4594975E+00
+1.2164404E+00,+3.4594691E+00
+1.2173674E+00,+3.4594641E+00
+1.2233233E+00,+3.4594307E+00
+1.2292793E+00,+3.4593978E+00
+1.2352352E+00,+3.4593649E+00
+1.2411911E+00,+3.4593325E+00
+1.2471472E+00,+3.4593000E+00
+1.2531031E+00,+3.4592679E+00
+1.2590591E+00,+3.4592357E+00
+1.2650150E+00,+3.4592040E+00
+1.2709709E+00,+3.4591725E+00
+1.2767112E+00,+3.4591422E+00
+1.2769269E+00,+3.4591410E+00
+1.2828829E+00,+3.4591098E+00
+1.2888389E+00,+3.4590788E+00
+1.2947948E+00,+3.4590480E+00
+1.3007507E+00,+3.4590173E+00
+1.3067067E+00,+3.4589868E+00
+1.3126627E+00,+3.4589567E+00
+1.3186187E+00,+3.4589264E+00
+1.3245746E+00,+3.4588966E+00
+1.3305305E+00,+3.4588671E+00
+1.3364865E+00,+3.4588375E+00
+1.3399682E+00,+3.4588203E+00
+1.3424424E+00,+3.4588082E+00
+1.3483984E+00,+3.4587791E+00
+1.3543544E+00,+3.4587500E+00
+1.3603103E+00,+3.4587212E+00
+1.3662663E+00,+3.4586926E+00
+1.3722222E+00,+3.4586642E+00
+1.3781781E+00,+3.4586358E+00
+1.3841342E+00,+3.4586079E+00
+1.3900901E+00,+3.4585798E+00
+1.3960460E+00,+3.4585521E+00
+1.4020020E+00,+3.4585245E+00
+1.4063594E+00,+3.4585044E+00
+1.4079579E+00,+3.4584970E+00
+1.4139140E+00,+3.4584699E+00
+1.4198699E+00,+3.4584427E+00
+1.4258258E+00,+3.4584160E+00
+1.4317818E+00,+3.4583890E+00
+1.4377377E+00,+3.4583626E+00
+1.4436936E+00,+3.4583361E+00
+1.4496497E+00,+3.4583099E+00
+1.4556056E+00,+3.4582837E+00
+1.4615616E+00,+3.4582577E+00
+1.4675175E+00,+3.4582319E+00
+1.4734734E+00,+3.4582062E+00
+1.4760401E+00,+3.4581952E+00
+1.4794295E+00,+3.4581809E+00
+1.4853854E+00,+3.4581554E+00
+1.4913414E+00,+3.4581304E+00
+1.4972973E+00,+3.4581053E+00
+1.5032532E+00,+3.4580803E+00
+1.5092092E+00,+3.4580555E+00
+1.5151652E+00,+3.4580309E+00
+1.5211211E+00,+3.4580066E+00
+1.5270771E+00,+3.4579823E+00
+1.5330330E+00,+3.4579580E+00
+1.5389889E+00,+3.4579339E+00
+1.5449450E+00,+3.4579101E+00
+1.5491732E+00,+3.4578931E+00
+1.5509009E+00,+3.4578865E+00
+1.5568569E+00,+3.4578629E+00
+1.5628128E+00,+3.4578393E+00
+1.5687687E+00,+3.4578159E+00
+1.5747247E+00,+3.4577928E+00
+1.5806807E+00,+3.4577696E+00
+1.5866367E+00,+3.4577467E+00
+1.5925926E+00,+3.4577239E+00
+1.5985485E+00,+3.4577012E+00
+1.6045045E+00,+3.4576788E+00
+1.6104605E+00,+3.4576564E+00
+1.6164165E+00,+3.4576340E+00
+1.6223724E+00,+3.4576118E+00
+1.6259300E+00,+3.4575987E+00
+1.6283283E+00,+3.4575899E+00
+1.6342843E+00,+3.4575679E+00
+1.6402402E+00,+3.4575460E+00
+1.6461962E+00,+3.4575245E+00
+1.6521522E+00,+3.4575028E+00
+1.6581081E+00,+3.4574814E+00
+1.6640640E+00,+3.4574602E+00
+1.6700200E+00,+3.4574389E+00
+1.6759759E+00,+3.4574180E+00
+1.6819320E+00,+3.4573970E+00
+1.6878879E+00,+3.4573760E+00
+1.6938438E+00,+3.4573553E+00
+1.6997998E+00,+3.4573348E+00
+1.7057557E+00,+3.4573143E+00
+1.7064896E+00,+3.4573116E+00
+1.7117118E+00,+3.4572937E+00
+1.7176677E+00,+3.4572735E+00
+1.7236236E+00,+3.4572535E+00
+1.7295796E+00,+3.4572334E+00
+1.7355355E+00,+3.4572134E+00
+1.7414914E+00,+3.4571936E+00
+1.7474475E+00,+3.4571738E+00
+1.7534034E+00,+3.4571543E+00
+1.7593594E+00,+3.4571347E+00
+1.7653153E+00,+3.4571152E+00
+1.7712712E+00,+3.4570959E+00
+1.7772273E+00,+3.4570765E+00
+1.7831832E+00,+3.4570575E+00
+1.7891392E+00,+3.4570384E+00
+1.7910408E+00,+3.4570324E+00
+1.7950951E+00,+3.4570196E+00
+1.8010510E+00,+3.4570007E+00
+1.8070070E+00,+3.4569821E+00
+1.8129630E+00,+3.4569633E+00
+1.8189189E+00,+3.4569449E+00
+1.8248749E+00,+3.4569263E+00
+1.8308308E+00,+3.4569080E+00
+1.8367867E+00,+3.4568899E+00
+1.8427428E+00,+3.4568717E+00
+1.8486987E+00,+3.4568536E+00
+1.8546547E+00,+3.4568355E+00
+1.8606106E+00,+3.4568176E+00
+1.8665665E+00,+3.4568000E+00
+1.8725225E+00,+3.4567821E+00
+1.8784785E+00,+3.4567645E+00
+1.8797812E+00,+3.4567606E+00
+1.8844345E+00,+3.4567471E+00
+1.8903904E+00,+3.4567297E+00
+1.8963463E+00,+3.4567122E+00
+1.9023023E+00,+3.4566948E+00
+1.9082582E+00,+3.4566777E+00
+1.9142143E+00,+3.4566605E+00
+1.9201702E+00,+3.4566436E+00
+1.9261261E+00,+3.4566267E+00
+1.9320821E+00,+3.4566097E+00
+1.9380380E+00,+3.4565930E+00
+1.9439940E+00,+3.4565763E+00
+1.9499500E+00,+3.4565597E+00
+1.9559059E+00,+3.4565430E+00
+1.9618618E+00,+3.4565265E+00
+1.9678178E+00,+3.4565103E+00
+1.9729185E+00,+3.4564962E+00
+1.9737737E+00,+3.4564939E+00
+1.9797298E+00,+3.4564776E+00
+1.9856857E+00,+3.4564614E+00
+1.9916416E+00,+3.4564455E+00
+1.9975976E+00,+3.4564292E+00
+2.0035536E+00,+3.4564133E+00
+2.0095096E+00,+3.4563975E+00
+2.0154655E+00,+3.4563818E+00
+2.0214214E+00,+3.4563661E+00
+2.0273774E+00,+3.4563503E+00
+2.0333333E+00,+3.4563348E+00
+2.0392892E+00,+3.4563191E+00
+2.0452452E+00,+3.4563038E+00
+2.0512011E+00,+3.4562883E+00
+2.0571570E+00,+3.4562731E+00
+2.0631132E+00,+3.4562578E+00
+2.0690691E+00,+3.4562426E+00
+2.0706704E+00,+3.4562385E+00
+2.0750251E+00,+3.4562275E+00
+2.0809810E+00,+3.4562125E+00
+2.0869370E+00,+3.4561975E+00
+2.0928929E+00,+3.4561825E+00
+2.0988488E+00,+3.4561677E+00
+2.1048048E+00,+3.4561529E+00
+2.1107607E+00,+3.4561381E+00
+2.1167166E+00,+3.4561234E+00
+2.1226726E+00,+3.4561088E+00
+2.1286287E+00,+3.4560943E+00
+2.1345847E+00,+3.4560797E+00
+2.1405406E+00,+3.4560654E+00
+2.1464965E+00,+3.4560511E+00
+2.1524525E+00,+3.4560368E+00
+2.1584084E+00,+3.4560225E+00
+2.1643643E+00,+3.4560082E+00
+2.1703203E+00,+3.4559941E+00
+2.1732657E+00,+3.4559872E+00
+2.1762762E+00,+3.4559801E+00
+2.1822321E+00,+3.4559660E+00
+2.1881881E+00,+3.4559519E+00
+2.1941442E+00,+3.4559381E+00
+2.2001002E+00,+3.4559243E+00
+2.2060561E+00,+3.4559104E+00
+2.2120121E+00,+3.4558966E+00
+2.2179680E+00,+3.4558830E+00
+2.2239239E+00,+3.4558694E+00
+2.2298799E+00,+3.4558558E+00
+2.2358358E+00,+3.4558423E+00
+2.2417917E+00,+3.4558287E+00
+2.2477477E+00,+3.4558153E+00
+2.2537036E+00,+3.4558020E+00
+2.2596598E+00,+3.4557886E+00
+2.2656157E+00,+3.4557753E+00
+2.2715716E+00,+3.4557621E+00
+2.2775276E+00,+3.4557488E+00
+2.2809441E+00,+3.4557414E+00
+2.2834835E+00,+3.4557357E+00
+2.2894394E+00,+3.4557226E+00
+2.2953954E+00,+3.4557097E+00
+2.3013513E+00,+3.4556966E+00
+2.3073072E+00,+3.4556837E+00
+2.3132632E+00,+3.4556708E+00
+2.3192191E+00,+3.4556580E+00
+2.3251753E+00,+3.4556451E+00
+2.3311312E+00,+3.4556324E+00
+2.3370872E+00,+3.4556196E+00
+2.3430431E+00,+3.4556069E+00
+2.3489990E+00,+3.4555943E+00
+2.3549550E+00,+3.4555817E+00
+2.3609109E+00,+3.4555693E+00
+2.3668668E+00,+3.4555566E+00
+2.3728228E+00,+3.4555442E+00
+2.3787787E+00,+3.4555318E+00
+2.3847346E+00,+3.4555194E+00
+2.3906908E+00,+3.4555070E+00
+2.3939576E+00,+3.4555004E+00
+2.3966467E+00,+3.4554949E+00
+2.4026027E+00,+3.4554827E+00
+2.4085586E+00,+3.4554703E+00
+2.4145145E+00,+3.4554582E+00
+2.4204705E+00,+3.4554462E+00
+2.4264264E+00,+3.4554341E+00
+2.4323823E+00,+3.4554219E+00
+2.4383383E+00,+3.4554100E+00
+2.4442942E+00,+3.4553981E+00
+2.4502501E+00,+3.4553862E+00
+2.4562063E+00,+3.4553742E+00
+2.4621623E+00,+3.4553623E+00
+2.4681182E+00,+3.4553506E+00
+2.4740741E+00,+3.4553387E+00
+2.4800301E+00,+3.4553270E+00
+2.4859860E+00,+3.4553154E+00
+2.4919419E+00,+3.4553037E+00
+2.4978979E+00,+3.4552920E+00
+2.5038538E+00,+3.4552803E+00
+2.5098097E+00,+3.4552689E+00
+2.5125706E+00,+3.4552634E+00
+2.5157657E+00,+3.4552574E+00
+2.5217218E+00,+3.4552457E+00
+2.5276778E+00,+3.4552343E+00
+2.5336337E+00,+3.4552228E+00
+2.5395896E+00,+3.4552116E+00
+2.5455456E+00,+3.4552002E+00
+2.5515015E+00,+3.4551888E+00
+2.5574574E+00,+3.4551775E+00
+2.5634134E+00,+3.4551663E+00
+2.5693693E+00,+3.4551551E+00
+2.5753253E+00,+3.4551439E+00
+2.5812812E+00,+3.4551327E+00
+2.5872371E+00,+3.4551215E+00
+2.5931933E+00,+3.4551105E+00
+2.5991492E+00,+3.4550993E+00
+2.6051052E+00,+3.4550884E+00
+2.6110611E+00,+3.4550774E+00
+2.6170170E+00,+3.4550664E+00
+2.6229730E+00,+3.4550555E+00
+2.6289289E+00,+3.4550445E+00
+2.6348848E+00,+3.4550335E+00
+2.6370606E+00,+3.4550297E+00
+2.6408408E+00,+3.4550228E+00
+2.6467967E+00,+3.4550118E+00
+2.6527526E+00,+3.4550011E+00
+2.6587088E+00,+3.4549904E+00
+2.6646647E+00,+3.4549797E+00
+2.6706207E+00,+3.4549689E+00
+2.6765766E+00,+3.4549582E+00
+2.6825325E+00,+3.4549475E+00
+2.6884885E+00,+3.4549370E+00
+2.6944444E+00,+3.4549263E+00
+2.7004004E+00,+3.4549158E+00
+2.7063563E+00,+3.4549050E+00
+2.7123122E+00,+3.4548945E+00
+2.7182682E+00,+3.4548841E+00
+2.7242243E+00,+3.4548736E+00
+2.7301803E+00,+3.4548631E+00
+2.7361362E+00,+3.4548528E+00
+2.7420921E+00,+3.4548423E+00
+2.7480481E+00,+3.4548321E+00
+2.7540040E+00,+3.4548216E+00
+2.7599599E+00,+3.4548113E+00
+2.7659159E+00,+3.4548011E+00
+2.7677188E+00,+3.4547980E+00
+2.7718718E+00,+3.4547908E+00
+2.7778277E+00,+3.4547806E+00
+2.7837837E+00,+3.4547703E+00
+2.7897398E+00,+3.4547601E+00
+2.7956958E+00,+3.4547498E+00
+2.8016517E+00,+3.4547396E+00
+2.8076077E+00,+3.4547296E+00
+2.8135636E+00,+3.4547195E+00
+2.8195195E+00,+3.4547093E+00
+2.8254755E+00,+3.4546993E+00
+2.8314314E+00,+3.4546893E+00
+2.8373873E+00,+3.4546793E+00
+2.8433433E+00,+3.4546692E+00
+2.8492992E+00,+3.4546592E+00
+2.8552554E+00,+3.4546492E+00
+2.8612113E+00,+3.4546394E+00
+2.8671672E+00,+3.4546294E+00
+2.8731232E+00,+3.4546196E+00
+2.8790791E+00,+3.4546096E+00
+2.8850350E+00,+3.4545999E+00
+2.8909910E+00,+3.4545901E+00
+2.8969469E+00,+3.4545801E+00
+2.9029028E+00,+3.4545703E+00
+2.9048505E+00,+3.4545672E+00
+2.9088588E+00,+3.4545605E+00
+2.9148147E+00,+3.4545507E+00
+2.9207709E+00,+3.4545412E+00
+2.9267268E+00,+3.4545314E+00
+2.9326828E+00,+3.4545217E+00
+2.9386387E+00,+3.4545121E+00
+2.9445946E+00,+3.4545023E+00
+2.9505506E+00,+3.4544928E+00
+2.9565065E+00,+3.4544830E+00
+2.9624624E+00,+3.4544735E+00
+2.9684184E+00,+3.4544640E+00
+2.9743743E+00,+3.4544544E+00
+2.9803302E+00,+3.4544449E+00
+2.9862864E+00,+3.4544353E+00
+2.9922423E+00,+3.4544258E+00
+2.9981983E+00,+3.4544163E+00
+3.0041542E+00,+3.4544070E+00
+3.0101101E+00,+3.4543974E+00
+3.0160661E+00,+3.4543879E+00
+3.0220220E+00,+3.4543786E+00
+3.0279779E+00,+3.4543691E+00
+3.0339339E+00,+3.4543598E+00
+3.0398898E+00,+3.4543505E+00
+3.0458457E+00,+3.4543412E+00
+3.0487766E+00,+3.4543364E+00
+3.0518019E+00,+3.4543316E+00
+3.0577579E+00,+3.4543223E+00
+3.0637138E+00,+3.4543130E+00
+3.0696697E+00,+3.4543037E+00
+3.0756257E+00,+3.4542944E+00
+3.0815816E+00,+3.4542854E+00
+3.0875375E+00,+3.4542761E+00
+3.0934935E+00,+3.4542668E+00
+3.0994494E+00,+3.4542577E+00
+3.1054053E+00,+3.4542484E+00
+3.1113613E+00,+3.4542394E+00
+3.1173172E+00,+3.4542301E+00
+3.1232734E+00,+3.4542210E+00
+3.1292293E+00,+3.4542117E+00
+3.1351852E+00,+3.4542027E+00
+3.1411412E+00,+3.4541936E+00
+3.1470971E+00,+3.4541845E+00
+3.1530530E+00,+3.4541755E+00
+3.1590090E+00,+3.4541664E+00
+3.1649649E+00,+3.4541574E+00
+3.1709208E+00,+3.4541483E+00
+3.1768768E+00,+3.4541392E+00
+3.1828327E+00,+3.4541304E+00
+3.1887889E+00,+3.4541214E+00
+3.1947448E+00,+3.4541123E+00
+3.1998341E+00,+3.4541047E+00
+3.2007008E+00,+3.4541035E+00
+3.2066567E+00,+3.4540944E+00
+3.2126126E+00,+3.4540856E+00
+3.2185686E+00,+3.4540765E+00
+3.2245245E+00,+3.4540677E+00
+3.2304804E+00,+3.4540586E+00
+3.2364364E+00,+3.4540498E+00
+3.2423923E+00,+3.4540410E+00
+3.2483482E+00,+3.4540322E+00
+3.2543044E+00,+3.4540234E+00
+3.2602603E+00,+3.4540145E+00
+3.2662163E+00,+3.4540057E+00
+3.2721722E+00,+3.4539969E+00
+3.2781281E+00,+3.4539881E+00
+3.2840841E+00,+3.4539793E+00
+3.2900400E+00,+3.4539704E+00
+3.2959960E+00,+3.4539616E+00
+3.3019519E+00,+3.4539530E+00
+3.3079078E+00,+3.4539442E+00
+3.3138638E+00,+3.4539356E+00
+3.3198199E+00,+3.4539268E+00
+3.3257759E+00,+3.4539180E+00
+3.3317318E+00,+3.4539094E+00
+3.3376877E+00,+3.4539008E+00
+3.3436437E+00,+3.4538920E+00
+3.3495996E+00,+3.4538834E+00
+3.3555555E+00,+3.4538748E+00
+3.3583758E+00,+3.4538708E+00
+3.3615115E+00,+3.4538660E+00
+3.3674674E+00,+3.4538574E+00
+3.3734233E+00,+3.4538488E+00
+3.3793793E+00,+3.4538403E+00
+3.3853354E+00,+3.4538317E+00
+3.3912914E+00,+3.4538231E+00
+3.3972473E+00,+3.4538145E+00
+3.4032032E+00,+3.4538059E+00
+3.4091592E+00,+3.4537973E+00
+3.4151151E+00,+3.4537890E+00
+3.4210711E+00,+3.4537804E+00
+3.4270270E+00,+3.4537718E+00
+3.4329829E+00,+3.4537632E+00
+3.4389389E+00,+3.4537549E+00
+3.4448948E+00,+3.4537463E+00
+3.4508510E+00,+3.4537377E+00
+3.4568069E+00,+3.4537294E+00
+3.4627628E+00,+3.4537208E+00
+3.4687188E+00,+3.4537125E+00
+3.4746747E+00,+3.4537041E+00
+3.4806306E+00,+3.4536955E+00
+3.4865866E+00,+3.4536872E+00
+3.4925425E+00,+3.4536788E+00
+3.4984984E+00,+3.4536703E+00
+3.5044544E+00,+3.4536619E+00
+3.5104103E+00,+3.4536536E+00
+3.5163665E+00,+3.4536452E+00
+3.5223224E+00,+3.4536369E+00
+3.5247726E+00,+3.4536333E+00
+3.5282784E+00,+3.4536285E+00
+3.5342343E+00,+3.4536202E+00
+3.5401902E+00,+3.4536119E+00
+3.5461462E+00,+3.4536035E+00
+3.5521021E+00,+3.4535952E+00
+3.5580580E+00,+3.4535868E+00
+3.5640140E+00,+3.4535785E+00
+3.5699699E+00,+3.4535701E+00
+3.5759258E+00,+3.4535618E+00
+3.5818820E+00,+3.4535537E+00
+3.5878379E+00,+3.4535453E+00
+3.5937939E+00,+3.4535370E+00
+3.5997498E+00,+3.4535289E+00
+3.6057057E+00,+3.4535205E+00
+3.6116617E+00,+3.4535122E+00
+3.6176176E+00,+3.4535041E+00
+3.6235735E+00,+3.4534957E+00
+3.6295295E+00,+3.4534876E+00
+3.6354854E+00,+3.4534793E+00
+3.6414413E+00,+3.4534712E+00
+3.6473973E+00,+3.4534631E+00
+3.6533535E+00,+3.4534547E+00
+3.6593094E+00,+3.4534466E+00
+3.6652653E+00,+3.4534385E+00
+3.6712213E+00,+3.4534302E+00
+3.6771772E+00,+3.4534221E+00
+3.6831331E+00,+3.4534140E+00
+3.6890891E+00,+3.4534059E+00
+3.6950450E+00,+3.4533978E+00
+3.6994140E+00,+3.4533918E+00
+3.7010009E+00,+3.4533896E+00
+3.7069569E+00,+3.4533813E+00
+3.7129128E+00,+3.4533732E+00
+3.7188690E+00,+3.4533651E+00
+3.7248249E+00,+3.4533570E+00
+3.7307808E+00,+3.4533489E+00
+3.7367368E+00,+3.4533410E+00
+3.7426927E+00,+3.4533329E+00
+3.7486486E+00,+3.4533248E+00
+3.7546046E+00,+3.4533167E+00
+3.7605605E+00,+3.4533086E+00
+3.7665164E+00,+3.4533005E+00
+3.7724724E+00,+3.4532926E+00
+3.7784283E+00,+3.4532845E+00
+3.7843845E+00,+3.4532764E+00
+3.7903404E+00,+3.4532683E+00
+3.7962964E+00,+3.4532604E+00
+3.8022523E+00,+3.4532523E+00
+3.8082082E+00,+3.4532444E+00
+3.8141642E+00,+3.4532363E+00
+3.8201201E+00,+3.4532282E+00
+3.8260760E+00,+3.4532204E+00
+3.8320320E+00,+3.4532123E+00
+3.8379879E+00,+3.4532044E+00
+3.8439438E+00,+3.4531963E+00
+3.8499000E+00,+3.4531884E+00
+3.8558559E+00,+3.4531806E+00
+3.8618119E+00,+3.4531724E+00
+3.8677678E+00,+3.4531646E+00
+3.8737237E+00,+3.4531567E+00
+3.8796797E+00,+3.4531486E+00
+3.8827083E+00,+3.4531446E+00
+3.8856356E+00,+3.4531407E+00
+3.8915915E+00,+3.4531329E+00
+3.8975475E+00,+3.4531248E+00
+3.9035034E+00,+3.4531169E+00
+3.9094594E+00,+3.4531090E+00
+3.9154155E+00,+3.4531012E+00
+3.9213715E+00,+3.4530933E+00
+3.9273274E+00,+3.4530854E+00
+3.9332833E+00,+3.4530776E+00
+3.9392393E+00,+3.4530697E+00
+3.9451952E+00,+3.4530616E+00
+3.9511511E+00,+3.4530537E+00
+3.9571071E+00,+3.4530458E+00
+3.9630630E+00,+3.4530380E+00
+3.9690189E+00,+3.4530303E+00
+3.9749749E+00,+3.4530225E+00
+3.9809310E+00,+3.4530146E+00
+3.9868870E+00,+3.4530067E+00
+3.9928429E+00,+3.4529989E+00
+3.9987988E+00,+3.4529910E+00
+4.0047545E+00,+3.4529831E+00
+4.0107107E+00,+3.4529753E+00
+4.0166669E+00,+3.4529676E+00
+4.0226226E+00,+3.4529598E+00
+4.0285788E+00,+3.4529519E+00
+4.0345345E+00,+3.4529440E+00
+4.0404906E+00,+3.4529364E+00
+4.0464463E+00,+3.4529285E+00
+4.0524025E+00,+3.4529207E+00
+4.0583582E+00,+3.4529130E+00
+4.0643144E+00,+3.4529052E+00
+4.0702701E+00,+3.4528973E+00
+4.0750842E+00,+3.4528911E+00
+4.0762262E+00,+3.4528897E+00
+4.0821824E+00,+3.4528818E+00
+4.0881381E+00,+3.4528742E+00
+4.0940943E+00,+3.4528663E+00
+4.1000500E+00,+3.4528587E+00
+4.1060061E+00,+3.4528508E+00
+4.1119618E+00,+3.4528432E+00
+4.1179180E+00,+3.4528353E+00
+4.1238737E+00,+3.4528277E+00
+4.1298299E+00,+3.4528198E+00
+4.1357856E+00,+3.4528122E+00
+4.1417418E+00,+3.4528046E+00
+4.1476979E+00,+3.4527967E+00
+4.1536536E+00,+3.4527891E+00
+4.1596098E+00,+3.4527814E+00
+4.1655655E+00,+3.4527736E+00
+4.1715217E+00,+3.4527659E+00
+4.1774774E+00,+3.4527583E+00
+4.1834335E+00,+3.4527504E+00
+4.1893892E+00,+3.4527428E+00
+4.1953454E+00,+3.4527352E+00
+4.2013011E+00,+3.4527276E+00
+4.2072573E+00,+3.4527199E+00
+4.2132134E+00,+3.4527121E+00
+4.2191691E+00,+3.4527044E+00
+4.2251253E+00,+3.4526968E+00
+4.2310810E+00,+3.4526892E+00
+4.2370372E+00,+3.4526815E+00
+4.2429929E+00,+3.4526739E+00
+4.2489491E+00,+3.4526663E+00
+4.2549047E+00,+3.4526587E+00
+4.2608609E+00,+3.4526510E+00
+4.2668166E+00,+3.4526434E+00
+4.2727728E+00,+3.4526358E+00
+4.2769918E+00,+3.4526303E+00
+4.2787290E+00,+3.4526281E+00
+4.2846847E+00,+3.4526205E+00
+4.2906408E+00,+3.4526129E+00
+4.2965965E+00,+3.4526052E+00
+4.3025527E+00,+3.4525976E+00
+4.3085084E+00,+3.4525900E+00
+4.3144646E+00,+3.4525824E+00
+4.3204203E+00,+3.4525747E+00
+4.3263764E+00,+3.4525671E+00
+4.3323321E+00,+3.4525597E+00
+4.3382883E+00,+3.4525521E+00
+4.3442445E+00,+3.4525445E+00
+4.3502002E+00,+3.4525368E+00
+4.3561563E+00,+3.4525292E+00
+4.3621120E+00,+3.4525218E+00
+4.3680682E+00,+3.4525142E+00
+4.3740239E+00,+3.4525065E+00
+4.3799801E+00,+3.4524989E+00
+4.3859358E+00,+3.4524915E+00
+4.3918920E+00,+3.4524839E+00
+4.3978477E+00,+3.4524763E+00
+4.4038038E+00,+3.4524689E+00
+4.4097595E+00,+3.4524612E+00
+4.4157157E+00,+3.4524536E+00
+4.4216719E+00,+3.4524462E+00
+4.4276276E+00,+3.4524386E+00
+4.4335837E+00,+3.4524310E+00
+4.4395394E+00,+3.4524236E+00
+4.4454956E+00,+3.4524159E+00
+4.4514513E+00,+3.4524086E+00
+4.4574075E+00,+3.4524009E+00
+4.4633632E+00,+3.4523935E+00
+4.4693193E+00,+3.4523859E+00
+4.4752750E+00,+3.4523785E+00
+4.4812312E+00,+3.4523709E+00
+4.4871874E+00,+3.4523635E+00
+4.4889035E+00,+3.4523613E+00
+4.4931431E+00,+3.4523559E+00
+4.4990993E+00,+3.4523485E+00
+4.5050550E+00,+3.4523408E+00
+4.5110111E+00,+3.4523335E+00
+4.5169668E+00,+3.4523258E+00
+4.5229230E+00,+3.4523184E+00
+4.5288787E+00,+3.4523110E+00
+4.5348349E+00,+3.4523034E+00
+4.5407906E+00,+3.4522960E+00
+4.5467467E+00,+3.4522886E+00
+4.5527029E+00,+3.4522810E+00
+4.5586586E+00,+3.4522736E+00
+4.5646148E+00,+3.4522662E+00
+4.5705705E+00,+3.4522586E+00
+4.5765266E+00,+3.4522512E+00
+4.5824823E+00,+3.4522438E+00
+4.5884385E+00,+3.4522362E+00
+4.5943942E+00,+3.4522288E+00
+4.6003504E+00,+3.4522214E+00
+4.6063061E+00,+3.4522140E+00
+4.6122622E+00,+3.4522066E+00
+4.6182184E+00,+3.4521990E+00
+4.6241741E+00,+3.4521916E+00
+4.6301303E+00,+3.4521842E+00
+4.6360860E+00,+3.4521768E+00
+4.6420422E+00,+3.4521694E+00
+4.6479979E+00,+3.4521620E+00
+4.6539540E+00,+3.4521544E+00
+4.6599097E+00,+3.4521470E+00
+4.6658659E+00,+3.4521396E+00
+4.6718216E+00,+3.4521322E+00
+4.6777778E+00,+3.4521248E+00
+4.6837339E+00,+3.4521174E+00
+4.6896896E+00,+3.4521101E+00
+4.6956458E+00,+3.4521027E+00
+4.7016015E+00,+3.4520953E+00
+4.7075577E+00,+3.4520879E+00
+4.7113147E+00,+3.4520831E+00
+4.7135134E+00,+3.4520805E+00
+4.7194695E+00,+3.4520731E+00
+4.7254252E+00,+3.4520657E+00
+4.7313814E+00,+3.4520583E+00
+4.7373371E+00,+3.4520509E+00
+4.7432933E+00,+3.4520435E+00
+4.7492495E+00,+3.4520361E+00
+4.7552052E+00,+3.4520288E+00
+4.7611613E+00,+3.4520214E+00
+4.7671170E+00,+3.4520140E+00
+4.7730732E+00,+3.4520066E+00
+4.7790289E+00,+3.4519994E+00
+4.7849851E+00,+3.4519920E+00
+4.7909408E+00,+3.4519846E+00
+4.7968969E+00,+3.4519773E+00
+4.8028526E+00,+3.4519699E+00
+4.8088088E+00,+3.4519625E+00
+4.8147650E+00,+3.4519553E+00
+4.8207207E+00,+3.4519479E+00
+4.8266768E+00,+3.4519405E+00
+4.8326325E+00,+3.4519331E+00
+4.8385887E+00,+3.4519258E+00
+4.8445444E+00,+3.4519186E+00
+4.8505006E+00,+3.4519112E+00
+4.8564563E+00,+3.4519038E+00
+4.8624125E+00,+3.4518964E+00
+4.8683681E+00,+3.4518893E+00
+4.8743243E+00,+3.4518819E+00
+4.8802805E+00,+3.4518745E+00
+4.8862362E+00,+3.4518673E+00
+4.8921924E+00,+3.4518600E+00
+4.8981481E+00,+3.4518526E+00
+4.9041042E+00,+3.4518454E+00
+4.9100599E+00,+3.4518380E+00
+4.9160161E+00,+3.4518306E+00
+4.9219718E+00,+3.4518235E+00
+4.9279280E+00,+3.4518161E+00
+4.9338837E+00,+3.4518089E+00
+4.9398398E+00,+3.4518015E+00
+4.9447455E+00,+3.4517956E+00
+4.9457960E+00,+3.4517941E+00
+4.9517517E+00,+3.4517870E+00
+4.9577079E+00,+3.4517796E+00
+4.9636636E+00,+3.4517725E+00
+4.9696198E+00,+3.4517651E+00
+4.9755754E+00,+3.4517579E+00
+4.9815316E+00,+3.4517505E+00
+4.9874873E+00,+3.4517434E+00
+4.9934435E+00,+3.4517360E+00
+4.9993992E+00,+3.4517288E+00
+5.0053554E+00,+3.4517214E+00
+5.0113115E+00,+3.4517143E+00
+5.0172672E+00,+3.4517069E+00
+5.0232234E+00,+3.4516997E+00
+5.0291791E+00,+3.4516923E+00
+5.0351353E+00,+3.4516852E+00
+5.0410910E+00,+3.4516778E+00
+5.0470471E+00,+3.4516706E+00
+5.0530028E+00,+3.4516635E+00
+5.0589590E+00,+3.4516561E+00
+5.0649147E+00,+3.4516490E+00
+5.0708709E+00,+3.4516418E+00
+5.0768270E+00,+3.4516344E+00
+5.0827827E+00,+3.4516273E+00
+5.0887389E+00,+3.4516199E+00
+5.0946946E+00,+3.4516127E+00
+5.1006508E+00,+3.4516056E+00
+5.1066065E+00,+3.4515984E+00
+5.1125627E+00,+3.4515910E+00
+5.1185184E+00,+3.4515839E+00
+5.1244745E+00,+3.4515767E+00
+5.1304302E+00,+3.4515693E+00
+5.1363864E+00,+3.4515622E+00
+5.1423426E+00,+3.4515550E+00
+5.1482983E+00,+3.4515479E+00
+5.1542544E+00,+3.4515405E+00
+5.1602101E+00,+3.4515333E+00
+5.1661663E+00,+3.4515262E+00
+5.1721220E+00,+3.4515190E+00
+5.1780782E+00,+3.4515119E+00
+5.1840339E+00,+3.4515045E+00
+5.1897421E+00,+3.4514976E+00
+5.1899900E+00,+3.4514973E+00
+5.1959457E+00,+3.4514902E+00
+5.2019019E+00,+3.4514830E+00
+5.2078581E+00,+3.4514759E+00
+5.2138138E+00,+3.4514687E+00
+5.2197700E+00,+3.4514613E+00
+5.2257257E+00,+3.4514542E+00
+5.2316818E+00,+3.4514470E+00
+5.2376375E+00,+3.4514399E+00
+5.2435937E+00,+3.4514327E+00
+5.2495494E+00,+3.4514256E+00
+5.2555056E+00,+3.4514184E+00
+5.2614613E+00,+3.4514112E+00
+5.2674174E+00,+3.4514041E+00
+5.2733736E+00,+3.4513969E+00
+5.2793293E+00,+3.4513898E+00
+5.2852855E+00,+3.4513826E+00
+5.2912412E+00,+3.4513755E+00
+5.2971973E+00,+3.4513683E+00
+5.3031530E+00,+3.4513612E+00
+5.3091092E+00,+3.4513540E+00
+5.3150649E+00,+3.4513469E+00
+5.3210211E+00,+3.4513397E+00
+5.3269768E+00,+3.4513326E+00
+5.3329329E+00,+3.4513254E+00
+5.3388891E+00,+3.4513183E+00
+5.3448448E+00,+3.4513111E+00
+5.3508010E+00,+3.4513040E+00
+5.3567567E+00,+3.4512968E+00
+5.3627129E+00,+3.4512897E+00
+5.3686686E+00,+3.4512825E+00
+5.3746247E+00,+3.4512756E+00
+5.3805804E+00,+3.4512684E+00
+5.3865366E+00,+3.4512613E+00
+5.3924923E+00,+3.4512541E+00
+5.3984485E+00,+3.4512470E+00
+5.4044046E+00,+3.4512398E+00
+5.4103603E+00,+3.4512329E+00
+5.4163165E+00,+3.4512258E+00
+5.4222722E+00,+3.4512186E+00
+5.4282284E+00,+3.4512115E+00
+5.4341841E+00,+3.4512043E+00
+5.4401402E+00,+3.4511974E+00
+5.4460959E+00,+3.4511902E+00
+5.4468775E+00,+3.4511893E+00
+5.4520521E+00,+3.4511831E+00
+5.4580078E+00,+3.4511759E+00
+5.4639640E+00,+3.4511690E+00
+5.4699197E+00,+3.4511619E+00
+5.4758759E+00,+3.4511547E+00
+5.4818320E+00,+3.4511476E+00
+5.4877877E+00,+3.4511406E+00
+5.4937439E+00,+3.4511335E+00
+5.4996996E+00,+3.4511263E+00
+5.5056558E+00,+3.4511194E+00
+5.5116115E+00,+3.4511123E+00
+5.5175676E+00,+3.4511051E+00
+5.5235233E+00,+3.4510982E+00
+5.5294795E+00,+3.4510911E+00
+5.5354352E+00,+3.4510839E+00
+5.5413914E+00,+3.4510770E+00
+5.5473475E+00,+3.4510698E+00
+5.5533032E+00,+3.4510629E+00
+5.5592594E+00,+3.4510558E+00
+5.5652151E+00,+3.4510486E+00
+5.5711713E+00,+3.4510417E+00
+5.5771270E+00,+3.4510345E+00
+5.5830832E+00,+3.4510276E+00
+5.5890388E+00,+3.4510205E+00
+5.5949950E+00,+3.4510136E+00
+5.6009507E+00,+3.4510064E+00
+5.6069069E+00,+3.4509995E+00
+5.6128631E+00,+3.4509923E+00
+5.6188188E+00,+3.4509854E+00
+5.6247749E+00,+3.4509783E+00
+5.6307306E+00,+3.4509714E+00
+5.6366868E+00,+3.4509642E+00
+5.6426425E+00,+3.4509573E+00
+5.6485987E+00,+3.4509501E+00
+5.6545544E+00,+3.4509432E+00
+5.6605105E+00,+3.4509363E+00
+5.6664662E+00,+3.4509292E+00
+5.6724224E+00,+3.4509223E+00
+5.6783786E+00,+3.4509151E+00
+5.6843343E+00,+3.4509082E+00
+5.6902905E+00,+3.4509013E+00
+5.6962461E+00,+3.4508941E+00
+5.7022023E+00,+3.4508872E+00
+5.7081580E+00,+3.4508801E+00
+5.7141142E+00,+3.4508731E+00
+5.7167530E+00,+3.4508700E+00
+5.7200699E+00,+3.4508662E+00
+5.7260261E+00,+3.4508591E+00
+5.7319818E+00,+3.4508522E+00
+5.7379379E+00,+3.4508452E+00
+5.7438941E+00,+3.4508383E+00
+5.7498498E+00,+3.4508312E+00
+5.7558060E+00,+3.4508243E+00
+5.7617617E+00,+3.4508173E+00
+5.7677178E+00,+3.4508102E+00
+5.7736735E+00,+3.4508033E+00
+5.7796297E+00,+3.4507964E+00
+5.7855854E+00,+3.4507895E+00
+5.7915416E+00,+3.4507823E+00
+5.7974973E+00,+3.4507754E+00
+5.8034534E+00,+3.4507685E+00
+5.8094096E+00,+3.4507616E+00
+5.8153653E+00,+3.4507546E+00
+5.8213215E+00,+3.4507477E+00
+5.8272772E+00,+3.4507406E+00
+5.8332334E+00,+3.4507337E+00
+5.8391891E+00,+3.4507267E+00
+5.8451452E+00,+3.4507198E+00
+5.8511009E+00,+3.4507129E+00
+5.8570571E+00,+3.4507060E+00
+5.8630128E+00,+3.4506991E+00
+5.8689690E+00,+3.4506919E+00
+5.8749251E+00,+3.4506850E+00
+5.8808808E+00,+3.4506781E+00
+5.8868370E+00,+3.4506712E+00
+5.8927927E+00,+3.4506643E+00
+5.8987489E+00,+3.4506574E+00
+5.9047046E+00,+3.4506505E+00
+5.9106607E+00,+3.4506435E+00
+5.9166164E+00,+3.4506366E+00
+5.9225726E+00,+3.4506297E+00
+5.9285283E+00,+3.4506228E+00
+5.9344845E+00,+3.4506159E+00
+5.9404407E+00,+3.4506090E+00
+5.9463964E+00,+3.4506021E+00
+5.9523525E+00,+3.4505951E+00
+5.9583082E+00,+3.4505882E+00
+5.9642644E+00,+3.4505813E+00
+5.9702201E+00,+3.4505744E+00
+5.9761763E+00,+3.4505675E+00
+5.9821320E+00,+3.4505606E+00
+5.9880881E+00,+3.4505539E+00
+5.9940438E+00,+3.4505470E+00
+6.0000000E+00,+3.4505401E+00
