+5.0000001E-02,+8.7957159E-03
+5.2477341E-02,+8.8575147E-03
+5.5077430E-02,+8.9213215E-03
+5.5955958E-02,+8.9424569E-03
+5.7806343E-02,+8.9860503E-03
+6.0670465E-02,+9.0505723E-03
+6.1911911E-02,+9.0772612E-03
+6.3676499E-02,+9.1137365E-03
+6.6831470E-02,+9.1743935E-03
+6.7867868E-02,+9.1929855E-03
+7.0142753E-02,+9.2314146E-03
+7.3618107E-02,+9.2837196E-03
+7.3823825E-02,+9.2865722E-03
+7.7265650E-02,+9.3302960E-03
+7.9779781E-02,+9.3575325E-03
+8.1093922E-02,+9.3702292E-03
+8.5111871E-02,+9.4027193E-03
+8.5735738E-02,+9.4069364E-03
+8.9328900E-02,+9.4271088E-03
+9.1691695E-02,+9.4367238E-03
+9.3754865E-02,+9.4428919E-03
+9.7647645E-02,+9.4492557E-03
+9.8400123E-02,+9.4497371E-03
+1.0327554E-01,+9.4474889E-03
+1.0360360E-01,+9.4470233E-03
+1.0839251E-01,+9.4361771E-03
+1.0955956E-01,+9.4324648E-03
+1.1376303E-01,+9.4160158E-03
+1.1551552E-01,+9.4078593E-03
+1.1939962E-01,+9.3873935E-03
+1.2147147E-01,+9.3752714E-03
+1.2531550E-01,+9.3508670E-03
+1.2742743E-01,+9.3365293E-03
+1.3152449E-01,+9.3071414E-03
+1.3338338E-01,+9.2932200E-03
+1.3804111E-01,+9.2570558E-03
+1.3933934E-01,+9.2467051E-03
+1.4488061E-01,+9.2015592E-03
+1.4529529E-01,+9.1981320E-03
+1.5125126E-01,+9.1484636E-03
+1.5205899E-01,+9.1416882E-03
+1.5720721E-01,+9.0984935E-03
+1.5959305E-01,+9.0785418E-03
+1.6316317E-01,+9.0488708E-03
+1.6750038E-01,+9.0132570E-03
+1.6911912E-01,+9.0001188E-03
+1.7507507E-01,+8.9526549E-03
+1.7579949E-01,+8.9469859E-03
+1.8103103E-01,+8.9068059E-03
+1.8450980E-01,+8.8808751E-03
+1.8698698E-01,+8.8628214E-03
+1.9294295E-01,+8.8208886E-03
+1.9365168E-01,+8.8160420E-03
+1.9889890E-01,+8.7811407E-03
+2.0324650E-01,+8.7535586E-03
+2.0485486E-01,+8.7436670E-03
+2.1081081E-01,+8.7085208E-03
+2.1331674E-01,+8.6944355E-03
+2.1676676E-01,+8.6757252E-03
+2.2272272E-01,+8.6452812E-03
+2.2388591E-01,+8.6396085E-03
+2.2867867E-01,+8.6171674E-03
+2.3463464E-01,+8.5913502E-03
+2.3497875E-01,+8.5899280E-03
+2.4059059E-01,+8.5677812E-03
+2.4654655E-01,+8.5464036E-03
+2.4662121E-01,+8.5461494E-03
+2.5250250E-01,+8.5271532E-03
+2.5845847E-01,+8.5099600E-03
+2.5884050E-01,+8.5089263E-03
+2.6441440E-01,+8.4947515E-03
+2.7037036E-01,+8.4814504E-03
+2.7166525E-01,+8.4788036E-03
+2.7632633E-01,+8.4699802E-03
+2.8228229E-01,+8.4602619E-03
+2.8512540E-01,+8.4562181E-03
+2.8823823E-01,+8.4522180E-03
+2.9419419E-01,+8.4457695E-03
+2.9925248E-01,+8.4414892E-03
+3.0015016E-01,+8.4408410E-03
+3.0610612E-01,+8.4373560E-03
+3.1206205E-01,+8.4352419E-03
+3.1407949E-01,+8.4348228E-03
+3.1801802E-01,+8.4344251E-03
+3.2397398E-01,+8.4348377E-03
+3.2964113E-01,+8.4363082E-03
+3.2992992E-01,+8.4364098E-03
+3.3588588E-01,+8.4390771E-03
+3.4184185E-01,+8.4427763E-03
+3.4597382E-01,+8.4459158E-03
+3.4779781E-01,+8.4474450E-03
+3.5375375E-01,+8.4530246E-03
+3.5970971E-01,+8.4594581E-03
+3.6311573E-01,+8.4635001E-03
+3.6566567E-01,+8.4666917E-03
+3.7162161E-01,+8.4746722E-03
+3.7757757E-01,+8.4833503E-03
+3.8110697E-01,+8.4888013E-03
+3.8353354E-01,+8.4926765E-03
+3.8948950E-01,+8.5026063E-03
+3.9544544E-01,+8.5130939E-03
+3.9998963E-01,+8.5214451E-03
+4.0140140E-01,+8.5240975E-03
+4.0735736E-01,+8.5355770E-03
+4.1331330E-01,+8.5474942E-03
+4.1926926E-01,+8.5598119E-03
+4.1980785E-01,+8.5609434E-03
+4.2522523E-01,+8.5724937E-03
+4.3118119E-01,+8.5855080E-03
+4.3713713E-01,+8.5988212E-03
+4.4060802E-01,+8.6067049E-03
+4.4309309E-01,+8.6124027E-03
+4.4904906E-01,+8.6262254E-03
+4.5500502E-01,+8.6402595E-03
+4.6096095E-01,+8.6544789E-03
+4.6243876E-01,+8.6580329E-03
+4.6691692E-01,+8.6688595E-03
+4.7287288E-01,+8.6833769E-03
+4.7882882E-01,+8.6980080E-03
+4.8478478E-01,+8.7127322E-03
+4.8535115E-01,+8.7141357E-03
+4.9074075E-01,+8.7275282E-03
+4.9669671E-01,+8.7423762E-03
+5.0265265E-01,+8.7572588E-03
+5.0860858E-01,+8.7721581E-03
+5.0939876E-01,+8.7741353E-03
+5.1456457E-01,+8.7870574E-03
+5.2052051E-01,+8.8019408E-03
+5.2647650E-01,+8.8167945E-03
+5.3243244E-01,+8.8316035E-03
+5.3463787E-01,+8.8370731E-03
+5.3838837E-01,+8.8463547E-03
+5.4434437E-01,+8.8610360E-03
+5.5030030E-01,+8.8756355E-03
+5.5625623E-01,+8.8901417E-03
+5.6112748E-01,+8.9019295E-03
+5.6221223E-01,+8.9045446E-03
+5.6816816E-01,+8.9188349E-03
+5.7412410E-01,+8.9330021E-03
+5.8008009E-01,+8.9470381E-03
+5.8603603E-01,+8.9609362E-03
+5.8892959E-01,+8.9676352E-03
+5.9199202E-01,+8.9746863E-03
+5.9794796E-01,+8.9882836E-03
+6.0390389E-01,+9.0017198E-03
+6.0985988E-01,+9.0149902E-03
+6.1581582E-01,+9.0280892E-03
+6.1810917E-01,+9.0330858E-03
+6.2177175E-01,+9.0410104E-03
+6.2772775E-01,+9.0537490E-03
+6.3368368E-01,+9.0663023E-03
+6.3963962E-01,+9.0786647E-03
+6.4559561E-01,+9.0908324E-03
+6.4873457E-01,+9.0971654E-03
+6.5155154E-01,+9.1028027E-03
+6.5750748E-01,+9.1145728E-03
+6.6346347E-01,+9.1261389E-03
+6.6941941E-01,+9.1374991E-03
+6.7537540E-01,+9.1486517E-03
+6.8087733E-01,+9.1587678E-03
+6.8133134E-01,+9.1595948E-03
+6.8728727E-01,+9.1703255E-03
+6.9324327E-01,+9.1808438E-03
+6.9919920E-01,+9.1911480E-03
+7.0515513E-01,+9.2012370E-03
+7.1111113E-01,+9.2111109E-03
+7.1461266E-01,+9.2168143E-03
+7.1706706E-01,+9.2207678E-03
+7.2302300E-01,+9.2302086E-03
+7.2897899E-01,+9.2394324E-03
+7.3493493E-01,+9.2484392E-03
+7.4089092E-01,+9.2572300E-03
+7.4684685E-01,+9.2658047E-03
+7.5001943E-01,+9.2702834E-03
+7.5280279E-01,+9.2741633E-03
+7.5875878E-01,+9.2823068E-03
+7.6471472E-01,+9.2902351E-03
+7.7067065E-01,+9.2979511E-03
+7.7662665E-01,+9.3054539E-03
+7.8258258E-01,+9.3127461E-03
+7.8718054E-01,+9.3182307E-03
+7.8853852E-01,+9.3198270E-03
+7.9449451E-01,+9.3267001E-03
+8.0045044E-01,+9.3333647E-03
+8.0640638E-01,+9.3398243E-03
+8.1236237E-01,+9.3460781E-03
+8.1831831E-01,+9.3521308E-03
+8.2427430E-01,+9.3579814E-03
+8.2618290E-01,+9.3598142E-03
+8.3023024E-01,+9.3636326E-03
+8.3618617E-01,+9.3690865E-03
+8.4214216E-01,+9.3743457E-03
+8.4809810E-01,+9.3794102E-03
+8.5405403E-01,+9.3842838E-03
+8.6001003E-01,+9.3889683E-03
+8.6596596E-01,+9.3934648E-03
+8.6711764E-01,+9.3943123E-03
+8.7192190E-01,+9.3977759E-03
+8.7787789E-01,+9.4019044E-03
+8.8383383E-01,+9.4058514E-03
+8.8978976E-01,+9.4096204E-03
+8.9574575E-01,+9.4132125E-03
+9.0170169E-01,+9.4166314E-03
+9.0765768E-01,+9.4198780E-03
+9.1008061E-01,+9.4211502E-03
+9.1361362E-01,+9.4229551E-03
+9.1956955E-01,+9.4258646E-03
+9.2552555E-01,+9.4286101E-03
+9.3148148E-01,+9.4311927E-03
+9.3743742E-01,+9.4336160E-03
+9.4339341E-01,+9.4358809E-03
+9.4934934E-01,+9.4379913E-03
+9.5517224E-01,+9.4399061E-03
+9.5530528E-01,+9.4399480E-03
+9.6126127E-01,+9.4417548E-03
+9.6721721E-01,+9.4434135E-03
+9.7317320E-01,+9.4449269E-03
+9.7912914E-01,+9.4462959E-03
+9.8508507E-01,+9.4475253E-03
+9.9104106E-01,+9.4486158E-03
+9.9699700E-01,+9.4495695E-03
+1.0024980E+00,+9.4503323E-03
+1.0029529E+00,+9.4503900E-03
+1.0089089E+00,+9.4510792E-03
+1.0148649E+00,+9.4516389E-03
+1.0208209E+00,+9.4520720E-03
+1.0267768E+00,+9.4523812E-03
+1.0327327E+00,+9.4525684E-03
+1.0386887E+00,+9.4526345E-03
+1.0446446E+00,+9.4525842E-03
+1.0506006E+00,+9.4524184E-03
+1.0521686E+00,+9.4523560E-03
+1.0565566E+00,+9.4521390E-03
+1.0625125E+00,+9.4517497E-03
+1.0684685E+00,+9.4512515E-03
+1.0744244E+00,+9.4506461E-03
+1.0803804E+00,+9.4499374E-03
+1.0863364E+00,+9.4491262E-03
+1.0922923E+00,+9.4482154E-03
+1.0982482E+00,+9.4472067E-03
+1.1042042E+00,+9.4461022E-03
+1.1043003E+00,+9.4460836E-03
+1.1101601E+00,+9.4449036E-03
+1.1161162E+00,+9.4436137E-03
+1.1220721E+00,+9.4422344E-03
+1.1280280E+00,+9.4407676E-03
+1.1339840E+00,+9.4392151E-03
+1.1399399E+00,+9.4375787E-03
+1.1458958E+00,+9.4358604E-03
+1.1518519E+00,+9.4340630E-03
+1.1578078E+00,+9.4321873E-03
+1.1590148E+00,+9.4317980E-03
+1.1637638E+00,+9.4302362E-03
+1.1697197E+00,+9.4282106E-03
+1.1756756E+00,+9.4261123E-03
+1.1816317E+00,+9.4239442E-03
+1.1875876E+00,+9.4217071E-03
+1.1935436E+00,+9.4194030E-03
+1.1994995E+00,+9.4170338E-03
+1.2054554E+00,+9.4146002E-03
+1.2114114E+00,+9.4121061E-03
+1.2164404E+00,+9.4099520E-03
+1.2173674E+00,+9.4095506E-03
+1.2233233E+00,+9.4069373E-03
+1.2292793E+00,+9.4042672E-03
+1.2352352E+00,+9.4015412E-03
+1.2411911E+00,+9.3987612E-03
+1.2471472E+00,+9.3959300E-03
+1.2531031E+00,+9.3930475E-03
+1.2590591E+00,+9.3901157E-03
+1.2650150E+00,+9.3871364E-03
+1.2709709E+00,+9.3841106E-03
+1.2767112E+00,+9.3811527E-03
+1.2769269E+00,+9.3810400E-03
+1.2828829E+00,+9.3779266E-03
+1.2888389E+00,+9.3747713E-03
+1.2947948E+00,+9.3715750E-03
+1.3007507E+00,+9.3683386E-03
+1.3067067E+00,+9.3650650E-03
+1.3126627E+00,+9.3617551E-03
+1.3186187E+00,+9.3584098E-03
+1.3245746E+00,+9.3550300E-03
+1.3305305E+00,+9.3516167E-03
+1.3364865E+00,+9.3481727E-03
+1.3399682E+00,+9.3461452E-03
+1.3424424E+00,+9.3446979E-03
+1.3483984E+00,+9.3411943E-03
+1.3543544E+00,+9.3376627E-03
+1.3603103E+00,+9.3341032E-03
+1.3662663E+00,+9.3305185E-03
+1.3722222E+00,+9.3269097E-03
+1.3781781E+00,+9.3232766E-03
+1.3841342E+00,+9.3196211E-03
+1.3900901E+00,+9.3159433E-03
+1.3960460E+00,+9.3122460E-03
+1.4020020E+00,+9.3085291E-03
+1.4063594E+00,+9.3057975E-03
+1.4079579E+00,+9.3047936E-03
+1.4139140E+00,+9.3010403E-03
+1.4198699E+00,+9.2972703E-03
+1.4258258E+00,+9.2934845E-03
+1.4317818E+00,+9.2896847E-03
+1.4377377E+00,+9.2858709E-03
+1.4436936E+00,+9.2820441E-03
+1.4496497E+00,+9.2782052E-03
+1.4556056E+00,+9.2743551E-03
+1.4615616E+00,+9.2704948E-03
+1.4675175E+00,+9.2666252E-03
+1.4734734E+00,+9.2627462E-03
+1.4760401E+00,+9.2610726E-03
+1.4794295E+00,+9.2588598E-03
+1.4853854E+00,+9.2549659E-03
+1.4913414E+00,+9.2510656E-03
+1.4972973E+00,+9.2471605E-03
+1.5032532E+00,+9.2432490E-03
+1.5092092E+00,+9.2393346E-03
+1.5151652E+00,+9.2354156E-03
+1.5211211E+00,+9.2314947E-03
+1.5270771E+00,+9.2275711E-03
+1.5330330E+00,+9.2236465E-03
+1.5389889E+00,+9.2197200E-03
+1.5449450E+00,+9.2157945E-03
+1.5491732E+00,+9.2130071E-03
+1.5509009E+00,+9.2118690E-03
+1.5568569E+00,+9.2079444E-03
+1.5628128E+00,+9.2040217E-03
+1.5687687E+00,+9.2001008E-03
+1.5747247E+00,+9.1961827E-03
+1.5806807E+00,+9.1922674E-03
+1.5866367E+00,+9.1883568E-03
+1.5925926E+00,+9.1844499E-03
+1.5985485E+00,+9.1805486E-03
+1.6045045E+00,+9.1766529E-03
+1.6104605E+00,+9.1727627E-03
+1.6164165E+00,+9.1688782E-03
+1.6223724E+00,+9.1650020E-03
+1.6259300E+00,+9.1626896E-03
+1.6283283E+00,+9.1611324E-03
+1.6342843E+00,+9.1572702E-03
+1.6402402E+00,+9.1534173E-03
+1.6461962E+00,+9.1495719E-03
+1.6521522E+00,+9.1457367E-03
+1.6581081E+00,+9.1419099E-03
+1.6640640E+00,+9.1380943E-03
+1.6700200E+00,+9.1342879E-03
+1.6759759E+00,+9.1304928E-03
+1.6819320E+00,+9.1267088E-03
+1.6878879E+00,+9.1229361E-03
+1.6938438E+00,+9.1191754E-03
+1.6997998E+00,+9.1154268E-03
+1.7057557E+00,+9.1116903E-03
+1.7064896E+00,+9.1112312E-03
+1.7117118E+00,+9.1079669E-03
+1.7176677E+00,+9.1042574E-03
+1.7236236E+00,+9.1005601E-03
+1.7295796E+00,+9.0968776E-03
+1.7355355E+00,+9.0932092E-03
+1.7414914E+00,+9.0895547E-03
+1.7474475E+00,+9.0859151E-03
+1.7534034E+00,+9.0822903E-03
+1.7593594E+00,+9.0786805E-03
+1.7653153E+00,+9.0750866E-03
+1.7712712E+00,+9.0715084E-03
+1.7772273E+00,+9.0679461E-03
+1.7831832E+00,+9.0643996E-03
+1.7891392E+00,+9.0608709E-03
+1.7910408E+00,+9.0597467E-03
+1.7950951E+00,+9.0573579E-03
+1.8010510E+00,+9.0538617E-03
+1.8070070E+00,+9.0503832E-03
+1.8129630E+00,+9.0469215E-03
+1.8189189E+00,+9.0434775E-03
+1.8248749E+00,+9.0400511E-03
+1.8308308E+00,+9.0366425E-03
+1.8367867E+00,+9.0332525E-03
+1.8427428E+00,+9.0298811E-03
+1.8486987E+00,+9.0265274E-03
+1.8546547E+00,+9.0231923E-03
+1.8606106E+00,+9.0198768E-03
+1.8665665E+00,+9.0165799E-03
+1.8725225E+00,+9.0133017E-03
+1.8784785E+00,+9.0100430E-03
+1.8797812E+00,+9.0093333E-03
+1.8844345E+00,+9.0068039E-03
+1.8903904E+00,+9.0035843E-03
+1.8963463E+00,+9.0003842E-03
+1.9023023E+00,+8.9972047E-03
+1.9082582E+00,+8.9940438E-03
+1.9142143E+00,+8.9909043E-03
+1.9201702E+00,+8.9877835E-03
+1.9261261E+00,+8.9846840E-03
+1.9320821E+00,+8.9816041E-03
+1.9380380E+00,+8.9785457E-03
+1.9439940E+00,+8.9755068E-03
+1.9499500E+00,+8.9724893E-03
+1.9559059E+00,+8.9694923E-03
+1.9618618E+00,+8.9665158E-03
+1.9678178E+00,+8.9635607E-03
+1.9729185E+00,+8.9610461E-03
+1.9737737E+00,+8.9606261E-03
+1.9797298E+00,+8.9577129E-03
+1.9856857E+00,+8.9548212E-03
+1.9916416E+00,+8.9519499E-03
+1.9975976E+00,+8.9491000E-03
+2.0035536E+00,+8.9462725E-03
+2.0095096E+00,+8.9434655E-03
+2.0154655E+00,+8.9406800E-03
+2.0214214E+00,+8.9379158E-03
+2.0273774E+00,+8.9351730E-03
+2.0333333E+00,+8.9324517E-03
+2.0392892E+00,+8.9297527E-03
+2.0452452E+00,+8.9270743E-03
+2.0512011E+00,+8.9244181E-03
+2.0571570E+00,+8.9217843E-03
+2.0631132E+00,+8.9191711E-03
+2.0690691E+00,+8.9165801E-03
+2.0706704E+00,+8.9158872E-03
+2.0750251E+00,+8.9140106E-03
+2.0809810E+00,+8.9114634E-03
+2.0869370E+00,+8.9089377E-03
+2.0928929E+00,+8.9064343E-03
+2.0988488E+00,+8.9039523E-03
+2.1048048E+00,+8.9014918E-03
+2.1107607E+00,+8.8990536E-03
+2.1167166E+00,+8.8966377E-03
+2.1226726E+00,+8.8942433E-03
+2.1286287E+00,+8.8918703E-03
+2.1345847E+00,+8.8895196E-03
+2.1405406E+00,+8.8871904E-03
+2.1464965E+00,+8.8848835E-03
+2.1524525E+00,+8.8825980E-03
+2.1584084E+00,+8.8803349E-03
+2.1643643E+00,+8.8780932E-03
+2.1703203E+00,+8.8758739E-03
+2.1732657E+00,+8.8747842E-03
+2.1762762E+00,+8.8736759E-03
+2.1822321E+00,+8.8714994E-03
+2.1881881E+00,+8.8693453E-03
+2.1941442E+00,+8.8672126E-03
+2.2001002E+00,+8.8651013E-03
+2.2060561E+00,+8.8630123E-03
+2.2120121E+00,+8.8609448E-03
+2.2179680E+00,+8.8588987E-03
+2.2239239E+00,+8.8568740E-03
+2.2298799E+00,+8.8548707E-03
+2.2358358E+00,+8.8528898E-03
+2.2417917E+00,+8.8509303E-03
+2.2477477E+00,+8.8489912E-03
+2.2537036E+00,+8.8470746E-03
+2.2596598E+00,+8.8451793E-03
+2.2656157E+00,+8.8433055E-03
+2.2715716E+00,+8.8414522E-03
+2.2775276E+00,+8.8396212E-03
+2.2809441E+00,+8.8385800E-03
+2.2834835E+00,+8.8378107E-03
+2.2894394E+00,+8.8360216E-03
+2.2953954E+00,+8.8342540E-03
+2.3013513E+00,+8.8325068E-03
+2.3073072E+00,+8.8307811E-03
+2.3132632E+00,+8.8290768E-03
+2.3192191E+00,+8.8273929E-03
+2.3251753E+00,+8.8257296E-03
+2.3311312E+00,+8.8240877E-03
+2.3370872E+00,+8.8224662E-03
+2.3430431E+00,+8.8208662E-03
+2.3489990E+00,+8.8192858E-03
+2.3549550E+00,+8.8177267E-03
+2.3609109E+00,+8.8161882E-03
+2.3668668E+00,+8.8146701E-03
+2.3728228E+00,+8.8131726E-03
+2.3787787E+00,+8.8116955E-03
+2.3847346E+00,+8.8102389E-03
+2.3906908E+00,+8.8088019E-03
+2.3939576E+00,+8.8080224E-03
+2.3966467E+00,+8.8073853E-03
+2.4026027E+00,+8.8059893E-03
+2.4085586E+00,+8.8046137E-03
+2.4145145E+00,+8.8032577E-03
+2.4204705E+00,+8.8019213E-03
+2.4264264E+00,+8.8006053E-03
+2.4323823E+00,+8.7993089E-03
+2.4383383E+00,+8.7980321E-03
+2.4442942E+00,+8.7967757E-03
+2.4502501E+00,+8.7955380E-03
+2.4562063E+00,+8.7943207E-03
+2.4621623E+00,+8.7931221E-03
+2.4681182E+00,+8.7919440E-03
+2.4740741E+00,+8.7907845E-03
+2.4800301E+00,+8.7896446E-03
+2.4859860E+00,+8.7885242E-03
+2.4919419E+00,+8.7874224E-03
+2.4978979E+00,+8.7863393E-03
+2.5038538E+00,+8.7852757E-03
+2.5098097E+00,+8.7842317E-03
+2.5125706E+00,+8.7837540E-03
+2.5157657E+00,+8.7832063E-03
+2.5217218E+00,+8.7821987E-03
+2.5276778E+00,+8.7812105E-03
+2.5336337E+00,+8.7802410E-03
+2.5395896E+00,+8.7792901E-03
+2.5455456E+00,+8.7783579E-03
+2.5515015E+00,+8.7774443E-03
+2.5574574E+00,+8.7765483E-03
+2.5634134E+00,+8.7756710E-03
+2.5693693E+00,+8.7748123E-03
+2.5753253E+00,+8.7739713E-03
+2.5812812E+00,+8.7731481E-03
+2.5872371E+00,+8.7723434E-03
+2.5931933E+00,+8.7715564E-03
+2.5991492E+00,+8.7707872E-03
+2.6051052E+00,+8.7700356E-03
+2.6110611E+00,+8.7693017E-03
+2.6170170E+00,+8.7685855E-03
+2.6229730E+00,+8.7678870E-03
+2.6289289E+00,+8.7672053E-03
+2.6348848E+00,+8.7665413E-03
+2.6370606E+00,+8.7663028E-03
+2.6408408E+00,+8.7658949E-03
+2.6467967E+00,+8.7652653E-03
+2.6527526E+00,+8.7646535E-03
+2.6587088E+00,+8.7640574E-03
+2.6646647E+00,+8.7634800E-03
+2.6706207E+00,+8.7629184E-03
+2.6765766E+00,+8.7623736E-03
+2.6825325E+00,+8.7618455E-03
+2.6884885E+00,+8.7613352E-03
+2.6944444E+00,+8.7608397E-03
+2.7004004E+00,+8.7603619E-03
+2.7063563E+00,+8.7599000E-03
+2.7123122E+00,+8.7594548E-03
+2.7182682E+00,+8.7590264E-03
+2.7242243E+00,+8.7586129E-03
+2.7301803E+00,+8.7582162E-03
+2.7361362E+00,+8.7578353E-03
+2.7420921E+00,+8.7574711E-03
+2.7480481E+00,+8.7571219E-03
+2.7540040E+00,+8.7567884E-03
+2.7599599E+00,+8.7564718E-03
+2.7659159E+00,+8.7561700E-03
+2.7677188E+00,+8.7560816E-03
+2.7718718E+00,+8.7558832E-03
+2.7778277E+00,+8.7556122E-03
+2.7837837E+00,+8.7553570E-03
+2.7897398E+00,+8.7551177E-03
+2.7956958E+00,+8.7548923E-03
+2.8016517E+00,+8.7546827E-03
+2.8076077E+00,+8.7544881E-03
+2.8135636E+00,+8.7543083E-03
+2.8195195E+00,+8.7541435E-03
+2.8254755E+00,+8.7539945E-03
+2.8314314E+00,+8.7538585E-03
+2.8373873E+00,+8.7537384E-03
+2.8433433E+00,+8.7536331E-03
+2.8492992E+00,+8.7535419E-03
+2.8552554E+00,+8.7534646E-03
+2.8612113E+00,+8.7534022E-03
+2.8671672E+00,+8.7533537E-03
+2.8731232E+00,+8.7533202E-03
+2.8790791E+00,+8.7533006E-03
+2.8850350E+00,+8.7532951E-03
+2.8909910E+00,+8.7533025E-03
+2.8969469E+00,+8.7533249E-03
+2.9029028E+00,+8.7533612E-03
+2.9048505E+00,+8.7533761E-03
+2.9088588E+00,+8.7534105E-03
+2.9148147E+00,+8.7534739E-03
+2.9207709E+00,+8.7535512E-03
+2.9267268E+00,+8.7536415E-03
+2.9326828E+00,+8.7537458E-03
+2.9386387E+00,+8.7538632E-03
+2.9445946E+00,+8.7539935E-03
+2.9505506E+00,+8.7541370E-03
+2.9565065E+00,+8.7542944E-03
+2.9624624E+00,+8.7544639E-03
+2.9684184E+00,+8.7546473E-03
+2.9743743E+00,+8.7548429E-03
+2.9803302E+00,+8.7550515E-03
+2.9862864E+00,+8.7552732E-03
+2.9922423E+00,+8.7555069E-03
+2.9981983E+00,+8.7557537E-03
+3.0041542E+00,+8.7560127E-03
+3.0101101E+00,+8.7562846E-03
+3.0160661E+00,+8.7565687E-03
+3.0220220E+00,+8.7568657E-03
+3.0279779E+00,+8.7571740E-03
+3.0339339E+00,+8.7574944E-03
+3.0398898E+00,+8.7578278E-03
+3.0458457E+00,+8.7581724E-03
+3.0487766E+00,+8.7583466E-03
+3.0518019E+00,+8.7585291E-03
+3.0577579E+00,+8.7588979E-03
+3.0637138E+00,+8.7592779E-03
+3.0696697E+00,+8.7596709E-03
+3.0756257E+00,+8.7600742E-03
+3.0815816E+00,+8.7604895E-03
+3.0875375E+00,+8.7609161E-03
+3.0934935E+00,+8.7613547E-03
+3.0994494E+00,+8.7618046E-03
+3.1054053E+00,+8.7622656E-03
+3.1113613E+00,+8.7627377E-03
+3.1173172E+00,+8.7632211E-03
+3.1232734E+00,+8.7637147E-03
+3.1292293E+00,+8.7642204E-03
+3.1351852E+00,+8.7647364E-03
+3.1411412E+00,+8.7652635E-03
+3.1470971E+00,+8.7658018E-03
+3.1530530E+00,+8.7663503E-03
+3.1590090E+00,+8.7669091E-03
+3.1649649E+00,+8.7674791E-03
+3.1709208E+00,+8.7680593E-03
+3.1768768E+00,+8.7686507E-03
+3.1828327E+00,+8.7692514E-03
+3.1887889E+00,+8.7698633E-03
+3.1947448E+00,+8.7704845E-03
+3.1998341E+00,+8.7710237E-03
+3.2007008E+00,+8.7711168E-03
+3.2066567E+00,+8.7717585E-03
+3.2126126E+00,+8.7724105E-03
+3.2185686E+00,+8.7730717E-03
+3.2245245E+00,+8.7737441E-03
+3.2304804E+00,+8.7744258E-03
+3.2364364E+00,+8.7751169E-03
+3.2423923E+00,+8.7758182E-03
+3.2483482E+00,+8.7765288E-03
+3.2543044E+00,+8.7772487E-03
+3.2602603E+00,+8.7779779E-03
+3.2662163E+00,+8.7787174E-03
+3.2721722E+00,+8.7794662E-03
+3.2781281E+00,+8.7802233E-03
+3.2840841E+00,+8.7809907E-03
+3.2900400E+00,+8.7817665E-03
+3.2959960E+00,+8.7825516E-03
+3.3019519E+00,+8.7833460E-03
+3.3079078E+00,+8.7841488E-03
+3.3138638E+00,+8.7849610E-03
+3.3198199E+00,+8.7857824E-03
+3.3257759E+00,+8.7866122E-03
+3.3317318E+00,+8.7874504E-03
+3.3376877E+00,+8.7882970E-03
+3.3436437E+00,+8.7891528E-03
+3.3495996E+00,+8.7900171E-03
+3.3555555E+00,+8.7908898E-03
+3.3583758E+00,+8.7913061E-03
+3.3615115E+00,+8.7917708E-03
+3.3674674E+00,+8.7926602E-03
+3.3734233E+00,+8.7935580E-03
+3.3793793E+00,+8.7944632E-03
+3.3853354E+00,+8.7953769E-03
+3.3912914E+00,+8.7962998E-03
+3.3972473E+00,+8.7972293E-03
+3.4032032E+00,+8.7981671E-03
+3.4091592E+00,+8.7991133E-03
+3.4151151E+00,+8.8000670E-03
+3.4210711E+00,+8.8010291E-03
+3.4270270E+00,+8.8019976E-03
+3.4329829E+00,+8.8029746E-03
+3.4389389E+00,+8.8039590E-03
+3.4448948E+00,+8.8049518E-03
+3.4508510E+00,+8.8059511E-03
+3.4568069E+00,+8.8069579E-03
+3.4627628E+00,+8.8079721E-03
+3.4687188E+00,+8.8089937E-03
+3.4746747E+00,+8.8100228E-03
+3.4806306E+00,+8.8110594E-03
+3.4865866E+00,+8.8121025E-03
+3.4925425E+00,+8.8131530E-03
+3.4984984E+00,+8.8142101E-03
+3.5044544E+00,+8.8152746E-03
+3.5104103E+00,+8.8163456E-03
+3.5163665E+00,+8.8174241E-03
+3.5223224E+00,+8.8185081E-03
+3.5247726E+00,+8.8189570E-03
+3.5282784E+00,+8.8195996E-03
+3.5342343E+00,+8.8206986E-03
+3.5401902E+00,+8.8218031E-03
+3.5461462E+00,+8.8229151E-03
+3.5521021E+00,+8.8240327E-03
+3.5580580E+00,+8.8251568E-03
+3.5640140E+00,+8.8262884E-03
+3.5699699E+00,+8.8274255E-03
+3.5759258E+00,+8.8285692E-03
+3.5818820E+00,+8.8297185E-03
+3.5878379E+00,+8.8308742E-03
+3.5937939E+00,+8.8320365E-03
+3.5997498E+00,+8.8332044E-03
+3.6057057E+00,+8.8343788E-03
+3.6116617E+00,+8.8355588E-03
+3.6176176E+00,+8.8367453E-03
+3.6235735E+00,+8.8379374E-03
+3.6295295E+00,+8.8391351E-03
+3.6354854E+00,+8.8403383E-03
+3.6414413E+00,+8.8415481E-03
+3.6473973E+00,+8.8427626E-03
+3.6533535E+00,+8.8439835E-03
+3.6593094E+00,+8.8452101E-03
+3.6652653E+00,+8.8464413E-03
+3.6712213E+00,+8.8476781E-03
+3.6771772E+00,+8.8489214E-03
+3.6831331E+00,+8.8501684E-03
+3.6890891E+00,+8.8514220E-03
+3.6950450E+00,+8.8526802E-03
+3.6994140E+00,+8.8536069E-03
+3.7010009E+00,+8.8539440E-03
+3.7069569E+00,+8.8552134E-03
+3.7129128E+00,+8.8564865E-03
+3.7188690E+00,+8.8577662E-03
+3.7248249E+00,+8.8590505E-03
+3.7307808E+00,+8.8603394E-03
+3.7367368E+00,+8.8616330E-03
+3.7426927E+00,+8.8629313E-03
+3.7486486E+00,+8.8642351E-03
+3.7546046E+00,+8.8655436E-03
+3.7605605E+00,+8.8668568E-03
+3.7665164E+00,+8.8681746E-03
+3.7724724E+00,+8.8694971E-03
+3.7784283E+00,+8.8708242E-03
+3.7843845E+00,+8.8721551E-03
+3.7903404E+00,+8.8734915E-03
+3.7962964E+00,+8.8748317E-03
+3.8022523E+00,+8.8761766E-03
+3.8082082E+00,+8.8775260E-03
+3.8141642E+00,+8.8788792E-03
+3.8201201E+00,+8.8802371E-03
+3.8260760E+00,+8.8815996E-03
+3.8320320E+00,+8.8829659E-03
+3.8379879E+00,+8.8843359E-03
+3.8439438E+00,+8.8857105E-03
+3.8499000E+00,+8.8870889E-03
+3.8558559E+00,+8.8884709E-03
+3.8618119E+00,+8.8898577E-03
+3.8677678E+00,+8.8912481E-03
+3.8737237E+00,+8.8926423E-03
+3.8796797E+00,+8.8940402E-03
+3.8827083E+00,+8.8947527E-03
+3.8856356E+00,+8.8954419E-03
+3.8915915E+00,+8.8968473E-03
+3.8975475E+00,+8.8982563E-03
+3.9035034E+00,+8.8996692E-03
+3.9094594E+00,+8.9010857E-03
+3.9154155E+00,+8.9025060E-03
+3.9213715E+00,+8.9039290E-03
+3.9273274E+00,+8.9053567E-03
+3.9332833E+00,+8.9067873E-03
+3.9392393E+00,+8.9082206E-03
+3.9451952E+00,+8.9096576E-03
+3.9511511E+00,+8.9110984E-03
+3.9571071E+00,+8.9125419E-03
+3.9630630E+00,+8.9139892E-03
+3.9690189E+00,+8.9154392E-03
+3.9749749E+00,+8.9168930E-03
+3.9809310E+00,+8.9183496E-03
+3.9868870E+00,+8.9198090E-03
+3.9928429E+00,+8.9212712E-03
+3.9987988E+00,+8.9227371E-03
+4.0047545E+00,+8.9242058E-03
+4.0107107E+00,+8.9256773E-03
+4.0166669E+00,+8.9271516E-03
+4.0226226E+00,+8.9286286E-03
+4.0285788E+00,+8.9301085E-03
+4.0345345E+00,+8.9315912E-03
+4.0404906E+00,+8.9330766E-03
+4.0464463E+00,+8.9345649E-03
+4.0524025E+00,+8.9360559E-03
+4.0583582E+00,+8.9375488E-03
+4.0643144E+00,+8.9390446E-03
+4.0702701E+00,+8.9405430E-03
+4.0750842E+00,+8.9417566E-03
+4.0762262E+00,+8.9420443E-03
+4.0821824E+00,+8.9435475E-03
+4.0881381E+00,+8.9450534E-03
+4.0940943E+00,+8.9465622E-03
+4.1000500E+00,+8.9480728E-03
+4.1060061E+00,+8.9495853E-03
+4.1119618E+00,+8.9511005E-03
+4.1179180E+00,+8.9526176E-03
+4.1238737E+00,+8.9541376E-03
+4.1298299E+00,+8.9556593E-03
+4.1357856E+00,+8.9571830E-03
+4.1417418E+00,+8.9587094E-03
+4.1476979E+00,+8.9602377E-03
+4.1536536E+00,+8.9617679E-03
+4.1596098E+00,+8.9632999E-03
+4.1655655E+00,+8.9648338E-03
+4.1715217E+00,+8.9663696E-03
+4.1774774E+00,+8.9679072E-03
+4.1834335E+00,+8.9694476E-03
+4.1893892E+00,+8.9709889E-03
+4.1953454E+00,+8.9725321E-03
+4.2013011E+00,+8.9740772E-03
+4.2072573E+00,+8.9756241E-03
+4.2132134E+00,+8.9771729E-03
+4.2191691E+00,+8.9787226E-03
+4.2251253E+00,+8.9802742E-03
+4.2310810E+00,+8.9818276E-03
+4.2370372E+00,+8.9833830E-03
+4.2429929E+00,+8.9849392E-03
+4.2489491E+00,+8.9864973E-03
+4.2549047E+00,+8.9880563E-03
+4.2608609E+00,+8.9896172E-03
+4.2668166E+00,+8.9911791E-03
+4.2727728E+00,+8.9927427E-03
+4.2769918E+00,+8.9938510E-03
+4.2787290E+00,+8.9943074E-03
+4.2846847E+00,+8.9958739E-03
+4.2906408E+00,+8.9974413E-03
+4.2965965E+00,+8.9990105E-03
+4.3025527E+00,+9.0005798E-03
+4.3085084E+00,+9.0021510E-03
+4.3144646E+00,+9.0037230E-03
+4.3204203E+00,+9.0052970E-03
+4.3263764E+00,+9.0068709E-03
+4.3323321E+00,+9.0084467E-03
+4.3382883E+00,+9.0100234E-03
+4.3442445E+00,+9.0116002E-03
+4.3502002E+00,+9.0131788E-03
+4.3561563E+00,+9.0147583E-03
+4.3621120E+00,+9.0163387E-03
+4.3680682E+00,+9.0179201E-03
+4.3740239E+00,+9.0195015E-03
+4.3799801E+00,+9.0210848E-03
+4.3859358E+00,+9.0226680E-03
+4.3918920E+00,+9.0242531E-03
+4.3978477E+00,+9.0258382E-03
+4.4038038E+00,+9.0274233E-03
+4.4097595E+00,+9.0290103E-03
+4.4157157E+00,+9.0305973E-03
+4.4216719E+00,+9.0321852E-03
+4.4276276E+00,+9.0337740E-03
+4.4335837E+00,+9.0353629E-03
+4.4395394E+00,+9.0369517E-03
+4.4454956E+00,+9.0385424E-03
+4.4514513E+00,+9.0401322E-03
+4.4574075E+00,+9.0417238E-03
+4.4633632E+00,+9.0433145E-03
+4.4693193E+00,+9.0449061E-03
+4.4752750E+00,+9.0464987E-03
+4.4812312E+00,+9.0480912E-03
+4.4871874E+00,+9.0496838E-03
+4.4889035E+00,+9.0501430E-03
+4.4931431E+00,+9.0512773E-03
+4.4990993E+00,+9.0528708E-03
+4.5050550E+00,+9.0544643E-03
+4.5110111E+00,+9.0560578E-03
+4.5169668E+00,+9.0576522E-03
+4.5229230E+00,+9.0592457E-03
+4.5288787E+00,+9.0608401E-03
+4.5348349E+00,+9.0624345E-03
+4.5407906E+00,+9.0640290E-03
+4.5467467E+00,+9.0656234E-03
+4.5527029E+00,+9.0672188E-03
+4.5586586E+00,+9.0688132E-03
+4.5646148E+00,+9.0704076E-03
+4.5705705E+00,+9.0720020E-03
+4.5765266E+00,+9.0735974E-03
+4.5824823E+00,+9.0751918E-03
+4.5884385E+00,+9.0767862E-03
+4.5943942E+00,+9.0783797E-03
+4.6003504E+00,+9.0799741E-03
+4.6063061E+00,+9.0815676E-03
+4.6122622E+00,+9.0831621E-03
+4.6182184E+00,+9.0847556E-03
+4.6241741E+00,+9.0863481E-03
+4.6301303E+00,+9.0879416E-03
+4.6360860E+00,+9.0895342E-03
+4.6420422E+00,+9.0911267E-03
+4.6479979E+00,+9.0927184E-03
+4.6539540E+00,+9.0943100E-03
+4.6599097E+00,+9.0959016E-03
+4.6658659E+00,+9.0974923E-03
+4.6718216E+00,+9.0990830E-03
+4.6777778E+00,+9.1006728E-03
+4.6837339E+00,+9.1022626E-03
+4.6896896E+00,+9.1038514E-03
+4.6956458E+00,+9.1054393E-03
+4.7016015E+00,+9.1070272E-03
+4.7075577E+00,+9.1086151E-03
+4.7113147E+00,+9.1096163E-03
+4.7135134E+00,+9.1102021E-03
+4.7194695E+00,+9.1117881E-03
+4.7254252E+00,+9.1133732E-03
+4.7313814E+00,+9.1149583E-03
+4.7373371E+00,+9.1165425E-03
+4.7432933E+00,+9.1181267E-03
+4.7492495E+00,+9.1197090E-03
+4.7552052E+00,+9.1212913E-03
+4.7611613E+00,+9.1228727E-03
+4.7671170E+00,+9.1244532E-03
+4.7730732E+00,+9.1260327E-03
+4.7790289E+00,+9.1276122E-03
+4.7849851E+00,+9.1291899E-03
+4.7909408E+00,+9.1307675E-03
+4.7968969E+00,+9.1323443E-03
+4.8028526E+00,+9.1339191E-03
+4.8088088E+00,+9.1354940E-03
+4.8147650E+00,+9.1370679E-03
+4.8207207E+00,+9.1386409E-03
+4.8266768E+00,+9.1402121E-03
+4.8326325E+00,+9.1417832E-03
+4.8385887E+00,+9.1433525E-03
+4.8445444E+00,+9.1449218E-03
+4.8505006E+00,+9.1464892E-03
+4.8564563E+00,+9.1480557E-03
+4.8624125E+00,+9.1496212E-03
+4.8683681E+00,+9.1511859E-03
+4.8743243E+00,+9.1527496E-03
+4.8802805E+00,+9.1543114E-03
+4.8862362E+00,+9.1558723E-03
+4.8921924E+00,+9.1574322E-03
+4.8981481E+00,+9.1589913E-03
+4.9041042E+00,+9.1605484E-03
+4.9100599E+00,+9.1621047E-03
+4.9160161E+00,+9.1636600E-03
+4.9219718E+00,+9.1652134E-03
+4.9279280E+00,+9.1667660E-03
+4.9338837E+00,+9.1683166E-03
+4.9398398E+00,+9.1698663E-03
+4.9447455E+00,+9.1711422E-03
+4.9457960E+00,+9.1714151E-03
+4.9517517E+00,+9.1729620E-03
+4.9577079E+00,+9.1745080E-03
+4.9636636E+00,+9.1760522E-03
+4.9696198E+00,+9.1775954E-03
+4.9755754E+00,+9.1791367E-03
+4.9815316E+00,+9.1806771E-03
+4.9874873E+00,+9.1822157E-03
+4.9934435E+00,+9.1837524E-03
+4.9993992E+00,+9.1852881E-03
+5.0053554E+00,+9.1868229E-03
+5.0113115E+00,+9.1883549E-03
+5.0172672E+00,+9.1898860E-03
+5.0232234E+00,+9.1914162E-03
+5.0291791E+00,+9.1929436E-03
+5.0351353E+00,+9.1944700E-03
+5.0410910E+00,+9.1959955E-03
+5.0470471E+00,+9.1975182E-03
+5.0530028E+00,+9.1990400E-03
+5.0589590E+00,+9.2005599E-03
+5.0649147E+00,+9.2020780E-03
+5.0708709E+00,+9.2035942E-03
+5.0768270E+00,+9.2051094E-03
+5.0827827E+00,+9.2066228E-03
+5.0887389E+00,+9.2081344E-03
+5.0946946E+00,+9.2096440E-03
+5.1006508E+00,+9.2111519E-03
+5.1066065E+00,+9.2126578E-03
+5.1125627E+00,+9.2141628E-03
+5.1185184E+00,+9.2156650E-03
+5.1244745E+00,+9.2171663E-03
+5.1304302E+00,+9.2186648E-03
+5.1363864E+00,+9.2201624E-03
+5.1423426E+00,+9.2216572E-03
+5.1482983E+00,+9.2231510E-03
+5.1542544E+00,+9.2246421E-03
+5.1602101E+00,+9.2261322E-03
+5.1661663E+00,+9.2276195E-03
+5.1721220E+00,+9.2291059E-03
+5.1780782E+00,+9.2305895E-03
+5.1840339E+00,+9.2320712E-03
+5.1897421E+00,+9.2334896E-03
+5.1899900E+00,+9.2335520E-03
+5.1959457E+00,+9.2350300E-03
+5.2019019E+00,+9.2365053E-03
+5.2078581E+00,+9.2379795E-03
+5.2138138E+00,+9.2394520E-03
+5.2197700E+00,+9.2409216E-03
+5.2257257E+00,+9.2423894E-03
+5.2316818E+00,+9.2438553E-03
+5.2376375E+00,+9.2453193E-03
+5.2435937E+00,+9.2467815E-03
+5.2495494E+00,+9.2482409E-03
+5.2555056E+00,+9.2496984E-03
+5.2614613E+00,+9.2511540E-03
+5.2674174E+00,+9.2526069E-03
+5.2733736E+00,+9.2540579E-03
+5.2793293E+00,+9.2555070E-03
+5.2852855E+00,+9.2569543E-03
+5.2912412E+00,+9.2583988E-03
+5.2971973E+00,+9.2598414E-03
+5.3031530E+00,+9.2612812E-03
+5.3091092E+00,+9.2627192E-03
+5.3150649E+00,+9.2641553E-03
+5.3210211E+00,+9.2655886E-03
+5.3269768E+00,+9.2670200E-03
+5.3329329E+00,+9.2684496E-03
+5.3388891E+00,+9.2698764E-03
+5.3448448E+00,+9.2713004E-03
+5.3508010E+00,+9.2727225E-03
+5.3567567E+00,+9.2741428E-03
+5.3627129E+00,+9.2755603E-03
+5.3686686E+00,+9.2769759E-03
+5.3746247E+00,+9.2783887E-03
+5.3805804E+00,+9.2797987E-03
+5.3865366E+00,+9.2812069E-03
+5.3924923E+00,+9.2826132E-03
+5.3984485E+00,+9.2840167E-03
+5.4044046E+00,+9.2854174E-03
+5.4103603E+00,+9.2868162E-03
+5.4163165E+00,+9.2882123E-03
+5.4222722E+00,+9.2896065E-03
+5.4282284E+00,+9.2909979E-03
+5.4341841E+00,+9.2923865E-03
+5.4401402E+00,+9.2937732E-03
+5.4460959E+00,+9.2951572E-03
+5.4468775E+00,+9.2953388E-03
+5.4520521E+00,+9.2965383E-03
+5.4580078E+00,+9.2979176E-03
+5.4639640E+00,+9.2992941E-03
+5.4699197E+00,+9.3006687E-03
+5.4758759E+00,+9.3020396E-03
+5.4818320E+00,+9.3034087E-03
+5.4877877E+00,+9.3047749E-03
+5.4937439E+00,+9.3061393E-03
+5.4996996E+00,+9.3075009E-03
+5.5056558E+00,+9.3088597E-03
+5.5116115E+00,+9.3102157E-03
+5.5175676E+00,+9.3115689E-03
+5.5235233E+00,+9.3129203E-03
+5.5294795E+00,+9.3142688E-03
+5.5354352E+00,+9.3156146E-03
+5.5413914E+00,+9.3169576E-03
+5.5473475E+00,+9.3182987E-03
+5.5533032E+00,+9.3196360E-03
+5.5592594E+00,+9.3209716E-03
+5.5652151E+00,+9.3223043E-03
+5.5711713E+00,+9.3236342E-03
+5.5771270E+00,+9.3249613E-03
+5.5830832E+00,+9.3262866E-03
+5.5890388E+00,+9.3276082E-03
+5.5949950E+00,+9.3289278E-03
+5.6009507E+00,+9.3302438E-03
+5.6069069E+00,+9.3315579E-03
+5.6128631E+00,+9.3328692E-03
+5.6188188E+00,+9.3341777E-03
+5.6247749E+00,+9.3354834E-03
+5.6307306E+00,+9.3367863E-03
+5.6366868E+00,+9.3380865E-03
+5.6426425E+00,+9.3393838E-03
+5.6485987E+00,+9.3406783E-03
+5.6545544E+00,+9.3419701E-03
+5.6605105E+00,+9.3432590E-03
+5.6664662E+00,+9.3445452E-03
+5.6724224E+00,+9.3458286E-03
+5.6783786E+00,+9.3471091E-03
+5.6843343E+00,+9.3483869E-03
+5.6902905E+00,+9.3496619E-03
+5.6962461E+00,+9.3509341E-03
+5.7022023E+00,+9.3522035E-03
+5.7081580E+00,+9.3534701E-03
+5.7141142E+00,+9.3547339E-03
+5.7167530E+00,+9.3552927E-03
+5.7200699E+00,+9.3559939E-03
+5.7260261E+00,+9.3572522E-03
+5.7319818E+00,+9.3585066E-03
+5.7379379E+00,+9.3597593E-03
+5.7438941E+00,+9.3610082E-03
+5.7498498E+00,+9.3622543E-03
+5.7558060E+00,+9.3634985E-03
+5.7617617E+00,+9.3647391E-03
+5.7677178E+00,+9.3659759E-03
+5.7736735E+00,+9.3672108E-03
+5.7796297E+00,+9.3684429E-03
+5.7855854E+00,+9.3696713E-03
+5.7915416E+00,+9.3708970E-03
+5.7974973E+00,+9.3721198E-03
+5.8034534E+00,+9.3733398E-03
+5.8094096E+00,+9.3745571E-03
+5.8153653E+00,+9.3757715E-03
+5.8213215E+00,+9.3769822E-03
+5.8272772E+00,+9.3781902E-03
+5.8332334E+00,+9.3793953E-03
+5.8391891E+00,+9.3805976E-03
+5.8451452E+00,+9.3817962E-03
+5.8511009E+00,+9.3829930E-03
+5.8570571E+00,+9.3841860E-03
+5.8630128E+00,+9.3853753E-03
+5.8689690E+00,+9.3865627E-03
+5.8749251E+00,+9.3877465E-03
+5.8808808E+00,+9.3889274E-03
+5.8868370E+00,+9.3901055E-03
+5.8927927E+00,+9.3912808E-03
+5.8987489E+00,+9.3924524E-03
+5.9047046E+00,+9.3936212E-03
+5.9106607E+00,+9.3947863E-03
+5.9166164E+00,+9.3959495E-03
+5.9225726E+00,+9.3971090E-03
+5.9285283E+00,+9.3982657E-03
+5.9344845E+00,+9.3994187E-03
+5.9404407E+00,+9.4005689E-03
+5.9463964E+00,+9.4017163E-03
+5.9523525E+00,+9.4028609E-03
+5.9583082E+00,+9.4040018E-03
+5.9642644E+00,+9.4051389E-03
+5.9702201E+00,+9.4062742E-03
+5.9761763E+00,+9.4074057E-03
+5.9821320E+00,+9.4085345E-03
+5.9880881E+00,+9.4096595E-03
+5.9940438E+00,+9.4107818E-03
+6.0000000E+00,+9.4119012E-03
