+5.0000000E-02,+7.5159612E+00,-5.7301162E+01
+5.5950000E-02,+6.1982414E+00,-6.3192180E+01
+6.1900000E-02,+4.8554250E+00,-6.8773934E+01
+6.7850000E-02,+3.5059628E+00,-7.3924696E+01
+7.3800000E-02,+2.1653472E+00,-7.8208597E+01
+7.9750000E-02,+8.4922989E-01,-7.8461191E+01
+8.5700000E-02,+4.6830963E-01,+7.2449138E+01
+9.1650000E-02,+1.7091521E+00,+7.8582061E+01
+9.7600000E-02,+2.9153572E+00,+7.5328290E+01
+1.0355000E-01,+4.0721710E+00,+7.1155790E+01
+1.0950000E-01,+5.1745666E+00,+6.6768680E+01
+1.1545000E-01,+6.2192389E+00,+6.2339304E+01
+1.2140000E-01,+7.2040461E+00,+5.7925296E+01
+1.2735000E-01,+8.1277297E+00,+5.3546254E+01
+1.3330000E-01,+8.9896079E+00,+4.9205388E+01
+1.3925000E-01,+9.7892328E+00,+4.4897604E+01
+1.4520000E-01,+1.0526055E+01,+4.0613331E+01
+1.5115000E-01,+1.1199142E+01,+3.6340774E+01
+1.5710000E-01,+1.1806989E+01,+3.2067401E+01
+1.6305000E-01,+1.2347438E+01,+2.7780955E+01
+1.6900000E-01,+1.2817697E+01,+2.3470063E+01
+1.7495000E-01,+1.3214464E+01,+1.9124439E+01
+1.8090000E-01,+1.3534085E+01,+1.4734668E+01
+1.8685000E-01,+1.3772717E+01,+1.0291559E+01
+1.9280000E-01,+1.3926405E+01,+5.7851286E+00
+1.9875000E-01,+1.3991002E+01,+1.2033460E+00
+2.0470000E-01,+1.3961882E+01,-3.4690435E+00
+2.1065000E-01,+1.3833464E+01,-8.2512427E+00
+2.1660000E-01,+1.3598635E+01,-1.3166231E+01
+2.2255000E-01,+1.3248294E+01,-1.8239356E+01
+2.2850000E-01,+1.2771233E+01,-2.3495567E+01
+2.3445000E-01,+1.2154610E+01,-2.8955369E+01
+2.4040000E-01,+1.1385128E+01,-3.4629718E+01
+2.4635000E-01,+1.0450906E+01,-4.0513682E+01
+2.5230000E-01,+9.3438103E+00,-4.6577562E+01
+2.5825000E-01,+8.0619419E+00,-5.2750701E+01
+2.6420000E-01,+6.6119309E+00,-5.8882418E+01
+2.7015000E-01,+5.0109250E+00,-6.4619749E+01
+2.7610000E-01,+3.2894769E+00,-6.8876145E+01
+2.8205000E-01,+1.5111702E+00,-6.5469996E+01
+2.8800000E-01,+6.8913085E-01,+3.8565103E+01
+2.9395000E-01,+2.3936062E+00,+6.6860217E+01
+2.9990000E-01,+4.2014391E+00,+6.4579639E+01
+3.0585000E-01,+5.9291624E+00,+5.9033054E+01
+3.1180000E-01,+7.5242640E+00,+5.2604105E+01
+3.1775000E-01,+8.9508799E+00,+4.5913723E+01
+3.2370000E-01,+1.0185466E+01,+3.9215221E+01
+3.2965000E-01,+1.1216517E+01,+3.2640338E+01
+3.3560000E-01,+1.2043751E+01,+2.6264908E+01
+3.4155000E-01,+1.2676208E+01,+2.0130514E+01
+3.4750000E-01,+1.3129407E+01,+1.4253075E+01
+3.5345000E-01,+1.3422052E+01,+8.6279003E+00
+3.5940000E-01,+1.3572882E+01,+3.2347509E+00
+3.6535000E-01,+1.3598315E+01,-1.9560119E+00
+3.7130000E-01,+1.3511277E+01,-6.9766260E+00
+3.7725000E-01,+1.3321292E+01,-1.1855755E+01
+3.8320000E-01,+1.3035521E+01,-1.6614379E+01
+3.8915000E-01,+1.2660158E+01,-2.1264658E+01
+3.9510000E-01,+1.2201609E+01,-2.5811756E+01
+4.0105000E-01,+1.1666995E+01,-3.0257715E+01
+4.0700000E-01,+1.1063869E+01,-3.4605867E+01
+4.1295000E-01,+1.0399363E+01,-3.8864055E+01
+4.1890000E-01,+9.6791699E+00,-4.3045160E+01
+4.2485000E-01,+8.9068684E+00,-4.7164010E+01
+4.3080000E-01,+8.0839336E+00,-5.1230489E+01
+4.3675000E-01,+7.2105044E+00,-5.5238996E+01
+4.4270000E-01,+6.2866882E+00,-5.9153285E+01
+4.4865000E-01,+5.3139931E+00,-6.2881097E+01
+4.5460000E-01,+4.2965261E+00,-6.6217575E+01
+4.6055000E-01,+3.2420216E+00,-6.8676571E+01
+4.6650000E-01,+2.1645386E+00,-6.8804778E+01
+4.7245000E-01,+1.1057955E+00,-5.9572369E+01
+4.7840000E-01,+5.4118452E-01,+1.5402804E+01
+4.8435000E-01,+1.4136595E+00,+6.1568485E+01
+4.9030000E-01,+2.5277177E+00,+6.6308897E+01
+4.9625000E-01,+3.6707786E+00,+6.5040099E+01
+5.0220000E-01,+4.8186909E+00,+6.1887757E+01
+5.0815000E-01,+5.9600574E+00,+5.7821642E+01
+5.1410000E-01,+7.0827668E+00,+5.3166169E+01
+5.2005000E-01,+8.1708729E+00,+4.8053930E+01
+5.2600000E-01,+9.2037861E+00,+4.2551036E+01
+5.3195000E-01,+1.0156672E+01,+3.6700501E+01
+5.3790000E-01,+1.1001659E+01,+3.0538690E+01
+5.4385000E-01,+1.1709527E+01,+2.4101446E+01
+5.4980000E-01,+1.2251614E+01,+1.7426145E+01
+5.5575000E-01,+1.2601717E+01,+1.0552463E+01
+5.6170000E-01,+1.2737882E+01,+3.5231491E+00
+5.6765000E-01,+1.2644007E+01,-3.6144989E+00
+5.7360000E-01,+1.2311238E+01,-1.0806000E+01
+5.7955000E-01,+1.1739131E+01,-1.7985306E+01
+5.8550000E-01,+1.0936507E+01,-2.5067499E+01
+5.9145000E-01,+9.9219572E+00,-3.1935979E+01
+5.9740000E-01,+8.7239293E+00,-3.8417929E+01
+6.0335000E-01,+7.3805114E+00,-4.4231939E+01
+6.0930000E-01,+5.9394947E+00,-4.8860836E+01
+6.1525000E-01,+4.4610804E+00,-5.1190380E+01
+6.2120000E-01,+3.0338610E+00,-4.8270526E+01
+6.2715000E-01,+1.8630865E+00,-3.0727132E+01
+6.3310000E-01,+1.5666273E+00,+1.3059092E+01
+6.3905000E-01,+2.3481587E+00,+4.1942479E+01
+6.4500000E-01,+3.4365946E+00,+5.0191781E+01
+6.5095000E-01,+4.5277795E+00,+5.1437530E+01
+6.5690000E-01,+5.5577069E+00,+5.0177081E+01
+6.6285000E-01,+6.5180592E+00,+4.7870272E+01
+6.6880000E-01,+7.4156272E+00,+4.5047362E+01
+6.7475000E-01,+8.2585166E+00,+4.1897890E+01
+6.8070000E-01,+9.0496291E+00,+3.8479191E+01
+6.8665000E-01,+9.7843034E+00,+3.4807494E+01
+6.9260000E-01,+1.0451200E+01,+3.0899974E+01
+6.9855000E-01,+1.1035311E+01,+2.6790129E+01
+7.0450000E-01,+1.1521667E+01,+2.2527757E+01
+7.1045000E-01,+1.1898464E+01,+1.8171376E+01
+7.1640000E-01,+1.2158722E+01,+1.3778674E+01
+7.2235000E-01,+1.2300212E+01,+9.3986652E+00
+7.2830000E-01,+1.2323927E+01,+5.0679374E+00
+7.3425000E-01,+1.2231839E+01,+8.1244706E-01
+7.4020000E-01,+1.2024941E+01,-3.3446382E+00
+7.4615000E-01,+1.1702541E+01,-7.3696826E+00
+7.5210000E-01,+1.1263399E+01,-1.1201534E+01
+7.5805000E-01,+1.0708761E+01,-1.4732617E+01
+7.6400000E-01,+1.0046828E+01,-1.7789800E+01
+7.6995000E-01,+9.2979111E+00,-2.0117183E+01
+7.7590000E-01,+8.4994376E+00,-2.1367806E+01
+7.8185000E-01,+7.7097091E+00,-2.1126846E+01
+7.8780000E-01,+7.0078965E+00,-1.9019470E+01
+7.9375000E-01,+6.4845026E+00,-1.4969528E+01
+7.9970000E-01,+6.2150933E+00,-9.5364218E+00
+8.0565000E-01,+6.2233935E+00,-3.9233206E+00
+8.1160000E-01,+6.4650262E+00,+6.3522490E-01
+8.1755000E-01,+6.8525344E+00,+3.5206738E+00
+8.2350000E-01,+7.2960771E+00,+4.7682335E+00
+8.2945000E-01,+7.7279897E+00,+4.7340722E+00
+8.3540000E-01,+8.1078117E+00,+3.8205058E+00
+8.4135000E-01,+8.4174134E+00,+2.3557582E+00
+8.4730000E-01,+8.6531982E+00,+5.6711380E-01
+8.5325000E-01,+8.8184991E+00,-1.4067264E+00
+8.5920000E-01,+8.9176836E+00,-3.4886596E+00
+8.6515000E-01,+8.9528816E+00,-5.6320731E+00
+8.7110000E-01,+8.9236136E+00,-7.7925859E+00
+8.7705000E-01,+8.8287939E+00,-9.9084090E+00
+8.8300000E-01,+8.6699071E+00,-1.1892786E+01
+8.8895000E-01,+8.4539227E+00,-1.3639099E+01
+8.9490000E-01,+8.1947188E+00,-1.5037157E+01
+9.0085000E-01,+7.9122833E+00,-1.5997648E+01
+9.0680000E-01,+7.6296019E+00,-1.6479248E+01
+9.1275000E-01,+7.3679234E+00,-1.6508510E+01
+9.1870000E-01,+7.1419215E+00,-1.6180043E+01
+9.2465000E-01,+6.9567374E+00,-1.5629987E+01
+9.3060000E-01,+6.8083577E+00,-1.4991299E+01
+9.3655000E-01,+6.6871864E+00,-1.4353322E+01
+9.4250000E-01,+6.5830053E+00,-1.3746248E+01
+9.4845000E-01,+6.4889857E+00,-1.3154704E+01
+9.5440000E-01,+6.4031961E+00,-1.2548824E+01
+9.6035000E-01,+6.3274003E+00,-1.1915304E+01
+9.6630000E-01,+6.2641265E+00,-1.1273643E+01
+9.7225000E-01,+6.2136367E+00,-1.0670738E+01
+9.7820000E-01,+6.1723467E+00,-1.0157953E+01
+9.8415000E-01,+6.1334197E+00,-9.7640554E+00
+9.9010000E-01,+6.0890930E+00,-9.4787852E+00
+9.9605000E-01,+6.0334696E+00,-9.2544165E+00
+1.0020000E+00,+5.9644293E+00,-9.0227982E+00
+1.0079500E+00,+5.8838556E+00,-8.7191157E+00
+1.0139000E+00,+5.7961746E+00,-8.3019719E+00
+1.0198500E+00,+5.7059429E+00,-7.7609526E+00
+1.0258000E+00,+5.6156708E+00,-7.1075029E+00
+1.0317500E+00,+5.5250207E+00,-6.3526532E+00
+1.0377000E+00,+5.4318798E+00,-5.4827302E+00
+1.0436500E+00,+5.3348694E+00,-4.4465296E+00
+1.0496000E+00,+5.2361107E+00,-3.1628823E+00
+1.0555500E+00,+5.1428744E+00,-1.5493667E+00
+1.0615000E+00,+5.0671022E+00,+4.3581790E-01
+1.0674500E+00,+5.0225827E+00,+2.7558257E+00
+1.0734000E+00,+5.0206809E+00,+5.2839879E+00
+1.0793500E+00,+5.0665634E+00,+7.8346283E+00
+1.0853000E+00,+5.1579664E+00,+1.0224392E+01
+1.0912500E+00,+5.2871690E+00,+1.2327699E+01
+1.0972000E+00,+5.4448527E+00,+1.4094837E+01
+1.1031500E+00,+5.6235644E+00,+1.5530988E+01
+1.1091000E+00,+5.8190786E+00,+1.6658277E+01
+1.1150500E+00,+6.0293216E+00,+1.7485827E+01
+1.1210000E+00,+6.2517854E+00,+1.8001866E+01
+1.1269500E+00,+6.4810402E+00,+1.8187681E+01
+1.1329000E+00,+6.7078264E+00,+1.8041998E+01
+1.1388500E+00,+6.9203632E+00,+1.7600918E+01
+1.1448000E+00,+7.1074302E+00,+1.6943379E+01
+1.1507500E+00,+7.2620294E+00,+1.6180279E+01
+1.1567000E+00,+7.3842307E+00,+1.5430949E+01
+1.1626500E+00,+7.4820257E+00,+1.4792832E+01
+1.1686000E+00,+7.5695047E+00,+1.4311802E+01
+1.1745500E+00,+7.6624556E+00,+1.3963555E+01
+1.1805000E+00,+7.7725761E+00,+1.3657624E+01
+1.1864500E+00,+7.9024903E+00,+1.3268803E+01
+1.1924000E+00,+8.0438558E+00,+1.2685741E+01
+1.1983500E+00,+8.1795783E+00,+1.1854916E+01
+1.2043000E+00,+8.2892614E+00,+1.0801766E+01
+1.2102500E+00,+8.3558042E+00,+9.6253647E+00
+1.2162000E+00,+8.3710643E+00,+8.4742040E+00
+1.2221500E+00,+8.3391700E+00,+7.5118925E+00
+1.2281000E+00,+8.2767290E+00,+6.8777929E+00
+1.2340500E+00,+8.2096506E+00,+6.6466233E+00
+1.2400000E+00,+8.1668935E+00,+6.7963415E+00
+1.2459500E+00,+8.1725125E+00,+7.2009367E+00
+1.2519000E+00,+8.2386577E+00,+7.6619285E+00
+1.2578500E+00,+8.3625012E+00,+7.9715416E+00
+1.2638000E+00,+8.5284118E+00,+7.9765022E+00
+1.2697500E+00,+8.7139514E+00,+7.6108870E+00
+1.2757000E+00,+8.8966478E+00,+6.8905181E+00
+1.2816500E+00,+9.0589641E+00,+5.8838309E+00
+1.2876000E+00,+9.1904183E+00,+4.6785856E+00
+1.2935500E+00,+9.2871303E+00,+3.3564689E+00
+1.2995000E+00,+9.3497578E+00,+1.9796073E+00
+1.3054500E+00,+9.3809660E+00,+5.8828924E-01
+1.3114000E+00,+9.3834232E+00,-7.9322496E-01
+1.3173500E+00,+9.3589204E+00,-2.1472472E+00
+1.3233000E+00,+9.3086698E+00,-3.4542775E+00
+1.3292500E+00,+9.2343384E+00,-4.6892641E+00
+1.3352000E+00,+9.1391058E+00,-5.8237843E+00
+1.3411500E+00,+9.0280903E+00,-6.8328348E+00
+1.3471000E+00,+8.9078196E+00,-7.7029404E+00
+1.3530500E+00,+8.7848892E+00,-8.4374988E+00
+1.3590000E+00,+8.6643625E+00,-9.0561200E+00
+1.3649500E+00,+8.5486532E+00,-9.5872690E+00
+1.3709000E+00,+8.4374550E+00,-1.0056956E+01
+1.3768500E+00,+8.3288109E+00,-1.0478663E+01
+1.3828000E+00,+8.2208617E+00,-1.0849512E+01
+1.3887500E+00,+8.1134736E+00,-1.1154876E+01
+1.3947000E+00,+8.0089764E+00,-1.1379797E+01
+1.4006500E+00,+7.9116130E+00,-1.1522398E+01
+1.4066000E+00,+7.8258545E+00,-1.1603006E+01
+1.4125500E+00,+7.7542752E+00,-1.1663780E+01
+1.4185000E+00,+7.6959538E+00,-1.1757585E+01
+1.4244500E+00,+7.6462041E+00,-1.1930319E+01
+1.4304000E+00,+7.5978405E+00,-1.2204729E+01
+1.4363500E+00,+7.5434730E+00,-1.2573053E+01
+1.4423000E+00,+7.4778763E+00,-1.3001419E+01
+1.4482500E+00,+7.3994825E+00,-1.3443870E+01
+1.4542000E+00,+7.3104093E+00,-1.3860651E+01
+1.4601500E+00,+7.2149842E+00,-1.4234120E+01
+1.4661000E+00,+7.1172860E+00,-1.4575919E+01
+1.4720500E+00,+7.0186552E+00,-1.4921344E+01
+1.4780000E+00,+6.9162322E+00,-1.5311618E+01
+1.4839500E+00,+6.8032264E+00,-1.5770337E+01
+1.4899000E+00,+6.6709161E+00,-1.6283187E+01
+1.4958500E+00,+6.5116893E+00,-1.6788061E+01
+1.5018000E+00,+6.3221135E+00,-1.7178061E+01
+1.5077500E+00,+6.1051002E+00,-1.7316368E+01
+1.5137000E+00,+5.8705425E+00,-1.7061105E+01
+1.5196500E+00,+5.6341289E+00,-1.6298275E+01
+1.5256000E+00,+5.4143747E+00,-1.4977981E+01
+1.5315500E+00,+5.2283900E+00,-1.3142119E+01
+1.5375000E+00,+5.0875739E+00,-1.0925533E+01
+1.5434500E+00,+4.9949401E+00,-8.5191486E+00
+1.5494000E+00,+4.9454148E+00,-6.1070388E+00
+1.5553500E+00,+4.9290119E+00,-3.8109031E+00
+1.5613000E+00,+4.9352600E+00,-1.6705498E+00
+1.5672500E+00,+4.9568518E+00,+3.3699204E-01
+1.5732000E+00,+4.9912495E+00,+2.2577944E+00
+1.5791500E+00,+5.0400797E+00,+4.1223019E+00
+1.5851000E+00,+5.1069564E+00,+5.9225447E+00
+1.5910500E+00,+5.1947985E+00,+7.6115673E+00
+1.5970000E+00,+5.3037485E+00,+9.1221072E+00
+1.6029500E+00,+5.4304432E+00,+1.0393513E+01
+1.6089000E+00,+5.5687309E+00,+1.1393461E+01
+1.6148500E+00,+5.7113135E+00,+1.2126129E+01
+1.6208000E+00,+5.8515417E+00,+1.2626818E+01
+1.6267500E+00,+5.9847258E+00,+1.2948597E+01
+1.6327000E+00,+6.1086614E+00,+1.3147465E+01
+1.6386500E+00,+6.2233849E+00,+1.3270636E+01
+1.6446000E+00,+6.3303933E+00,+1.3350163E+01
+1.6505500E+00,+6.4316634E+00,+1.3402248E+01
+1.6565000E+00,+6.5288034E+00,+1.3431171E+01
+1.6624500E+00,+6.6225838E+00,+1.3435745E+01
+1.6684000E+00,+6.7129422E+00,+1.3415797E+01
+1.6743500E+00,+6.7993930E+00,+1.3376467E+01
+1.6803000E+00,+6.8816478E+00,+1.3329102E+01
+1.6862500E+00,+6.9601976E+00,+1.3288724E+01
+1.6922000E+00,+7.0366335E+00,+1.3269092E+01
+1.6981500E+00,+7.1135643E+00,+1.3277064E+01
+1.7041000E+00,+7.1941105E+00,+1.3308234E+01
+1.7100500E+00,+7.2810893E+00,+1.3345638E+01
+1.7160000E+00,+7.3761289E+00,+1.3362530E+01
+1.7219500E+00,+7.4790069E+00,+1.3328901E+01
+1.7279000E+00,+7.5874764E+00,+1.3219951E+01
+1.7338500E+00,+7.6977054E+00,+1.3023798E+01
+1.7398000E+00,+7.8052618E+00,+1.2745900E+01
+1.7457500E+00,+7.9064032E+00,+1.2408712E+01
+1.7517000E+00,+7.9993262E+00,+1.2046500E+01
+1.7576500E+00,+8.0850201E+00,+1.1696395E+01
+1.7636000E+00,+8.1674374E+00,+1.1387535E+01
+1.7695500E+00,+8.2528335E+00,+1.1130788E+01
+1.7755000E+00,+8.3483293E+00,+1.0912017E+01
+1.7814500E+00,+8.4599961E+00,+1.0691596E+01
+1.7874000E+00,+8.5909752E+00,+1.0411480E+01
+1.7933500E+00,+8.7402136E+00,+1.0008335E+01
+1.7993000E+00,+8.9022328E+00,+9.4285976E+00
+1.8052500E+00,+9.0680012E+00,+8.6404907E+00
+1.8112000E+00,+9.2266127E+00,+7.6396499E+00
+1.8171500E+00,+9.3672634E+00,+6.4478994E+00
+1.8231000E+00,+9.4810240E+00,+5.1070022E+00
+1.8290500E+00,+9.5620534E+00,+3.6699961E+00
+1.8350000E+00,+9.6080933E+00,+2.1923617E+00
+1.8409500E+00,+9.6202621E+00,+7.2449370E-01
+1.8469000E+00,+9.6022889E+00,-6.9368433E-01
+1.8528500E+00,+9.5594193E+00,-2.0355321E+00
+1.8588000E+00,+9.4972592E+00,-3.2878181E+00
+1.8647500E+00,+9.4208116E+00,-4.4484325E+00
+1.8707000E+00,+9.3338933E+00,-5.5224269E+00
+1.8766500E+00,+9.2390000E+00,-6.5175129E+00
+1.8826000E+00,+9.1375636E+00,-7.4402510E+00
+1.8885500E+00,+9.0304351E+00,-8.2938671E+00
+1.8945000E+00,+8.9183929E+00,-9.0780409E+00
+1.9004500E+00,+8.8024991E+00,-9.7903536E+00
+1.9064000E+00,+8.6842060E+00,-1.0428597E+01
+1.9123500E+00,+8.5652172E+00,-1.0992960E+01
+1.9183000E+00,+8.4471900E+00,-1.1487257E+01
+1.9242500E+00,+8.3314132E+00,-1.1918750E+01
+1.9302000E+00,+8.2185947E+00,-1.2296679E+01
+1.9361500E+00,+8.1088388E+00,-1.2630104E+01
+1.9421000E+00,+8.0018185E+00,-1.2925934E+01
+1.9480500E+00,+7.8970702E+00,-1.3187947E+01
+1.9540000E+00,+7.7942888E+00,-1.3417210E+01
+1.9599500E+00,+7.6935036E+00,-1.3613744E+01
+1.9659000E+00,+7.5950566E+00,-1.3778755E+01
+1.9718500E+00,+7.4993856E+00,-1.3916460E+01
+1.9778000E+00,+7.4066919E+00,-1.4034614E+01
+1.9837500E+00,+7.3166281E+00,-1.4143255E+01
+1.9897000E+00,+7.2281490E+00,-1.4251930E+01
+1.9956500E+00,+7.1396143E+00,-1.4366301E+01
+2.0016000E+00,+7.0491347E+00,-1.4485451E+01
+2.0075500E+00,+6.9550578E+00,-1.4601024E+01
+2.0135000E+00,+6.8564180E+00,-1.4698711E+01
+2.0194500E+00,+6.7531787E+00,-1.4761745E+01
+2.0254000E+00,+6.6461577E+00,-1.4775212E+01
+2.0313500E+00,+6.5366449E+00,-1.4729559E+01
+2.0373000E+00,+6.4258515E+00,-1.4621671E+01
+2.0432500E+00,+6.3144219E+00,-1.4452713E+01
+2.0492000E+00,+6.2022483E+00,-1.4223184E+01
+2.0551500E+00,+6.0887308E+00,-1.3927179E+01
+2.0611000E+00,+5.9734399E+00,-1.3548659E+01
+2.0670500E+00,+5.8569410E+00,-1.3062362E+01
+2.0730000E+00,+5.7414105E+00,-1.2440590E+01
+2.0789500E+00,+5.6306693E+00,-1.1664860E+01
+2.0849000E+00,+5.5294116E+00,-1.0738700E+01
+2.0908500E+00,+5.4417084E+00,-9.6956081E+00
+2.0968000E+00,+5.3692347E+00,-8.5959276E+00
+2.1027500E+00,+5.3099538E+00,-7.5100212E+00
+2.1087000E+00,+5.2579656E+00,-6.4918887E+00
+2.1146500E+00,+5.2048225E+00,-5.5530511E+00
+2.1206000E+00,+5.1420424E+00,-4.6467403E+00
+2.1265500E+00,+5.0641173E+00,-3.6677484E+00
+2.1325000E+00,+4.9711966E+00,-2.4685837E+00
+2.1384500E+00,+4.8707091E+00,-8.9121356E-01
+2.1444000E+00,+4.7772901E+00,+1.1863918E+00
+2.1503500E+00,+4.7105075E+00,+3.7946505E+00
+2.1563000E+00,+4.6903192E+00,+6.8276119E+00
+2.1622500E+00,+4.7312794E+00,+1.0042993E+01
+2.1682000E+00,+4.8378498E+00,+1.3128228E+01
+2.1741500E+00,+5.0032958E+00,+1.5805548E+01
+2.1801000E+00,+5.2126856E+00,+1.7912860E+01
+2.1860500E+00,+5.4480758E+00,+1.9420490E+01
+2.1920000E+00,+5.6933000E+00,+2.0395822E+01
+2.1979500E+00,+5.9368400E+00,+2.0951353E+01
+2.2039000E+00,+6.1725620E+00,+2.1201608E+01
+2.2098500E+00,+6.3988129E+00,+2.1237422E+01
+2.2158000E+00,+6.6166046E+00,+2.1116653E+01
+2.2217500E+00,+6.8276216E+00,+2.0867277E+01
+2.2277000E+00,+7.0326829E+00,+2.0497969E+01
+2.2336500E+00,+7.2310446E+00,+2.0010901E+01
+2.2396000E+00,+7.4205936E+00,+1.9412064E+01
+2.2455500E+00,+7.5986636E+00,+1.8716275E+01
+2.2515000E+00,+7.7630271E+00,+1.7946516E+01
+2.2574500E+00,+7.9126331E+00,+1.7129305E+01
+2.2634000E+00,+8.0478317E+00,+1.6288753E+01
+2.2693500E+00,+8.1700578E+00,+1.5441831E+01
+2.2753000E+00,+8.2811565E+00,+1.4596514E+01
+2.2812500E+00,+8.3826564E+00,+1.3753217E+01
+2.2872000E+00,+8.4752868E+00,+1.2908656E+01
+2.2931500E+00,+8.5589180E+00,+1.2060408E+01
+2.2991000E+00,+8.6329103E+00,+1.1210279E+01
+2.3050500E+00,+8.6966909E+00,+1.0365254E+01
+2.3110000E+00,+8.7502946E+00,+9.5358661E+00
+2.3169500E+00,+8.7946376E+00,+8.7328741E+00
+2.3229000E+00,+8.8314182E+00,+7.9637075E+00
+2.3288500E+00,+8.8626964E+00,+7.2301580E+00
+2.3348000E+00,+8.8903383E+00,+6.5282229E+00
+2.3407500E+00,+8.9155588E+00,+5.8501045E+00
+2.3467000E+00,+8.9387510E+00,+5.1874574E+00
+2.3526500E+00,+8.9596591E+00,+4.5344602E+00
+2.3586000E+00,+8.9778008E+00,+3.8894096E+00
+2.3645500E+00,+8.9929403E+00,+3.2542341E+00
+2.3705000E+00,+9.0053991E+00,+2.6322508E+00
+2.3764500E+00,+9.0160679E+00,+2.0252376E+00
+2.3824000E+00,+9.0261177E+00,+1.4311634E+00
+2.3883500E+00,+9.0365425E+00,+8.4362677E-01
+2.3943000E+00,+9.0477399E+00,+2.5330742E-01
+2.4002500E+00,+9.0593273E+00,-3.4916790E-01
+2.4062000E+00,+9.0702876E+00,-9.7020848E-01
+2.4121500E+00,+9.0793958E+00,-1.6114658E+00
+2.4181000E+00,+9.0857518E+00,-2.2701439E+00
+2.4240500E+00,+9.0891908E+00,-2.9414326E+00
+2.4300000E+00,+9.0903797E+00,-3.6222189E+00
+2.4359500E+00,+9.0905199E+00,-4.3146718E+00
+2.4419000E+00,+9.0907252E+00,-5.0282260E+00
+2.4478500E+00,+9.0912729E+00,-5.7789530E+00
+2.4538000E+00,+9.0909905E+00,-6.5861954E+00
+2.4597500E+00,+9.0870107E+00,-7.4673450E+00
+2.4657000E+00,+9.0750113E+00,-8.4323392E+00
+2.4716500E+00,+9.0499002E+00,-9.4795158E+00
+2.4776000E+00,+9.0067719E+00,-1.0593933E+01
+2.4835500E+00,+8.9418972E+00,-1.1748459E+01
+2.4895000E+00,+8.8535141E+00,-1.2907255E+01
+2.4954500E+00,+8.7422549E+00,-1.4030916E+01
+2.5014000E+00,+8.6111229E+00,-1.5082426E+01
+2.5073500E+00,+8.4650207E+00,-1.6033067E+01
+2.5133000E+00,+8.3099033E+00,-1.6867363E+01
+2.5192500E+00,+8.1517017E+00,-1.7586034E+01
+2.5252000E+00,+7.9952146E+00,-1.8206003E+01
+2.5311500E+00,+7.8432021E+00,-1.8756905E+01
+2.5371000E+00,+7.6958896E+00,-1.9274425E+01
+2.5430500E+00,+7.5510144E+00,-1.9791791E+01
+2.5490000E+00,+7.4044104E+00,-2.0331472E+01
+2.5549500E+00,+7.2509933E+00,-2.0899081E+01
+2.5609000E+00,+7.0859111E+00,-2.1480695E+01
+2.5668500E+00,+6.9056060E+00,-2.2043836E+01
+2.5728000E+00,+6.7085773E+00,-2.2541476E+01
+2.5787500E+00,+6.4957163E+00,-2.2918086E+01
+2.5847000E+00,+6.2701800E+00,-2.3116648E+01
+2.5906500E+00,+6.0368591E+00,-2.3085514E+01
+2.5966000E+00,+5.8015741E+00,-2.2783998E+01
+2.6025500E+00,+5.5701967E+00,-2.2185553E+01
+2.6085000E+00,+5.3479146E+00,-2.1277740E+01
+2.6144500E+00,+5.1388280E+00,-2.0059095E+01
+2.6204000E+00,+4.9459643E+00,-1.8534286E+01
+2.6263500E+00,+4.7716481E+00,-1.6710050E+01
+2.6323000E+00,+4.6180272E+00,-1.4594474E+01
+2.6382500E+00,+4.4874882E+00,-1.2200847E+01
+2.6442000E+00,+4.3827436E+00,-9.5549268E+00
+2.6501500E+00,+4.3065203E+00,-6.7020331E+00
+2.6561000E+00,+4.2609716E+00,-3.7094557E+00
+2.6620500E+00,+4.2470857E+00,-6.6125467E-01
+2.6680000E+00,+4.2643760E+00,+2.3535747E+00
+2.6739500E+00,+4.3110021E+00,+5.2547485E+00
+2.6799000E+00,+4.3842451E+00,+7.9803953E+00
+2.6858500E+00,+4.4810974E+00,+1.0489738E+01
+2.6918000E+00,+4.5987118E+00,+1.2759743E+01
+2.6977500E+00,+4.7345717E+00,+1.4779261E+01
+2.7037000E+00,+4.8864091E+00,+1.6544125E+01
+2.7096500E+00,+5.0520080E+00,+1.8054840E+01
+2.7156000E+00,+5.2290552E+00,+1.9316509E+01
+2.7215500E+00,+5.4151353E+00,+2.0339490E+01
+2.7275000E+00,+5.6078713E+00,+2.1139328E+01
+2.7334500E+00,+5.8051275E+00,+2.1735324E+01
+2.7394000E+00,+6.0051654E+00,+2.2148071E+01
+2.7453500E+00,+6.2066724E+00,+2.2396871E+01
+2.7513000E+00,+6.4086496E+00,+2.2497973E+01
+2.7572500E+00,+6.6102117E+00,+2.2464192E+01
+2.7632000E+00,+6.8103945E+00,+2.2305828E+01
+2.7691500E+00,+7.0080565E+00,+2.2032286E+01
+2.7751000E+00,+7.2019163E+00,+2.1653592E+01
+2.7810500E+00,+7.3907047E+00,+2.1181123E+01
+2.7870000E+00,+7.5733568E+00,+2.0627299E+01
+2.7929500E+00,+7.7491543E+00,+2.0004450E+01
+2.7989000E+00,+7.9177542E+00,+1.9323411E+01
+2.8048500E+00,+8.0790893E+00,+1.8592473E+01
+2.8108000E+00,+8.2331863E+00,+1.7817122E+01
+2.8167500E+00,+8.3799809E+00,+1.7000646E+01
+2.8227000E+00,+8.5192098E+00,+1.6145296E+01
+2.8286500E+00,+8.6504202E+00,+1.5253489E+01
+2.8346000E+00,+8.7730823E+00,+1.4328510E+01
+2.8405500E+00,+8.8867409E+00,+1.3374470E+01
+2.8465000E+00,+8.9911225E+00,+1.2395598E+01
+2.8524500E+00,+9.0861371E+00,+1.1395266E+01
+2.8584000E+00,+9.1717638E+00,+1.0375278E+01
+2.8643500E+00,+9.2478665E+00,+9.3358247E+00
+2.8703000E+00,+9.3140245E+00,+8.2762137E+00
+2.8762500E+00,+9.3694586E+00,+7.1961081E+00
+2.8822000E+00,+9.4130921E+00,+6.0967795E+00
+2.8881500E+00,+9.4437218E+00,+4.9818606E+00
+2.8941000E+00,+9.4602182E+00,+3.8573325E+00
+2.9000500E+00,+9.4616598E+00,+2.7308750E+00
+2.9060000E+00,+9.4473365E+00,+1.6110761E+00
+2.9119500E+00,+9.4166315E+00,+5.0716394E-01
+2.9179000E+00,+9.3688723E+00,-5.7020717E-01
+2.9238500E+00,+9.3032986E+00,-1.6070170E+00
+2.9298000E+00,+9.2192876E+00,-2.5832839E+00
+2.9357500E+00,+9.1169032E+00,-3.4708757E+00
+2.9417000E+00,+8.9977101E+00,-4.2331138E+00
+2.9476500E+00,+8.8656528E+00,-4.8275279E+00
+2.9536000E+00,+8.7276896E+00,-5.2126621E+00
+2.9595500E+00,+8.5938290E+00,-5.3588668E+00
+2.9655000E+00,+8.4762859E+00,-5.2613686E+00
+2.9714500E+00,+8.3876716E+00,-4.9517538E+00
+2.9774000E+00,+8.3384857E+00,-4.5023141E+00
+2.9833500E+00,+8.3345706E+00,-4.0184876E+00
+2.9893000E+00,+8.3754064E+00,-3.6192077E+00
+2.9952500E+00,+8.4539332E+00,-3.4114722E+00
+3.0012000E+00,+8.5579992E+00,-3.4690010E+00
+3.0071500E+00,+8.6728871E+00,-3.8223355E+00
+3.0131000E+00,+8.7840568E+00,-4.4614266E+00
+3.0190500E+00,+8.8793508E+00,-5.3466299E+00
+3.0250000E+00,+8.9502565E+00,-6.4226069E+00
+3.0309500E+00,+8.9921751E+00,-7.6309488E+00
+3.0369000E+00,+9.0038867E+00,-8.9193379E+00
+3.0428500E+00,+8.9865319E+00,-1.0246595E+01
+3.0488000E+00,+8.9424573E+00,-1.1583868E+01
+3.0547500E+00,+8.8742327E+00,-1.2912803E+01
+3.0607000E+00,+8.7840395E+00,-1.4221922E+01
+3.0666500E+00,+8.6734861E+00,-1.5502601E+01
+3.0726000E+00,+8.5437675E+00,-1.6745911E+01
+3.0785500E+00,+8.3959917E+00,-1.7941060E+01
+3.0845000E+00,+8.2314792E+00,-1.9075504E+01
+3.0904500E+00,+8.0518993E+00,-2.0136195E+01
+3.0964000E+00,+7.8592031E+00,-2.1111086E+01
+3.1023500E+00,+7.6554113E+00,-2.1990023E+01
+3.1083000E+00,+7.4423762E+00,-2.2764500E+01
+3.1142500E+00,+7.2216378E+00,-2.3426296E+01
+3.1202000E+00,+6.9944466E+00,-2.3965496E+01
+3.1261500E+00,+6.7619433E+00,-2.4368733E+01
+3.1321000E+00,+6.5254157E+00,-2.4618397E+01
+3.1380500E+00,+6.2865210E+00,-2.4693180E+01
+3.1440000E+00,+6.0473793E+00,-2.4569789E+01
+3.1499500E+00,+5.8105055E+00,-2.4225174E+01
+3.1559000E+00,+5.5786209E+00,-2.3638407E+01
+3.1618500E+00,+5.3544386E+00,-2.2791531E+01
+3.1678000E+00,+5.1405313E+00,-2.1669274E+01
+3.1737500E+00,+4.9393451E+00,-2.0258272E+01
+3.1797000E+00,+4.7533500E+00,-1.8547044E+01
+3.1856500E+00,+4.5852341E+00,-1.6528028E+01
+3.1916000E+00,+4.4380092E+00,-1.4202203E+01
+3.1975500E+00,+4.3149160E+00,-1.1585458E+01
+3.2035000E+00,+4.2190994E+00,-8.7143186E+00
+3.2094500E+00,+4.1531410E+00,-5.6479703E+00
+3.2154000E+00,+4.1186206E+00,-2.4644505E+00
+3.2213500E+00,+4.1158859E+00,+7.4851384E-01
+3.2273000E+00,+4.1441163E+00,+3.9047975E+00
+3.2332500E+00,+4.2016186E+00,+6.9291270E+00
+3.2392000E+00,+4.2861952E+00,+9.7617322E+00
+3.2451500E+00,+4.3954173E+00,+1.2358651E+01
+3.2511000E+00,+4.5267323E+00,+1.4689843E+01
+3.2570500E+00,+4.6774420E+00,+1.6737287E+01
+3.2630000E+00,+4.8446573E+00,+1.8493968E+01
+3.2689500E+00,+5.0253277E+00,+1.9963344E+01
+3.2749000E+00,+5.2163799E+00,+2.1158331E+01
+3.2808500E+00,+5.4149294E+00,+2.2099215E+01
+3.2868000E+00,+5.6184815E+00,+2.2810566E+01
+3.2927500E+00,+5.8250424E+00,+2.3317868E+01
+3.2987000E+00,+6.0330988E+00,+2.3644720E+01
+3.3046500E+00,+6.2414835E+00,+2.3811274E+01
+3.3106000E+00,+6.4491887E+00,+2.3834067E+01
+3.3165500E+00,+6.6552070E+00,+2.3726948E+01
+3.3225000E+00,+6.8584602E+00,+2.3502468E+01
+3.3284500E+00,+7.0578358E+00,+2.3173044E+01
+3.3344000E+00,+7.2522999E+00,+2.2751425E+01
+3.3403500E+00,+7.4410267E+00,+2.2250388E+01
+3.3463000E+00,+7.6234780E+00,+2.1681883E+01
+3.3522500E+00,+7.7993949E+00,+2.1056106E+01
+3.3582000E+00,+7.9687022E+00,+2.0380933E+01
+3.3641500E+00,+8.1313684E+00,+1.9661972E+01
+3.3701000E+00,+8.2872779E+00,+1.8903229E+01
+3.3760500E+00,+8.4361727E+00,+1.8108084E+01
+3.3820000E+00,+8.5776824E+00,+1.7280199E+01
+3.3879500E+00,+8.7114275E+00,+1.6423999E+01
+3.3939000E+00,+8.8371461E+00,+1.5544573E+01
+3.3998500E+00,+8.9547873E+00,+1.4647079E+01
+3.4058000E+00,+9.0645289E+00,+1.3735952E+01
+3.4117500E+00,+9.1667102E+00,+1.2814252E+01
+3.4177000E+00,+9.2617104E+00,+1.1883448E+01
+3.4236500E+00,+9.3498206E+00,+1.0943691E+01
+3.4296000E+00,+9.4311643E+00,+9.9944804E+00
+3.4355500E+00,+9.5056947E+00,+9.0354048E+00
+3.4415000E+00,+9.5732638E+00,+8.0666713E+00
+3.4474500E+00,+9.6337269E+00,+7.0892106E+00
+3.4534000E+00,+9.6870324E+00,+6.1043532E+00
+3.4593500E+00,+9.7332524E+00,+5.1132555E+00
+3.4653000E+00,+9.7725406E+00,+4.1163591E+00
+3.4712500E+00,+9.8050353E+00,+3.1131445E+00
+3.4772000E+00,+9.8307513E+00,+2.1023065E+00
+3.4831500E+00,+9.8495091E+00,+1.0822910E+00
+3.4891000E+00,+9.8609344E+00,+5.1974347E-02
+3.4950500E+00,+9.8645282E+00,-9.8879509E-01
+3.5010000E+00,+9.8597789E+00,-2.0390089E+00
+3.5069500E+00,+9.8462678E+00,-3.0967242E+00
+3.5129000E+00,+9.8237245E+00,-4.1595837E+00
+3.5188500E+00,+9.7920118E+00,-5.2253870E+00
+3.5248000E+00,+9.7510490E+00,-6.2924489E+00
+3.5307500E+00,+9.7007131E+00,-7.3595748E+00
+3.5367000E+00,+9.6407639E+00,-8.4256445E+00
+3.5426500E+00,+9.5708295E+00,-9.4889611E+00
+3.5486000E+00,+9.4904644E+00,-1.0546616E+01
+3.5545500E+00,+9.3992572E+00,-1.1594109E+01
+3.5605000E+00,+9.2969511E+00,-1.2625336E+01
+3.5664500E+00,+9.1835324E+00,-1.3632922E+01
+3.5724000E+00,+9.0592660E+00,-1.4608694E+01
+3.5783500E+00,+8.9246782E+00,-1.5544101E+01
+3.5843000E+00,+8.7805177E+00,-1.6430398E+01
+3.5902500E+00,+8.6277305E+00,-1.7258594E+01
+3.5962000E+00,+8.4674775E+00,-1.8019346E+01
+3.6021500E+00,+8.3011935E+00,-1.8703076E+01
+3.6081000E+00,+8.1306523E+00,-1.9300608E+01
+3.6140500E+00,+7.9579825E+00,-1.9804451E+01
+3.6200000E+00,+7.7855780E+00,-2.0210560E+01
+3.6259500E+00,+7.6158758E+00,-2.0520131E+01
+3.6319000E+00,+7.4510239E+00,-2.0740731E+01
+3.6378500E+00,+7.2925152E+00,-2.0886127E+01
+3.6438000E+00,+7.1408932E+00,-2.0974489E+01
+3.6497500E+00,+6.9956325E+00,-2.1025186E+01
+3.6557000E+00,+6.8552464E+00,-2.1054966E+01
+3.6616500E+00,+6.7176021E+00,-2.1074579E+01
+3.6676000E+00,+6.5803551E+00,-2.1086775E+01
+3.6735500E+00,+6.4413803E+00,-2.1086074E+01
+3.6795000E+00,+6.2990906E+00,-2.1060101E+01
+3.6854500E+00,+6.1525829E+00,-2.0991811E+01
+3.6914000E+00,+6.0016159E+00,-2.0861729E+01
+3.6973500E+00,+5.8464778E+00,-2.0649528E+01
+3.7033000E+00,+5.6878289E+00,-2.0334597E+01
+3.7092500E+00,+5.5265928E+00,-1.9895753E+01
+3.7152000E+00,+5.3639350E+00,-1.9310573E+01
+3.7211500E+00,+5.2013190E+00,-1.8555070E+01
+3.7271000E+00,+5.0405901E+00,-1.7604251E+01
+3.7330500E+00,+4.8840248E+00,-1.6433816E+01
+3.7390000E+00,+4.7342991E+00,-1.5022774E+01
+3.7449500E+00,+4.5943674E+00,-1.3356393E+01
+3.7509000E+00,+4.4672849E+00,-1.1428780E+01
+3.7568500E+00,+4.3560312E+00,-9.2445628E+00
+3.7628000E+00,+4.2633878E+00,-6.8196488E+00
+3.7687500E+00,+4.1918866E+00,-4.1814201E+00
+3.7747000E+00,+4.1437977E+00,-1.3688538E+00
+3.7806500E+00,+4.1210936E+00,+1.5674364E+00
+3.7866000E+00,+4.1253388E+00,+4.5659748E+00
+3.7925500E+00,+4.1575018E+00,+7.5571550E+00
+3.7985000E+00,+4.2177537E+00,+1.0468559E+01
+3.8044500E+00,+4.3053513E+00,+1.3232154E+01
+3.8104000E+00,+4.4186798E+00,+1.5791368E+01
+3.8163500E+00,+4.5554619E+00,+1.8105776E+01
+3.8223000E+00,+4.7130651E+00,+2.0152143E+01
+3.8282500E+00,+4.8888001E+00,+2.1922138E+01
+3.8342000E+00,+5.0801215E+00,+2.3418226E+01
+3.8401500E+00,+5.2846940E+00,+2.4649441E+01
+3.8461000E+00,+5.5003491E+00,+2.5628287E+01
+3.8520500E+00,+5.7249947E+00,+2.6369103E+01
+3.8580000E+00,+5.9565467E+00,+2.6887586E+01
+3.8639500E+00,+6.1929276E+00,+2.7200795E+01
+3.8699000E+00,+6.4321333E+00,+2.7327010E+01
+3.8758500E+00,+6.6723369E+00,+2.7285149E+01
+3.8818000E+00,+6.9119769E+00,+2.7093774E+01
+3.8877500E+00,+7.1497882E+00,+2.6770000E+01
+3.8937000E+00,+7.3847604E+00,+2.6328672E+01
+3.8996500E+00,+7.6160373E+00,+2.5782096E+01
+3.9056000E+00,+7.8428014E+00,+2.5140345E+01
+3.9115500E+00,+8.0641884E+00,+2.4412006E+01
+3.9175000E+00,+8.2792647E+00,+2.3605017E+01
+3.9234500E+00,+8.4870728E+00,+2.2727299E+01
+3.9294000E+00,+8.6867193E+00,+2.1786969E+01
+3.9353500E+00,+8.8774628E+00,+2.0792105E+01
+3.9413000E+00,+9.0587631E+00,+1.9750253E+01
+3.9472500E+00,+9.2302658E+00,+1.8667902E+01
+3.9532000E+00,+9.3917316E+00,+1.7550198E+01
+3.9591500E+00,+9.5429376E+00,+1.6401025E+01
+3.9651000E+00,+9.6835945E+00,+1.5223429E+01
+3.9710500E+00,+9.8133148E+00,+1.4020227E+01
+3.9770000E+00,+9.9316443E+00,+1.2794551E+01
+3.9829500E+00,+1.0038144E+01,+1.1550143E+01
+3.9889000E+00,+1.0132488E+01,+1.0291277E+01
+3.9948500E+00,+1.0214533E+01,+9.0223809E+00
+4.0008000E+00,+1.0284334E+01,+7.7475262E+00
+4.0067500E+00,+1.0342097E+01,+6.4699910E+00
+4.0127000E+00,+1.0388094E+01,+5.1920885E+00
+4.0186500E+00,+1.0422569E+01,+3.9153161E+00
+4.0246000E+00,+1.0445682E+01,+2.6407557E+00
+4.0305500E+00,+1.0457506E+01,+1.3695486E+00
+4.0365000E+00,+1.0458083E+01,+1.0324100E-01
+4.0424500E+00,+1.0447498E+01,-1.1561474E+00
+4.0484000E+00,+1.0425949E+01,-2.4063548E+00
+4.0543500E+00,+1.0393764E+01,-3.6453032E+00
+4.0603000E+00,+1.0351368E+01,-4.8715244E+00
+4.0662500E+00,+1.0299193E+01,-6.0843842E+00
+4.0722000E+00,+1.0237586E+01,-7.2839855E+00
+4.0781500E+00,+1.0166740E+01,-8.4707605E+00
+4.0841000E+00,+1.0086684E+01,-9.6448977E+00
+4.0900500E+00,+9.9973398E+00,-1.0805823E+01
+4.0960000E+00,+9.8986182E+00,-1.1951938E+01
+4.1019500E+00,+9.7905182E+00,-1.3080715E+01
+4.1079000E+00,+9.6731899E+00,-1.4189098E+01
+4.1138500E+00,+9.5469346E+00,-1.5274042E+01
+4.1198000E+00,+9.4121452E+00,-1.6332938E+01
+4.1257500E+00,+9.2692149E+00,-1.7363752E+01
+4.1317000E+00,+9.1184553E+00,-1.8364774E+01
+4.1376500E+00,+8.9600624E+00,-1.9334089E+01
+4.1436000E+00,+8.7941461E+00,-2.0268959E+01
+4.1495500E+00,+8.6208121E+00,-2.1165387E+01
+4.1555000E+00,+8.4402620E+00,-2.2018029E+01
+4.1614500E+00,+8.2528682E+00,-2.2820506E+01
+4.1674000E+00,+8.0591921E+00,-2.3565965E+01
+4.1733500E+00,+7.8599371E+00,-2.4247647E+01
+4.1793000E+00,+7.6558601E+00,-2.4859163E+01
+4.1852500E+00,+7.4476795E+00,-2.5394331E+01
+4.1912000E+00,+7.2360262E+00,-2.5846562E+01
+4.1971500E+00,+7.0214600E+00,-2.6208022E+01
+4.2031000E+00,+6.8045515E+00,-2.6468890E+01
+4.2090500E+00,+6.5859955E+00,-2.6617043E+01
+4.2150000E+00,+6.3667089E+00,-2.6638334E+01
+4.2209500E+00,+6.1478733E+00,-2.6517389E+01
+4.2269000E+00,+5.9309024E+00,-2.6238649E+01
+4.2328500E+00,+5.7173522E+00,-2.5787229E+01
+4.2388000E+00,+5.5088146E+00,-2.5149292E+01
+4.2447500E+00,+5.3068467E+00,-2.4311831E+01
+4.2507000E+00,+5.1129708E+00,-2.3262152E+01
+4.2566500E+00,+4.9287473E+00,-2.1987618E+01
+4.2626000E+00,+4.7558825E+00,-2.0476296E+01
+4.2685500E+00,+4.5963114E+00,-1.8718901E+01
+4.2745000E+00,+4.4521947E+00,-1.6711907E+01
+4.2804500E+00,+4.3258048E+00,-1.4461055E+01
+4.2864000E+00,+4.2193220E+00,-1.1984065E+01
+4.2923500E+00,+4.1346070E+00,-9.3114338E+00
+4.2983000E+00,+4.0730321E+00,-6.4848694E+00
+4.3042500E+00,+4.0354246E+00,-3.5539053E+00
+4.3102000E+00,+4.0221248E+00,-5.7198549E-01
+4.3161500E+00,+4.0330989E+00,+2.4067482E+00
+4.3221000E+00,+4.0680277E+00,+5.3295327E+00
+4.3280500E+00,+4.1263200E+00,+8.1464362E+00
+4.3340000E+00,+4.2070549E+00,+1.0812062E+01
+4.3399500E+00,+4.3089115E+00,+1.3287907E+01
+4.3459000E+00,+4.4301586E+00,+1.5544924E+01
+4.3518500E+00,+4.5687452E+00,+1.7565255E+01
+4.3578000E+00,+4.7224783E+00,+1.9342260E+01
+4.3637500E+00,+4.8892261E+00,+2.0878692E+01
+4.3697000E+00,+5.0670727E+00,+2.2183625E+01
+4.3756500E+00,+5.2543740E+00,+2.3269196E+01
+4.3816000E+00,+5.4497066E+00,+2.4148116E+01
+4.3875500E+00,+5.6517510E+00,+2.4832464E+01
+4.3935000E+00,+5.8591698E+00,+2.5333676E+01
+4.3994500E+00,+6.0705403E+00,+2.5663244E+01
+4.4054000E+00,+6.2843682E+00,+2.5833463E+01
+4.4113500E+00,+6.4991719E+00,+2.5857703E+01
+4.4173000E+00,+6.7135935E+00,+2.5750049E+01
+4.4232500E+00,+6.9264839E+00,+2.5524432E+01
+4.4292000E+00,+7.1369237E+00,+2.5193666E+01
+4.4351500E+00,+7.3441709E+00,+2.4768770E+01
+4.4411000E+00,+7.5475618E+00,+2.4258849E+01
+4.4470500E+00,+7.7464112E+00,+2.3671537E+01
+4.4530000E+00,+7.9399578E+00,+2.3013791E+01
+4.4589500E+00,+8.1273820E+00,+2.2292678E+01
+4.4649000E+00,+8.3078897E+00,+2.1515838E+01
+4.4708500E+00,+8.4808278E+00,+2.0691441E+01
+4.4768000E+00,+8.6457824E+00,+1.9827678E+01
+4.4827500E+00,+8.8026188E+00,+1.8932001E+01
+4.4887000E+00,+8.9514453E+00,+1.8010435E+01
+4.4946500E+00,+9.0925131E+00,+1.7067205E+01
+4.5006000E+00,+9.2260932E+00,+1.6104827E+01
+4.5065500E+00,+9.3523750E+00,+1.5124584E+01
+4.5125000E+00,+9.4714223E+00,+1.4127196E+01
+4.5184500E+00,+9.5831962E+00,+1.3113385E+01
+4.5244000E+00,+9.6876230E+00,+1.2084150E+01
+4.5303500E+00,+9.7846677E+00,+1.1040656E+01
+4.5363000E+00,+9.8743711E+00,+9.9838635E+00
+4.5422500E+00,+9.9568288E+00,+8.9141017E+00
+4.5482000E+00,+1.0032116E+01,+7.8308323E+00
+4.5541500E+00,+1.0100188E+01,+6.7327593E+00
+4.5601000E+00,+1.0160807E+01,+5.6182828E+00
+4.5660500E+00,+1.0213523E+01,+4.4861413E+00
+4.5720000E+00,+1.0257728E+01,+3.3359990E+00
+4.5779500E+00,+1.0292764E+01,+2.1687497E+00
+4.5839000E+00,+1.0318048E+01,+9.8642388E-01
+4.5898500E+00,+1.0333161E+01,-2.0825462E-01
+4.5958000E+00,+1.0337875E+01,-1.4124754E+00
+4.6017500E+00,+1.0332106E+01,-2.6238652E+00
+4.6077000E+00,+1.0315820E+01,-3.8407191E+00
+4.6136500E+00,+1.0288946E+01,-5.0618571E+00
+4.6196000E+00,+1.0251314E+01,-6.2861789E+00
+4.6255500E+00,+1.0202669E+01,-7.5121205E+00
+4.6315000E+00,+1.0142745E+01,-8.7372546E+00
+4.6374500E+00,+1.0071369E+01,-9.9582169E+00
+4.6434000E+00,+9.9885486E+00,-1.1171005E+01
+4.6493500E+00,+9.8945034E+00,-1.2371534E+01
+4.6553000E+00,+9.7896287E+00,-1.3556219E+01
+4.6612500E+00,+9.6743982E+00,-1.4722344E+01
+4.6672000E+00,+9.5492500E+00,-1.5868043E+01
+4.6731500E+00,+9.4145004E+00,-1.6991880E+01
+4.6791000E+00,+9.2703231E+00,-1.8092192E+01
+4.6850500E+00,+9.1168015E+00,-1.9166437E+01
+4.6910000E+00,+8.9540304E+00,-2.0210828E+01
+4.6969500E+00,+8.7822231E+00,-2.1220388E+01
+4.7029000E+00,+8.6017768E+00,-2.2189393E+01
+4.7088500E+00,+8.4132668E+00,-2.3112017E+01
+4.7148000E+00,+8.2173734E+00,-2.3982853E+01
+4.7207500E+00,+8.0147722E+00,-2.4797054E+01
+4.7267000E+00,+7.8060382E+00,-2.5549966E+01
+4.7326500E+00,+7.5916096E+00,-2.6236315E+01
+4.7386000E+00,+7.3718307E+00,-2.6849247E+01
+4.7445500E+00,+7.1470598E+00,-2.7379563E+01
+4.7505000E+00,+6.9178005E+00,-2.7815447E+01
+4.7564500E+00,+6.6848013E+00,-2.8142788E+01
+4.7624000E+00,+6.4490845E+00,-2.8345931E+01
+4.7683500E+00,+6.2118943E+00,-2.8408482E+01
+4.7743000E+00,+5.9745930E+00,-2.8313747E+01
+4.7802500E+00,+5.7385585E+00,-2.8044488E+01
+4.7862000E+00,+5.5051405E+00,-2.7581991E+01
+4.7921500E+00,+5.2757101E+00,-2.6904820E+01
+4.7981000E+00,+5.0517942E+00,-2.5987928E+01
+4.8040500E+00,+4.8352500E+00,-2.4802869E+01
+4.8100000E+00,+4.6284041E+00,-2.3319683E+01
+4.8159500E+00,+4.4340938E+00,-2.1510544E+01
+4.8219000E+00,+4.2555762E+00,-1.9354710E+01
+4.8278500E+00,+4.0963240E+00,-1.6843818E+01
+4.8338000E+00,+3.9597679E+00,-1.3986370E+01
+4.8397500E+00,+3.8490617E+00,-1.0810512E+01
+4.8457000E+00,+3.7669240E+00,-7.3647945E+00
+4.8516500E+00,+3.7155553E+00,-3.7171272E+00
+4.8576000E+00,+3.6965784E+00,+4.7852212E-02
+4.8635500E+00,+3.7109400E+00,+3.8332944E+00
+4.8695000E+00,+3.7587554E+00,+7.5371672E+00
+4.8754500E+00,+3.8391531E+00,+1.1061740E+01
+4.8814000E+00,+3.9502214E+00,+1.4323870E+01
+4.8873500E+00,+4.0891373E+00,+1.7263190E+01
+4.8933000E+00,+4.2524748E+00,+1.9845624E+01
+4.8992500E+00,+4.4366081E+00,+2.2061535E+01
+4.9052000E+00,+4.6380793E+00,+2.3919874E+01
+4.9111500E+00,+4.8538289E+00,+2.5440826E+01
+4.9171000E+00,+5.0812450E+00,+2.6649294E+01
+4.9230500E+00,+5.3180624E+00,+2.7570582E+01
+4.9290000E+00,+5.5621896E+00,+2.8228542E+01
+4.9349500E+00,+5.8115550E+00,+2.8645564E+01
+4.9409000E+00,+6.0640413E+00,+2.8843414E+01
+4.9468500E+00,+6.3175235E+00,+2.8843972E+01
+4.9528000E+00,+6.5699837E+00,+2.8669333E+01
+4.9587500E+00,+6.8196382E+00,+2.8341174E+01
+4.9647000E+00,+7.0650161E+00,+2.7879725E+01
+4.9706500E+00,+7.3049527E+00,+2.7302807E+01
+4.9766000E+00,+7.5385020E+00,+2.6625365E+01
+4.9825500E+00,+7.7648097E+00,+2.5859676E+01
+4.9885000E+00,+7.9830045E+00,+2.5016142E+01
+4.9944500E+00,+8.1921584E+00,+2.4104330E+01
+5.0004000E+00,+8.3913344E+00,+2.3133842E+01
+5.0063500E+00,+8.5797033E+00,+2.2114704E+01
+5.0123000E+00,+8.7566767E+00,+2.1057136E+01
+5.0182500E+00,+8.9219992E+00,+1.9970846E+01
+5.0242000E+00,+9.0757544E+00,+1.8864167E+01
+5.0301500E+00,+9.2182788E+00,+1.7743393E+01
+5.0361000E+00,+9.3500107E+00,+1.6612593E+01
+5.0420500E+00,+9.4713344E+00,+1.5474004E+01
+5.0480000E+00,+9.5824754E+00,+1.4328832E+01
+5.0539500E+00,+9.6834866E+00,+1.3178170E+01
+5.0599000E+00,+9.7743226E+00,+1.2023671E+01
+5.0658500E+00,+9.8549635E+00,+1.0867738E+01
+5.0718000E+00,+9.9255299E+00,+9.7131954E+00
+5.0777500E+00,+9.9863325E+00,+8.5626273E+00
+5.0837000E+00,+1.0037834E+01,+7.4176872E+00
+5.0896500E+00,+1.0080532E+01,+6.2787149E+00
+5.0956000E+00,+1.0114823E+01,+5.1448448E+00
+5.1015500E+00,+1.0140891E+01,+4.0145848E+00
+5.1075000E+00,+1.0158686E+01,+2.8866383E+00
+5.1134500E+00,+1.0167992E+01,+1.7606327E+00
+5.1194000E+00,+1.0168567E+01,+6.3745097E-01
+5.1253500E+00,+1.0160284E+01,-4.8096872E-01
+5.1313000E+00,+1.0143221E+01,-1.5922763E+00
+5.1372500E+00,+1.0117661E+01,-2.6945203E+00
+5.1432000E+00,+1.0083994E+01,-3.7867752E+00
+5.1491500E+00,+1.0042574E+01,-4.8693093E+00
+5.1551000E+00,+9.9935875E+00,-5.9432096E+00
+5.1610500E+00,+9.9369925E+00,-7.0096113E+00
+5.1670000E+00,+9.8725585E+00,-8.0688560E+00
+5.1729500E+00,+9.7999894E+00,-9.1199385E+00
+5.1789000E+00,+9.7190782E+00,-1.0160485E+01
+5.1848500E+00,+9.6298240E+00,-1.1187278E+01
+5.1908000E+00,+9.5324624E+00,-1.2197106E+01
+5.1967500E+00,+9.4273929E+00,-1.3187576E+01
+5.2027000E+00,+9.3150361E+00,-1.4157521E+01
+5.2086500E+00,+9.1956810E+00,-1.5106793E+01
+5.2146000E+00,+9.0693926E+00,-1.6035506E+01
+5.2205500E+00,+8.9360211E+00,-1.6943012E+01
+5.2265000E+00,+8.7953114E+00,-1.7827035E+01
+5.2324500E+00,+8.6470689E+00,-1.8683323E+01
+5.2384000E+00,+8.4913096E+00,-1.9505978E+01
+5.2443500E+00,+8.3283312E+00,-2.0288308E+01
+5.2503000E+00,+8.1586764E+00,-2.1023834E+01
+5.2562500E+00,+7.9830046E+00,-2.1706986E+01
+5.2622000E+00,+7.8019336E+00,-2.2333112E+01
+5.2681500E+00,+7.6159257E+00,-2.2897749E+01
+5.2741000E+00,+7.4252749E+00,-2.3395366E+01
+5.2800500E+00,+7.2302117E+00,-2.3818122E+01
+5.2860000E+00,+7.0310832E+00,-2.4155163E+01
+5.2919500E+00,+6.8285370E+00,-2.4392847E+01
+5.2979000E+00,+6.6236279E+00,-2.4515885E+01
+5.3038500E+00,+6.4177978E+00,-2.4509018E+01
+5.3098000E+00,+6.2127352E+00,-2.4358588E+01
+5.3157500E+00,+6.0101705E+00,-2.4053344E+01
+5.3217000E+00,+5.8116972E+00,-2.3584140E+01
+5.3276500E+00,+5.6186977E+00,-2.2942688E+01
+5.3336000E+00,+5.4324091E+00,-2.2120067E+01
+5.3395500E+00,+5.2540942E+00,-2.1105958E+01
+5.3455000E+00,+5.0852323E+00,-1.9889410E+01
+5.3514500E+00,+4.9276247E+00,-1.8461343E+01
+5.3574000E+00,+4.7833432E+00,-1.6818109E+01
+5.3633500E+00,+4.6545222E+00,-1.4964790E+01
+5.3693000E+00,+4.5430718E+00,-1.2916764E+01
+5.3752500E+00,+4.4504373E+00,-1.0698692E+01
+5.3812000E+00,+4.3775134E+00,-8.3414002E+00
+5.3871500E+00,+4.3247483E+00,-5.8782289E+00
+5.3931000E+00,+4.2923684E+00,-3.3427785E+00
+5.3990500E+00,+4.2805896E+00,-7.6899541E-01
+5.4050000E+00,+4.2896835E+00,+1.8070777E+00
+5.4109500E+00,+4.3198505E+00,+4.3458481E+00
+5.4169000E+00,+4.3709662E+00,+6.8049693E+00
+5.4228500E+00,+4.4423434E+00,+9.1429761E+00
+5.4288000E+00,+4.5326533E+00,+1.1324480E+01
+5.4347500E+00,+4.6400667E+00,+1.3324540E+01
+5.4407000E+00,+4.7625569E+00,+1.5130188E+01
+5.4466500E+00,+4.8982310E+00,+1.6738634E+01
+5.4526000E+00,+5.0455420E+00,+1.8153257E+01
+5.4585500E+00,+5.2033047E+00,+1.9379356E+01
+5.4645000E+00,+5.3705294E+00,+2.0421391E+01
+5.4704500E+00,+5.5461742E+00,+2.1282481E+01
+5.4764000E+00,+5.7289447E+00,+2.1965788E+01
+5.4823500E+00,+5.9172383E+00,+2.2476602E+01
+5.4883000E+00,+6.1092577E+00,+2.2823830E+01
+5.4942500E+00,+6.3032343E+00,+2.3020063E+01
+5.5002000E+00,+6.4976567E+00,+2.3080203E+01
+5.5061500E+00,+6.6914006E+00,+2.3019275E+01
+5.5121000E+00,+6.8837053E+00,+2.2850382E+01
+5.5180500E+00,+7.0740139E+00,+2.2583608E+01
+5.5240000E+00,+7.2617568E+00,+2.2226224E+01
+5.5299500E+00,+7.4461800E+00,+2.1783969E+01
+5.5359000E+00,+7.6263017E+00,+2.1262759E+01
+5.5418500E+00,+7.8010191E+00,+2.0670022E+01
+5.5478000E+00,+7.9693194E+00,+2.0015059E+01
+5.5537500E+00,+8.1305023E+00,+1.9308311E+01
+5.5597000E+00,+8.2843124E+00,+1.8559841E+01
+5.5656500E+00,+8.4309185E+00,+1.7777683E+01
+5.5716000E+00,+8.5707406E+00,+1.6966735E+01
+5.5775500E+00,+8.7041906E+00,+1.6128662E+01
+5.5835000E+00,+8.8314296E+00,+1.5262841E+01
+5.5894500E+00,+8.9522388E+00,+1.4367962E+01
+5.5954000E+00,+9.0660534E+00,+1.3443657E+01
+5.6013500E+00,+9.1721379E+00,+1.2491498E+01
+5.6073000E+00,+9.2698230E+00,+1.1515044E+01
+5.6132500E+00,+9.3586989E+00,+1.0518981E+01
+5.6192000E+00,+9.4386827E+00,+9.5077967E+00
+5.6251500E+00,+9.5099337E+00,+8.4846007E+00
+5.6311000E+00,+9.5726590E+00,+7.4506098E+00
+5.6370500E+00,+9.6268991E+00,+6.4055264E+00
+5.6430000E+00,+9.6723963E+00,+5.3486447E+00
+5.6489500E+00,+9.7086074E+00,+4.2801988E+00
+5.6549000E+00,+9.7348635E+00,+3.2023588E+00
+5.6608500E+00,+9.7506092E+00,+2.1194289E+00
+5.6668000E+00,+9.7556198E+00,+1.0371440E+00
+5.6727500E+00,+9.7501006E+00,-3.8658624E-02
+5.6787000E+00,+9.7346227E+00,-1.1034488E+00
+5.6846500E+00,+9.7099194E+00,-2.1549079E+00
+5.6906000E+00,+9.6766267E+00,-3.1929368E+00
+5.6965500E+00,+9.6350795E+00,-4.2187469E+00
+5.7025000E+00,+9.5852501E+00,-5.2334035E+00
+5.7084500E+00,+9.5268568E+00,-6.2364399E+00
+5.7144000E+00,+9.4595946E+00,-7.2251389E+00
+5.7203500E+00,+9.3833857E+00,-8.1948026E+00
+5.7263000E+00,+9.2985378E+00,-9.1399100E+00
+5.7322500E+00,+9.2057385E+00,-1.0055676E+01
+5.7382000E+00,+9.1058827E+00,-1.0939335E+01
+5.7441500E+00,+8.9998062E+00,-1.1790563E+01
+5.7501000E+00,+8.8880415E+00,-1.2610794E+01
+5.7560500E+00,+8.7707055E+00,-1.3401670E+01
+5.7620000E+00,+8.6475726E+00,-1.4163259E+01
+5.7679500E+00,+8.5183055E+00,-1.4892804E+01
+5.7739000E+00,+8.3827448E+00,-1.5584582E+01
+5.7798500E+00,+8.2411297E+00,-1.6230964E+01
+5.7858000E+00,+8.0941524E+00,-1.6824256E+01
+5.7917500E+00,+7.9428176E+00,-1.7358533E+01
+5.7977000E+00,+7.7881677E+00,-1.7830619E+01
+5.8036500E+00,+7.6309969E+00,-1.8239702E+01
+5.8096000E+00,+7.4716838E+00,-1.8585627E+01
+5.8155500E+00,+7.3102283E+00,-1.8866548E+01
+5.8215000E+00,+7.1464839E+00,-1.9076961E+01
+5.8274500E+00,+6.9804885E+00,-1.9207047E+01
+5.8334000E+00,+6.8127499E+00,-1.9243735E+01
+5.8393500E+00,+6.6443566E+00,-1.9173145E+01
+5.8453000E+00,+6.4768610E+00,-1.8983426E+01
+5.8512500E+00,+6.3119846E+00,-1.8666764E+01
+5.8572000E+00,+6.1512783E+00,-1.8219574E+01
+5.8631500E+00,+5.9958991E+00,-1.7640703E+01
+5.8691000E+00,+5.8466188E+00,-1.6928487E+01
+5.8750500E+00,+5.7040708E+00,-1.6078214E+01
+5.8810000E+00,+5.5691226E+00,-1.5081634E+01
+5.8869500E+00,+5.4431933E+00,-1.3929324E+01
+5.8929000E+00,+5.3283408E+00,-1.2615423E+01
+5.8988500E+00,+5.2270447E+00,-1.1142945E+01
+5.9048000E+00,+5.1417496E+00,-9.5272293E+00
+5.9107500E+00,+5.0743530E+00,-7.7956754E+00
+5.9167000E+00,+5.0258671E+00,-5.9835175E+00
+5.9226500E+00,+4.9964040E+00,-4.1275323E+00
+5.9286000E+00,+4.9854714E+00,-2.2607320E+00
+5.9345500E+00,+4.9924077E+00,-4.1049913E-01
+5.9405000E+00,+5.0167116E+00,+1.3994918E+00
+5.9464500E+00,+5.0580884E+00,+3.1454978E+00
+5.9524000E+00,+5.1161942E+00,+4.8010540E+00
+5.9583500E+00,+5.1902296E+00,+6.3376459E+00
+5.9643000E+00,+5.2786194E+00,+7.7288202E+00
+5.9702500E+00,+5.3789775E+00,+8.9557142E+00
+5.9762000E+00,+5.4884044E+00,+1.0011119E+01
+5.9821500E+00,+5.6039993E+00,+1.0900011E+01
+5.9881000E+00,+5.7233654E+00,+1.1636330E+01
+5.9940500E+00,+5.8448964E+00,+1.2237523E+01
+6.0000000E+00,+5.9677376E+00,+1.2719172E+01
