+5.0000001E-02,+9.9073041E-01,-1.1545998E+02
+5.5950001E-02,+9.8888095E-01,-1.2770337E+02
+6.1900001E-02,+9.8714804E-01,-1.3957632E+02
+6.7850001E-02,+9.8559115E-01,-1.5109170E+02
+7.3799998E-02,+9.8423418E-01,-1.6226758E+02
+7.9750001E-02,+9.8306579E-01,-1.7312511E+02
+8.5699998E-02,+9.8204907E-01,+1.7631360E+02
+9.1650002E-02,+9.8113656E-01,+1.6602675E+02
+9.7599998E-02,+9.8028719E-01,+1.5599335E+02
+1.0355000E-01,+9.7947977E-01,+1.4619329E+02
+1.0950000E-01,+9.7871988E-01,+1.3660665E+02
+1.1545000E-01,+9.7803899E-01,+1.2721308E+02
+1.2140000E-01,+9.7748596E-01,+1.1799106E+02
+1.2735000E-01,+9.7711305E-01,+1.0891759E+02
+1.3330001E-01,+9.7696266E-01,+9.9968079E+01
+1.3925000E-01,+9.7705458E-01,+9.1116768E+01
+1.4520000E-01,+9.7737787E-01,+8.2337120E+01
+1.5115000E-01,+9.7788925E-01,+7.3602565E+01
+1.5710001E-01,+9.7851553E-01,+6.4887049E+01
+1.6305000E-01,+9.7916322E-01,+5.6165447E+01
+1.6900000E-01,+9.7972962E-01,+4.7413764E+01
+1.7495000E-01,+9.8011938E-01,+3.8608909E+01
+1.8089999E-01,+9.8025982E-01,+2.9728139E+01
+1.8685000E-01,+9.8011515E-01,+2.0748011E+01
+1.9280000E-01,+9.7969447E-01,+1.1642922E+01
+1.9875000E-01,+9.7905023E-01,+2.3833625E+00
+2.0469999E-01,+9.7826425E-01,-7.0657739E+00
+2.1065000E-01,+9.7742066E-01,-1.6746421E+01
+2.1660000E-01,+9.7657057E-01,-2.6707632E+01
+2.2255000E-01,+9.7569737E-01,-3.7004522E+01
+2.2849999E-01,+9.7469255E-01,-4.7695821E+01
+2.3445000E-01,+9.7335366E-01,-5.8840199E+01
+2.4040000E-01,+9.7141206E-01,-7.0491876E+01
+2.4635001E-01,+9.6858614E-01,-8.2696059E+01
+2.5229999E-01,+9.6465301E-01,-9.5484988E+01
+2.5825000E-01,+9.5952249E-01,-1.0887369E+02
+2.6420000E-01,+9.5329265E-01,-1.2285708E+02
+2.7015001E-01,+9.4626992E-01,-1.3740640E+02
+2.7610001E-01,+9.3894269E-01,-1.5246658E+02
+2.8205001E-01,+9.3190636E-01,-1.6795460E+02
+2.8799999E-01,+9.2575336E-01,+1.7623993E+02
+2.9394999E-01,+9.2095214E-01,+1.6025081E+02
+2.9990000E-01,+9.1774893E-01,+1.4422734E+02
+3.0585000E-01,+9.1612270E-01,+1.2832342E+02
+3.1180000E-01,+9.1580924E-01,+1.1268548E+02
+3.1775001E-01,+9.1638612E-01,+9.7441893E+01
+3.2370001E-01,+9.1739349E-01,+8.2695295E+01
+3.2965001E-01,+9.1845307E-01,+6.8518473E+01
+3.3559999E-01,+9.1935094E-01,+5.4953181E+01
+3.4154999E-01,+9.2006443E-01,+4.2011029E+01
+3.4750000E-01,+9.2072814E-01,+2.9676001E+01
+3.5345000E-01,+9.2155572E-01,+1.7908494E+01
+3.5940000E-01,+9.2274062E-01,+6.6512997E+00
+3.6535001E-01,+9.2437259E-01,-4.1628313E+00
+3.7130001E-01,+9.2639349E-01,-1.4602762E+01
+3.7724999E-01,+9.2860839E-01,-2.4731340E+01
+3.8319999E-01,+9.3074516E-01,-3.4600198E+01
+3.8914999E-01,+9.3254056E-01,-4.4248053E+01
+3.9510000E-01,+9.3382282E-01,-5.3702565E+01
+4.0105000E-01,+9.3456472E-01,-6.2984980E+01
+4.0700001E-01,+9.3488789E-01,-7.2115550E+01
+4.1295001E-01,+9.3501936E-01,-8.1118859E+01
+4.1890001E-01,+9.3521164E-01,-9.0026546E+01
+4.2484999E-01,+9.3565244E-01,-9.8877215E+01
+4.3079999E-01,+9.3639200E-01,-1.0771357E+02
+4.3674999E-01,+9.3731248E-01,-1.1657713E+02
+4.4270000E-01,+9.3814831E-01,-1.2550337E+02
+4.4865000E-01,+9.3855173E-01,-1.3451802E+02
+4.5460001E-01,+9.3818260E-01,-1.4363622E+02
+4.6055001E-01,+9.3679453E-01,-1.5286470E+02
+4.6650001E-01,+9.3429499E-01,-1.6220619E+02
+4.7244999E-01,+9.3076193E-01,-1.7166507E+02
+4.7839999E-01,+9.2641457E-01,+1.7874718E+02
+4.8435000E-01,+9.2154608E-01,+1.6900791E+02
+4.9030000E-01,+9.1643570E-01,+1.5908150E+02
+4.9625000E-01,+9.1126431E-01,+1.4892039E+02
+5.0220001E-01,+9.0605618E-01,+1.3846867E+02
+5.0814998E-01,+9.0066152E-01,+1.2766693E+02
+5.1410002E-01,+8.9478520E-01,+1.1645750E+02
+5.2004999E-01,+8.8805186E-01,+1.0478850E+02
+5.2600002E-01,+8.8009327E-01,+9.2616268E+01
+5.3195000E-01,+8.7063876E-01,+7.9906174E+01
+5.3789997E-01,+8.5958995E-01,+6.6632659E+01
+5.4385000E-01,+8.4707257E-01,+5.2779271E+01
+5.4979998E-01,+8.3345603E-01,+3.8339897E+01
+5.5575001E-01,+8.1933914E-01,+2.3321697E+01
+5.6169999E-01,+8.0550017E-01,+7.7497689E+00
+5.6765002E-01,+7.9281263E-01,-8.3270310E+00
+5.7359999E-01,+7.8212904E-01,-2.4830740E+01
+5.7955003E-01,+7.7414675E-01,-4.1652059E+01
+5.8550000E-01,+7.6927830E-01,-5.8653083E+01
+5.9144998E-01,+7.6755575E-01,-7.5676238E+01
+5.9740001E-01,+7.6860254E-01,-9.2557460E+01
+6.0334998E-01,+7.7168444E-01,-1.0914034E+02
+6.0930002E-01,+7.7583754E-01,-1.2528715E+02
+6.1524999E-01,+7.8004286E-01,-1.4088477E+02
+6.2120003E-01,+7.8341378E-01,-1.5584588E+02
+6.2715000E-01,+7.8535798E-01,-1.7010797E+02
+6.3309997E-01,+7.8568754E-01,+1.7636736E+02
+6.3905001E-01,+7.8465225E-01,+1.6359291E+02
+6.4499998E-01,+7.8288457E-01,+1.5155197E+02
+6.5095001E-01,+7.8125512E-01,+1.4019361E+02
+6.5689999E-01,+7.8065626E-01,+1.2943051E+02
+6.6285002E-01,+7.8175581E-01,+1.1914364E+02
+6.6880000E-01,+7.8478906E-01,+1.0919498E+02
+6.7474997E-01,+7.8945358E-01,+9.9447262E+01
+6.8070000E-01,+7.9494285E-01,+8.9783855E+01
+6.8664998E-01,+8.0010802E-01,+8.0122772E+01
+6.9260001E-01,+8.0369159E-01,+7.0420708E+01
+6.9854999E-01,+8.0456206E-01,+6.0667884E+01
+7.0450002E-01,+8.0189028E-01,+5.0876697E+01
+7.1044999E-01,+7.9523233E-01,+4.1068054E+01
+7.1640003E-01,+7.8451003E-01,+3.1258118E+01
+7.2235000E-01,+7.6990374E-01,+2.1447862E+01
+7.2829998E-01,+7.5168510E-01,+1.1616506E+01
+7.3425001E-01,+7.3004004E-01,+1.7203091E+00
+7.4019998E-01,+7.0492923E-01,-8.3031924E+00
+7.4615002E-01,+6.7603051E-01,-1.8526671E+01
+7.5209999E-01,+6.4278264E-01,-2.9022953E+01
+7.5805002E-01,+6.0452185E-01,-3.9856866E+01
+7.6400000E-01,+5.6067162E-01,-5.1082048E+01
+7.6994997E-01,+5.1093922E-01,-6.2744748E+01
+7.7590001E-01,+4.5547422E-01,-7.4896448E+01
+7.8184998E-01,+3.9496391E-01,-8.7620053E+01
+7.8780001E-01,+3.3066265E-01,-1.0108238E+02
+7.9374999E-01,+2.6438540E-01,-1.1565353E+02
+7.9970002E-01,+1.9856460E-01,-1.3222267E+02
+8.0565000E-01,+1.3673911E-01,-1.5319001E+02
+8.1160003E-01,+8.6176897E-02,+1.7426565E+02
+8.1755000E-01,+6.6449780E-02,+1.1941286E+02
+8.2349998E-01,+8.8697438E-02,+7.1328330E+01
+8.2945001E-01,+1.2563321E-01,+4.4681369E+01
+8.3539999E-01,+1.6227920E-01,+2.7302178E+01
+8.4135002E-01,+1.9519233E-01,+1.3894497E+01
+8.4729999E-01,+2.2393081E-01,+2.5543954E+00
+8.5325003E-01,+2.4886596E-01,-7.5744562E+00
+8.5920000E-01,+2.7046267E-01,-1.6975867E+01
+8.6514997E-01,+2.8895619E-01,-2.5962449E+01
+8.7110001E-01,+3.0424403E-01,-3.4734364E+01
+8.7704998E-01,+3.1594191E-01,-4.3396654E+01
+8.8300002E-01,+3.2355081E-01,-5.1969880E+01
+8.8894999E-01,+3.2666524E-01,-6.0403908E+01
+8.9490002E-01,+3.2516160E-01,-6.8595027E+01
+9.0085000E-01,+3.1932431E-01,-7.6405074E+01
+9.0679997E-01,+3.0988543E-01,-8.3683378E+01
+9.1275001E-01,+2.9796644E-01,-9.0293922E+01
+9.1869998E-01,+2.8492080E-01,-9.6149005E+01
+9.2465001E-01,+2.7209204E-01,-1.0124407E+02
+9.3059999E-01,+2.6053430E-01,-1.0567735E+02
+9.3655002E-01,+2.5078675E-01,-1.0963286E+02
+9.4250000E-01,+2.4280897E-01,-1.1331966E+02
+9.4845003E-01,+2.3612785E-01,-1.1689361E+02
+9.5440000E-01,+2.3013489E-01,-1.2040461E+02
+9.6034998E-01,+2.2439831E-01,-1.2379563E+02
+9.6630001E-01,+2.1886509E-01,-1.2694828E+02
+9.7224998E-01,+2.1389149E-01,-1.2975410E+02
+9.7820002E-01,+2.1010058E-01,-1.3218676E+02
+9.8414999E-01,+2.0811647E-01,-1.3434486E+02
+9.9010003E-01,+2.0828249E-01,-1.3643530E+02
+9.9605000E-01,+2.1050082E-01,-1.3869448E+02
+1.0020000E+00,+2.1428279E-01,-1.4129239E+02
+1.0079499E+00,+2.1897298E-01,-1.4427908E+02
+1.0139000E+00,+2.2401880E-01,-1.4759578E+02
+1.0198500E+00,+2.2916288E-01,-1.5112934E+02
+1.0258000E+00,+2.3449459E-01,-1.5477703E+02
+1.0317500E+00,+2.4035778E-01,-1.5849678E+02
+1.0377001E+00,+2.4715388E-01,-1.6232756E+02
+1.0436500E+00,+2.5511698E-01,-1.6637237E+02
+1.0496000E+00,+2.6415500E-01,-1.7075152E+02
+1.0555500E+00,+2.7382453E-01,-1.7555019E+02
+1.0615000E+00,+2.8344179E-01,+1.7921467E+02
+1.0674500E+00,+2.9227167E-01,+1.7359750E+02
+1.0734000E+00,+2.9971896E-01,+1.6770458E+02
+1.0793500E+00,+3.0546254E-01,+1.6166417E+02
+1.0853000E+00,+3.0950251E-01,+1.5559633E+02
+1.0912499E+00,+3.1211208E-01,+1.4958749E+02
+1.0972000E+00,+3.1370853E-01,+1.4367435E+02
+1.1031500E+00,+3.1467658E-01,+1.3784156E+02
+1.1091000E+00,+3.1520127E-01,+1.3203661E+02
+1.1150500E+00,+3.1517425E-01,+1.2619955E+02
+1.1210001E+00,+3.1421471E-01,+1.2029764E+02
+1.1269500E+00,+3.1180689E-01,+1.1435279E+02
+1.1329000E+00,+3.0750872E-01,+1.0845273E+02
+1.1388500E+00,+3.0117093E-01,+1.0274457E+02
+1.1447999E+00,+2.9310459E-01,+9.7410091E+01
+1.1507500E+00,+2.8414455E-01,+9.2622429E+01
+1.1567000E+00,+2.7555788E-01,+8.8481941E+01
+1.1626500E+00,+2.6875850E-01,+8.4943274E+01
+1.1686000E+00,+2.6485089E-01,+8.1773137E+01
+1.1745501E+00,+2.6415749E-01,+7.8593985E+01
+1.1805000E+00,+2.6598500E-01,+7.5019966E+01
+1.1864500E+00,+2.6878813E-01,+7.0806422E+01
+1.1924000E+00,+2.7063425E-01,+6.5922427E+01
+1.1983500E+00,+2.6972943E-01,+6.0535729E+01
+1.2043000E+00,+2.6483545E-01,+5.4962268E+01
+1.2102500E+00,+2.5554470E-01,+4.9624735E+01
+1.2162000E+00,+2.4244890E-01,+4.5028195E+01
+1.2221500E+00,+2.2723165E-01,+4.1723847E+01
+1.2280999E+00,+2.1263981E-01,+4.0192664E+01
+1.2340500E+00,+2.0213140E-01,+4.0565581E+01
+1.2400000E+00,+1.9888837E-01,+4.2259020E+01
+1.2459500E+00,+2.0434814E-01,+4.3991409E+01
+1.2519000E+00,+2.1742782E-01,+4.4487464E+01
+1.2578501E+00,+2.3530381E-01,+4.3165303E+01
+1.2638000E+00,+2.5485263E-01,+4.0128929E+01
+1.2697500E+00,+2.7358138E-01,+3.5796383E+01
+1.2757000E+00,+2.8990188E-01,+3.0620595E+01
+1.2816499E+00,+3.0306158E-01,+2.4975971E+01
+1.2876000E+00,+3.1295174E-01,+1.9133219E+01
+1.2935500E+00,+3.1987774E-01,+1.3265574E+01
+1.2995000E+00,+3.2432914E-01,+7.4648312E+00
+1.3054500E+00,+3.2678195E-01,+1.7627103E+00
+1.3114001E+00,+3.2756799E-01,-3.8435497E+00
+1.3173500E+00,+3.2683463E-01,-9.3646388E+00
+1.3233000E+00,+3.2459353E-01,-1.4797480E+01
+1.3292500E+00,+3.2082724E-01,-2.0113788E+01
+1.3352000E+00,+3.1560562E-01,-2.5261253E+01
+1.3411500E+00,+3.0916485E-01,-3.0176033E+01
+1.3471000E+00,+3.0191735E-01,-3.4802607E+01
+1.3530500E+00,+2.9438430E-01,-3.9114862E+01
+1.3590000E+00,+2.8706916E-01,-4.3130223E+01
+1.3649499E+00,+2.8031661E-01,-4.6908598E+01
+1.3709000E+00,+2.7421746E-01,-5.0532084E+01
+1.3768500E+00,+2.6860778E-01,-5.4071505E+01
+1.3828000E+00,+2.6317251E-01,-5.7554213E+01
+1.3887500E+00,+2.5761618E-01,-6.0948272E+01
+1.3947001E+00,+2.5183455E-01,-6.4170348E+01
+1.4006500E+00,+2.4602331E-01,-6.7116221E+01
+1.4066000E+00,+2.4068007E-01,-6.9706842E+01
+1.4125500E+00,+2.3648258E-01,-7.1937365E+01
+1.4184999E+00,+2.3406600E-01,-7.3907423E+01
+1.4244500E+00,+2.3377697E-01,-7.5807951E+01
+1.4304000E+00,+2.3551858E-01,-7.7858811E+01
+1.4363500E+00,+2.3877468E-01,-8.0227070E+01
+1.4423000E+00,+2.4280539E-01,-8.2972409E+01
+1.4482501E+00,+2.4691705E-01,-8.6043536E+01
+1.4542000E+00,+2.5069612E-01,-8.9315675E+01
+1.4601500E+00,+2.5413647E-01,-9.2646622E+01
+1.4661000E+00,+2.5763116E-01,-9.5933295E+01
+1.4720500E+00,+2.6183019E-01,-9.9156257E+01
+1.4780000E+00,+2.6739550E-01,-1.0239785E+02
+1.4839500E+00,+2.7472649E-01,-1.0582118E+02
+1.4899000E+00,+2.8376293E-01,-1.0961341E+02
+1.4958500E+00,+2.9394732E-01,-1.1391982E+02
+1.5017999E+00,+3.0435178E-01,-1.1880060E+02
+1.5077500E+00,+3.1390030E-01,-1.2422374E+02
+1.5137000E+00,+3.2159935E-01,-1.3008415E+02
+1.5196500E+00,+3.2671883E-01,-1.3623220E+02
+1.5256000E+00,+3.2890023E-01,-1.4250002E+02
+1.5315500E+00,+3.2819280E-01,-1.4872298E+02
+1.5375000E+00,+3.2502320E-01,-1.5475742E+02
+1.5434500E+00,+3.2010648E-01,-1.6049732E+02
+1.5494000E+00,+3.1430800E-01,-1.6588933E+02
+1.5553499E+00,+3.0847333E-01,-1.7094269E+02
+1.5613000E+00,+3.0325853E-01,-1.7572738E+02
+1.5672500E+00,+2.9900457E-01,+1.7964415E+02
+1.5732000E+00,+2.9569651E-01,+1.7504905E+02
+1.5791500E+00,+2.9301992E-01,+1.7038892E+02
+1.5851001E+00,+2.9049226E-01,+1.6561401E+02
+1.5910500E+00,+2.8761745E-01,+1.6072998E+02
+1.5970000E+00,+2.8401763E-01,+1.5578921E+02
+1.6029500E+00,+2.7951338E-01,+1.5087323E+02
+1.6089000E+00,+2.7414508E-01,+1.4607269E+02
+1.6148500E+00,+2.6814380E-01,+1.4146871E+02
+1.6208000E+00,+2.6186485E-01,+1.3711761E+02
+1.6267500E+00,+2.5570172E-01,+1.3304133E+02
+1.6327000E+00,+2.4999970E-01,+1.2922547E+02
+1.6386499E+00,+2.4498951E-01,+1.2562631E+02
+1.6446000E+00,+2.4075792E-01,+1.2218592E+02
+1.6505500E+00,+2.3726127E-01,+1.1885038E+02
+1.6565000E+00,+2.3437547E-01,+1.1558471E+02
+1.6624500E+00,+2.3196363E-01,+1.1237960E+02
+1.6684000E+00,+2.2993929E-01,+1.0924788E+02
+1.6743500E+00,+2.2830722E-01,+1.0621297E+02
+1.6803000E+00,+2.2717108E-01,+1.0329289E+02
+1.6862500E+00,+2.2670604E-01,+1.0048485E+02
+1.6921999E+00,+2.2710209E-01,+9.7755411E+01
+1.6981500E+00,+2.2849311E-01,+9.5040944E+01
+1.7041000E+00,+2.3089304E-01,+9.2259746E+01
+1.7100500E+00,+2.3416110E-01,+8.9332873E+01
+1.7160000E+00,+2.3801007E-01,+8.6206258E+01
+1.7219501E+00,+2.4205738E-01,+8.2866487E+01
+1.7279000E+00,+2.4590588E-01,+7.9345935E+01
+1.7338500E+00,+2.4923566E-01,+7.5717518E+01
+1.7398000E+00,+2.5188828E-01,+7.2081483E+01
+1.7457500E+00,+2.5392831E-01,+6.8546779E+01
+1.7517000E+00,+2.5566819E-01,+6.5207822E+01
+1.7576500E+00,+2.5764294E-01,+6.2118474E+01
+1.7636000E+00,+2.6052374E-01,+5.9267921E+01
+1.7695500E+00,+2.6497442E-01,+5.6567989E+01
+1.7755001E+00,+2.7147839E-01,+5.3862986E+01
+1.7814500E+00,+2.8019102E-01,+5.0965255E+01
+1.7874000E+00,+2.9087341E-01,+4.7704370E+01
+1.7933500E+00,+3.0293212E-01,+4.3967737E+01
+1.7993000E+00,+3.1554035E-01,+3.9717530E+01
+1.8052500E+00,+3.2779173E-01,+3.4984195E+01
+1.8112000E+00,+3.3884186E-01,+2.9846896E+01
+1.8171500E+00,+3.4801350E-01,+2.4412019E+01
+1.8231000E+00,+3.5485911E-01,+1.8795407E+01
+1.8290499E+00,+3.5918376E-01,+1.3109517E+01
+1.8350000E+00,+3.6103403E-01,+7.4546184E+00
+1.8409500E+00,+3.6065881E-01,+1.9126919E+00
+1.8469000E+00,+3.5844955E-01,-3.4567572E+00
+1.8528500E+00,+3.5486785E-01,-8.6189346E+00
+1.8588001E+00,+3.5037175E-01,-1.3563468E+01
+1.8647500E+00,+3.4535189E-01,-1.8301001E+01
+1.8707000E+00,+3.4009010E-01,-2.2856634E+01
+1.8766500E+00,+3.3474624E-01,-2.7261341E+01
+1.8825999E+00,+3.2937461E-01,-3.1543267E+01
+1.8885500E+00,+3.2396115E-01,-3.5721264E+01
+1.8945000E+00,+3.1846936E-01,-3.9802138E+01
+1.9004500E+00,+3.1288129E-01,-4.3781875E+01
+1.9064000E+00,+3.0722288E-01,-4.7650097E+01
+1.9123501E+00,+3.0156904E-01,-5.1396112E+01
+1.9183000E+00,+2.9603024E-01,-5.5014529E+01
+1.9242500E+00,+2.9072587E-01,-5.8508967E+01
+1.9302000E+00,+2.8575496E-01,-6.1892643E+01
+1.9361500E+00,+2.8117374E-01,-6.5185234E+01
+1.9421000E+00,+2.7698813E-01,-6.8407796E+01
+1.9480500E+00,+2.7316356E-01,-7.1576677E+01
+1.9540000E+00,+2.6964917E-01,-7.4699521E+01
+1.9599500E+00,+2.6640814E-01,-7.7774470E+01
+1.9658999E+00,+2.6344359E-01,-8.0793578E+01
+1.9718500E+00,+2.6080994E-01,-8.3748946E+01
+1.9778000E+00,+2.5860555E-01,-8.6640684E+01
+1.9837500E+00,+2.5694578E-01,-8.9482371E+01
+1.9897000E+00,+2.5592481E-01,-9.2303430E+01
+1.9956501E+00,+2.5557828E-01,-9.5144681E+01
+2.0016000E+00,+2.5586118E-01,-9.8049587E+01
+2.0075500E+00,+2.5665020E-01,-1.0105320E+02
+2.0135000E+00,+2.5777281E-01,-1.0417340E+02
+2.0194499E+00,+2.5905313E-01,-1.0740727E+02
+2.0253999E+00,+2.6035994E-01,-1.1073472E+02
+2.0313499E+00,+2.6164045E-01,-1.1412728E+02
+2.0373001E+00,+2.6292763E-01,-1.1755953E+02
+2.0432501E+00,+2.6431575E-01,-1.2101984E+02
+2.0492001E+00,+2.6591002E-01,-1.2451595E+02
+2.0551500E+00,+2.6776490E-01,-1.2807308E+02
+2.0611000E+00,+2.6983352E-01,-1.3172354E+02
+2.0670500E+00,+2.7195038E-01,-1.3549135E+02
+2.0730000E+00,+2.7385912E-01,-1.3937658E+02
+2.0789499E+00,+2.7528336E-01,-1.4334518E+02
+2.0848999E+00,+2.7602488E-01,-1.4732772E+02
+2.0908501E+00,+2.7606500E-01,-1.5122826E+02
+2.0968001E+00,+2.7564199E-01,-1.5494356E+02
+2.1027501E+00,+2.7527809E-01,-1.5839152E+02
+2.1087000E+00,+2.7573029E-01,-1.6154537E+02
+2.1146500E+00,+2.7784995E-01,-1.6446379E+02
+2.1206000E+00,+2.8236779E-01,-1.6729950E+02
+2.1265500E+00,+2.8966468E-01,-1.7027155E+02
+2.1324999E+00,+2.9962183E-01,-1.7360578E+02
+2.1384499E+00,+3.1161742E-01,-1.7747097E+02
+2.1443999E+00,+3.2466421E-01,+1.7805799E+02
+2.1503501E+00,+3.3762009E-01,+1.7300091E+02
+2.1563001E+00,+3.4939735E-01,+1.6744889E+02
+2.1622500E+00,+3.5912328E-01,+1.6153470E+02
+2.1682000E+00,+3.6623995E-01,+1.5540701E+02
+2.1741500E+00,+3.7054488E-01,+1.4921152E+02
+2.1801000E+00,+3.7217849E-01,+1.4307726E+02
+2.1860499E+00,+3.7156628E-01,+1.3710595E+02
+2.1919999E+00,+3.6932153E-01,+1.3136379E+02
+2.1979499E+00,+3.6612228E-01,+1.2587624E+02
+2.2039001E+00,+3.6258166E-01,+1.2062888E+02
+2.2098501E+00,+3.5913997E-01,+1.1557561E+02
+2.2158000E+00,+3.5600537E-01,+1.1065443E+02
+2.2217500E+00,+3.5315894E-01,+1.0580620E+02
+2.2277000E+00,+3.5041969E-01,+1.0099099E+02
+2.2336500E+00,+3.4754361E-01,+9.6196229E+01
+2.2395999E+00,+3.4432378E-01,+9.1435477E+01
+2.2455499E+00,+3.4066098E-01,+8.6739804E+01
+2.2514999E+00,+3.3658960E-01,+8.2144863E+01
+2.2574501E+00,+3.3225654E-01,+7.7678548E+01
+2.2634001E+00,+3.2786526E-01,+7.3352114E+01
+2.2693501E+00,+3.2360597E-01,+6.9157343E+01
+2.2753000E+00,+3.1959537E-01,+6.5071197E+01
+2.2812500E+00,+3.1584757E-01,+6.1065206E+01
+2.2872000E+00,+3.1228390E-01,+5.7117115E+01
+2.2931499E+00,+3.0877685E-01,+5.3219312E+01
+2.2990999E+00,+3.0520986E-01,+4.9381650E+01
+2.3050499E+00,+3.0152998E-01,+4.5627479E+01
+2.3110001E+00,+2.9777537E-01,+4.1984664E+01
+2.3169501E+00,+2.9406934E-01,+3.8475263E+01
+2.3229001E+00,+2.9058309E-01,+3.5106286E+01
+2.3288500E+00,+2.8748198E-01,+3.1866484E+01
+2.3348000E+00,+2.8487423E-01,+2.8729276E+01
+2.3407500E+00,+2.8278254E-01,+2.5661699E+01
+2.3467000E+00,+2.8114866E-01,+2.2635538E+01
+2.3526499E+00,+2.7986880E-01,+1.9635990E+01
+2.3585999E+00,+2.7884480E-01,+1.6664312E+01
+2.3645501E+00,+2.7802999E-01,+1.3733545E+01
+2.3705001E+00,+2.7745242E-01,+1.0859382E+01
+2.3764501E+00,+2.7720626E-01,+8.0498157E+00
+2.3824000E+00,+2.7741520E-01,+5.2979085E+00
+2.3883500E+00,+2.7818212E-01,+2.5807047E+00
+2.3943000E+00,+2.7954551E-01,-1.3476868E-01
+2.4002500E+00,+2.8146115E-01,-2.8807803E+00
+2.4061999E+00,+2.8381869E-01,-5.6779942E+00
+2.4121499E+00,+2.8648682E-01,-8.5291455E+00
+2.4181001E+00,+2.8937135E-01,-1.1420001E+01
+2.4240501E+00,+2.9246403E-01,-1.4327353E+01
+2.4300001E+00,+2.9586337E-01,-1.7231437E+01
+2.4359500E+00,+2.9975798E-01,-2.0128658E+01
+2.4419000E+00,+3.0437254E-01,-2.3040225E+01
+2.4478500E+00,+3.0989102E-01,-2.6012952E+01
+2.4538000E+00,+3.1637976E-01,-2.9111019E+01
+2.4597499E+00,+3.2373565E-01,-3.2400871E+01
+2.4656999E+00,+3.3167717E-01,-3.5934676E+01
+2.4716499E+00,+3.3977962E-01,-3.9737832E+01
+2.4776001E+00,+3.4754324E-01,-4.3803717E+01
+2.4835501E+00,+3.5447456E-01,-4.8095551E+01
+2.4895000E+00,+3.6016312E-01,-5.2552945E+01
+2.4954500E+00,+3.6434196E-01,-5.7100524E+01
+2.5014000E+00,+3.6692561E-01,-6.1656919E+01
+2.5073500E+00,+3.6802385E-01,-6.6143602E+01
+2.5132999E+00,+3.6793158E-01,-7.0493271E+01
+2.5192499E+00,+3.6709435E-01,-7.4658321E+01
+2.5251999E+00,+3.6605184E-01,-7.8618328E+01
+2.5311501E+00,+3.6536224E-01,-8.2385382E+01
+2.5371001E+00,+3.6551660E-01,-8.6004836E+01
+2.5430501E+00,+3.6685851E-01,-8.9549281E+01
+2.5490000E+00,+3.6952652E-01,-9.3105924E+01
+2.5549500E+00,+3.7343562E-01,-9.6760062E+01
+2.5609000E+00,+3.7830361E-01,-1.0057933E+02
+2.5668499E+00,+3.8371329E-01,-1.0460332E+02
+2.5727999E+00,+3.8919441E-01,-1.0884074E+02
+2.5787499E+00,+3.9430463E-01,-1.1327299E+02
+2.5847001E+00,+3.9869464E-01,-1.1786195E+02
+2.5906501E+00,+4.0214779E-01,-1.2255928E+02
+2.5966001E+00,+4.0459170E-01,-1.2731542E+02
+2.6025500E+00,+4.0608419E-01,-1.3208699E+02
+2.6085000E+00,+4.0677797E-01,-1.3684197E+02
+2.6144500E+00,+4.0687359E-01,-1.4156224E+02
+2.6204000E+00,+4.0657068E-01,-1.4624318E+02
+2.6263499E+00,+4.0602716E-01,-1.5089060E+02
+2.6322999E+00,+4.0533708E-01,-1.5551581E+02
+2.6382501E+00,+4.0452879E-01,-1.6013027E+02
+2.6442001E+00,+4.0358247E-01,-1.6474127E+02
+2.6501501E+00,+4.0245835E-01,-1.6934961E+02
+2.6561000E+00,+4.0112676E-01,-1.7395001E+02
+2.6620500E+00,+3.9958948E-01,-1.7853344E+02
+2.6680000E+00,+3.9788671E-01,+1.7690939E+02
+2.6739500E+00,+3.9608946E-01,+1.7238484E+02
+2.6798999E+00,+3.9428090E-01,+1.6789414E+02
+2.6858499E+00,+3.9253404E-01,+1.6343328E+02
+2.6918001E+00,+3.9089405E-01,+1.5899457E+02
+2.6977501E+00,+3.8937056E-01,+1.5456951E+02
+2.7037001E+00,+3.8794285E-01,+1.5015151E+02
+2.7096500E+00,+3.8657455E-01,+1.4573783E+02
+2.7156000E+00,+3.8523147E-01,+1.4132984E+02
+2.7215500E+00,+3.8389661E-01,+1.3693166E+02
+2.7275000E+00,+3.8257599E-01,+1.3254789E+02
+2.7334499E+00,+3.8129417E-01,+1.2818136E+02
+2.7393999E+00,+3.8008117E-01,+1.2383150E+02
+2.7453499E+00,+3.7895721E-01,+1.1949469E+02
+2.7513001E+00,+3.7792078E-01,+1.1516547E+02
+2.7572501E+00,+3.7694498E-01,+1.1083895E+02
+2.7632000E+00,+3.7598488E-01,+1.0651315E+02
+2.7691500E+00,+3.7499137E-01,+1.0219006E+02
+2.7751000E+00,+3.7392804E-01,+9.7875473E+01
+2.7810500E+00,+3.7278353E-01,+9.3577235E+01
+2.7869999E+00,+3.7157510E-01,+8.9302643E+01
+2.7929499E+00,+3.7034173E-01,+8.5056054E+01
+2.7988999E+00,+3.6912940E-01,+8.0837401E+01
+2.8048501E+00,+3.6797440E-01,+7.6642272E+01
+2.8108001E+00,+3.6688965E-01,+7.2463561E+01
+2.8167500E+00,+3.6586103E-01,+6.8293841E+01
+2.8227000E+00,+3.6485332E-01,+6.4127835E+01
+2.8286500E+00,+3.6382404E-01,+5.9963550E+01
+2.8346000E+00,+3.6273848E-01,+5.5802013E+01
+2.8405499E+00,+3.6158027E-01,+5.1645432E+01
+2.8464999E+00,+3.6035186E-01,+4.7494750E+01
+2.8524499E+00,+3.5906478E-01,+4.3347473E+01
+2.8584001E+00,+3.5772311E-01,+3.9196868E+01
+2.8643501E+00,+3.5630622E-01,+3.5032917E+01
+2.8703001E+00,+3.5475897E-01,+3.0844739E+01
+2.8762500E+00,+3.5299192E-01,+2.6623619E+01
+2.8822000E+00,+3.5089353E-01,+2.2365364E+01
+2.8881500E+00,+3.4834714E-01,+1.8071076E+01
+2.8941000E+00,+3.4524628E-01,+1.3746081E+01
+2.9000499E+00,+3.4150013E-01,+9.3975583E+00
+2.9059999E+00,+3.3702559E-01,+5.0321814E+00
+2.9119501E+00,+3.3172760E-01,+6.5536110E-01
+2.9179001E+00,+3.2547641E-01,-3.7265765E+00
+2.9238501E+00,+3.1809370E-01,-8.1005837E+00
+2.9298000E+00,+3.0935946E-01,-1.2437740E+01
+2.9357500E+00,+2.9904826E-01,-1.6681845E+01
+2.9417000E+00,+2.8699583E-01,-2.0737173E+01
+2.9476500E+00,+2.7319204E-01,-2.4456962E+01
+2.9535999E+00,+2.5789029E-01,-2.7635066E+01
+2.9595499E+00,+2.4172158E-01,-3.0006875E+01
+2.9655001E+00,+2.2579146E-01,-3.1274548E+01
+2.9714501E+00,+2.1171072E-01,-3.1185306E+01
+2.9774001E+00,+2.0145701E-01,-2.9690032E+01
+2.9833500E+00,+1.9693738E-01,-2.7137904E+01
+2.9893000E+00,+1.9928962E-01,-2.4313117E+01
+2.9952500E+00,+2.0834360E-01,-2.2137795E+01
+3.0012000E+00,+2.2272474E-01,-2.1244801E+01
+3.0071499E+00,+2.4048548E-01,-2.1810361E+01
+3.0130999E+00,+2.5973513E-01,-2.3681485E+01
+3.0190499E+00,+2.7897797E-01,-2.6571072E+01
+3.0250001E+00,+2.9720214E-01,-3.0184640E+01
+3.0309501E+00,+3.1384054E-01,-3.4274388E+01
+3.0369000E+00,+3.2868178E-01,-3.8652951E+01
+3.0428500E+00,+3.4176412E-01,-4.3190464E+01
+3.0488000E+00,+3.5326985E-01,-4.7805479E+01
+3.0547500E+00,+3.6343224E-01,-5.2453674E+01
+3.0606999E+00,+3.7246529E-01,-5.7115985E+01
+3.0666499E+00,+3.8052521E-01,-6.1787265E+01
+3.0725999E+00,+3.8770340E-01,-6.6467040E+01
+3.0785501E+00,+3.9404386E-01,-7.1153453E+01
+3.0845001E+00,+3.9957305E-01,-7.5840927E+01
+3.0904500E+00,+4.0432841E-01,-8.0520809E+01
+3.0964000E+00,+4.0837425E-01,-8.5184161E+01
+3.1023500E+00,+4.1180252E-01,-8.9824537E+01
+3.1083000E+00,+4.1471825E-01,-9.4440257E+01
+3.1142499E+00,+4.1721878E-01,-9.9034637E+01
+3.1201999E+00,+4.1937452E-01,-1.0361451E+02
+3.1261499E+00,+4.2121937E-01,-1.0818764E+02
+3.1321001E+00,+4.2275413E-01,-1.1275990E+02
+3.1380501E+00,+4.2396074E-01,-1.1733337E+02
+3.1440001E+00,+4.2482239E-01,-1.2190596E+02
+3.1499500E+00,+4.2534060E-01,-1.2647254E+02
+3.1559000E+00,+4.2554423E-01,-1.3102719E+02
+3.1618500E+00,+4.2548718E-01,-1.3556560E+02
+3.1677999E+00,+4.2523560E-01,-1.4008670E+02
+3.1737499E+00,+4.2485123E-01,-1.4459312E+02
+3.1796999E+00,+4.2437548E-01,-1.4909018E+02
+3.1856501E+00,+4.2382172E-01,-1.5358391E+02
+3.1916001E+00,+4.2317733E-01,-1.5807873E+02
+3.1975501E+00,+4.2241528E-01,-1.6257598E+02
+3.2035000E+00,+4.2151000E-01,-1.6707330E+02
+3.2094500E+00,+4.2045175E-01,-1.7156564E+02
+3.2154000E+00,+4.1925465E-01,-1.7604698E+02
+3.2213500E+00,+4.1795510E-01,+1.7948754E+02
+3.2272999E+00,+4.1660189E-01,+1.7504009E+02
+3.2332499E+00,+4.1524156E-01,+1.7060957E+02
+3.2392001E+00,+4.1390498E-01,+1.6619244E+02
+3.2451501E+00,+4.1259946E-01,+1.6178427E+02
+3.2511001E+00,+4.1131004E-01,+1.5738174E+02
+3.2570500E+00,+4.1000851E-01,+1.5298430E+02
+3.2630000E+00,+4.0866690E-01,+1.4859452E+02
+3.2689500E+00,+4.0727103E-01,+1.4421762E+02
+3.2749000E+00,+4.0582746E-01,+1.3985971E+02
+3.2808499E+00,+4.0436345E-01,+1.3552596E+02
+3.2867999E+00,+4.0291850E-01,+1.3121901E+02
+3.2927499E+00,+4.0153165E-01,+1.2693845E+02
+3.2987001E+00,+4.0022864E-01,+1.2268121E+02
+3.3046501E+00,+3.9901430E-01,+1.1844322E+02
+3.3106000E+00,+3.9787276E-01,+1.1422121E+02
+3.3165500E+00,+3.9677510E-01,+1.1001428E+02
+3.3225000E+00,+3.9569163E-01,+1.0582449E+02
+3.3284500E+00,+3.9460429E-01,+1.0165637E+02
+3.3343999E+00,+3.9351414E-01,+9.7515385E+01
+3.3403499E+00,+3.9244183E-01,+9.3406261E+01
+3.3462999E+00,+3.9142027E-01,+8.9331234E+01
+3.3522501E+00,+3.9048286E-01,+8.5289538E+01
+3.3582001E+00,+3.8965178E-01,+8.1277949E+01
+3.3641500E+00,+3.8893012E-01,+7.7292014E+01
+3.3701000E+00,+3.8830200E-01,+7.3328141E+01
+3.3760500E+00,+3.8773969E-01,+6.9384908E+01
+3.3820000E+00,+3.8721532E-01,+6.5463819E+01
+3.3879499E+00,+3.8671303E-01,+6.1568724E+01
+3.3938999E+00,+3.8623685E-01,+5.7704370E+01
+3.3998499E+00,+3.8581077E-01,+5.3874533E+01
+3.4058001E+00,+3.8547222E-01,+5.0080424E+01
+3.4117501E+00,+3.8526058E-01,+4.6319976E+01
+3.4177001E+00,+3.8520459E-01,+4.2588298E+01
+3.4236500E+00,+3.8531495E-01,+3.8878997E+01
+3.4296000E+00,+3.8558289E-01,+3.5186022E+01
+3.4355500E+00,+3.8598641E-01,+3.1505128E+01
+3.4414999E+00,+3.8650059E-01,+2.7834533E+01
+3.4474499E+00,+3.8710872E-01,+2.4174458E+01
+3.4533999E+00,+3.8780862E-01,+2.0525836E+01
+3.4593501E+00,+3.8861267E-01,+1.6888681E+01
+3.4653001E+00,+3.8954118E-01,+1.3260817E+01
+3.4712501E+00,+3.9061150E-01,+9.6374843E+00
+3.4772000E+00,+3.9182757E-01,+6.0119859E+00
+3.4831500E+00,+3.9317405E-01,+2.3771330E+00
+3.4891000E+00,+3.9461686E-01,-1.2730799E+00
+3.4950500E+00,+3.9611056E-01,-4.9422232E+00
+3.5009999E+00,+3.9760921E-01,-8.6310740E+00
+3.5069499E+00,+3.9907676E-01,-1.2338264E+01
+3.5129001E+00,+4.0049256E-01,-1.6061654E+01
+3.5188501E+00,+4.0185052E-01,-1.9799877E+01
+3.5248001E+00,+4.0315206E-01,-2.3553471E+01
+3.5307500E+00,+4.0439543E-01,-2.7325153E+01
+3.5367000E+00,+4.0556561E-01,-3.1119173E+01
+3.5426500E+00,+4.0662886E-01,-3.4939947E+01
+3.5486000E+00,+4.0753334E-01,-3.8790549E+01
+3.5545499E+00,+4.0821571E-01,-4.2671521E+01
+3.5604999E+00,+4.0861073E-01,-4.6580461E+01
+3.5664501E+00,+4.0866049E-01,-5.0512369E+01
+3.5724001E+00,+4.0831963E-01,-5.4460496E+01
+3.5783501E+00,+4.0755589E-01,-5.8417278E+01
+3.5843000E+00,+4.0634659E-01,-6.2374772E+01
+3.5902500E+00,+4.0467346E-01,-6.6324669E+01
+3.5962000E+00,+4.0252125E-01,-7.0257193E+01
+3.6021500E+00,+3.9988088E-01,-7.4160208E+01
+3.6080999E+00,+3.9675957E-01,-7.8018308E+01
+3.6140499E+00,+3.9319491E-01,-8.1812669E+01
+3.6199999E+00,+3.8926950E-01,-8.5522692E+01
+3.6259501E+00,+3.8511977E-01,-8.9128430E+01
+3.6319001E+00,+3.8093465E-01,-9.2614559E+01
+3.6378500E+00,+3.7694119E-01,-9.5974384E+01
+3.6438000E+00,+3.7337801E-01,-9.9213178E+01
+3.6497500E+00,+3.7046193E-01,-1.0234933E+02
+3.6557000E+00,+3.6835513E-01,-1.0541272E+02
+3.6616499E+00,+3.6714280E-01,-1.0844046E+02
+3.6675999E+00,+3.6682661E-01,-1.1147094E+02
+3.6735499E+00,+3.6733591E-01,-1.1453796E+02
+3.6795001E+00,+3.6855236E-01,-1.1766674E+02
+3.6854501E+00,+3.7033905E-01,-1.2087250E+02
+3.6914001E+00,+3.7256633E-01,-1.2416184E+02
+3.6973500E+00,+3.7512676E-01,-1.2753533E+02
+3.7033000E+00,+3.7793949E-01,-1.3099072E+02
+3.7092500E+00,+3.8094406E-01,-1.3452509E+02
+3.7151999E+00,+3.8409045E-01,-1.3813600E+02
+3.7211499E+00,+3.8733017E-01,-1.4182116E+02
+3.7270999E+00,+3.9061172E-01,-1.4557757E+02
+3.7330501E+00,+3.9388355E-01,-1.4940068E+02
+3.7390001E+00,+3.9710017E-01,-1.5328393E+02
+3.7449501E+00,+4.0023021E-01,-1.5721921E+02
+3.7509000E+00,+4.0326176E-01,-1.6119812E+02
+3.7568500E+00,+4.0620192E-01,-1.6521321E+02
+3.7628000E+00,+4.0907116E-01,-1.6925918E+02
+3.7687500E+00,+4.1189370E-01,-1.7333332E+02
+3.7746999E+00,+4.1468709E-01,-1.7743504E+02
+3.7806499E+00,+4.1745575E-01,+1.7843507E+02
+3.7866001E+00,+4.2018939E-01,+1.7427681E+02
+3.7925501E+00,+4.2286753E-01,+1.7009134E+02
+3.7985001E+00,+4.2546804E-01,+1.6588177E+02
+3.8044500E+00,+4.2797615E-01,+1.6165286E+02
+3.8104000E+00,+4.3039102E-01,+1.5741004E+02
+3.8163500E+00,+4.3272646E-01,+1.5315824E+02
+3.8223000E+00,+4.3500712E-01,+1.4890072E+02
+3.8282499E+00,+4.3725926E-01,+1.4463876E+02
+3.8341999E+00,+4.3950211E-01,+1.4037174E+02
+3.8401501E+00,+4.4174116E-01,+1.3609811E+02
+3.8461001E+00,+4.4396634E-01,+1.3181659E+02
+3.8520501E+00,+4.4615657E-01,+1.2752726E+02
+3.8580000E+00,+4.4828729E-01,+1.2323203E+02
+3.8639500E+00,+4.5034006E-01,+1.1893445E+02
+3.8699000E+00,+4.5230916E-01,+1.1463894E+02
+3.8758500E+00,+4.5420329E-01,+1.1034961E+02
+3.8817999E+00,+4.5604210E-01,+1.0606919E+02
+3.8877499E+00,+4.5784840E-01,+1.0179849E+02
+3.8936999E+00,+4.5963871E-01,+9.7536531E+01
+3.8996501E+00,+4.6141692E-01,+9.3281295E+01
+3.9056001E+00,+4.6317127E-01,+8.9030950E+01
+3.9115500E+00,+4.6487817E-01,+8.4784594E+01
+3.9175000E+00,+4.6650956E-01,+8.0543265E+01
+3.9234500E+00,+4.6804212E-01,+7.6309531E+01
+3.9294000E+00,+4.6946460E-01,+7.2086973E+01
+3.9353499E+00,+4.7078029E-01,+6.7879001E+01
+3.9412999E+00,+4.7200434E-01,+6.3687972E+01
+3.9472499E+00,+4.7315633E-01,+5.9514428E+01
+3.9532001E+00,+4.7425111E-01,+5.5357246E+01
+3.9591501E+00,+4.7529151E-01,+5.1214110E+01
+3.9651000E+00,+4.7626553E-01,+4.7082855E+01
+3.9710500E+00,+4.7714892E-01,+4.2962284E+01
+3.9770000E+00,+4.7791271E-01,+3.8853023E+01
+3.9829500E+00,+4.7853280E-01,+3.4757453E+01
+3.9888999E+00,+4.7899804E-01,+3.0679150E+01
+3.9948499E+00,+4.7931377E-01,+2.6621737E+01
+4.0008001E+00,+4.7950010E-01,+2.2588001E+01
+4.0067501E+00,+4.7958506E-01,+1.8578934E+01
+4.0127001E+00,+4.7959536E-01,+1.4593701E+01
+4.0186501E+00,+4.7954871E-01,+1.0630108E+01
+4.0246000E+00,+4.7944983E-01,+6.6855549E+00
+4.0305500E+00,+4.7929201E-01,+2.7580533E+00
+4.0365000E+00,+4.7906379E-01,-1.1530988E+00
+4.0424500E+00,+4.7875716E-01,-5.0472266E+00
+4.0483999E+00,+4.7837483E-01,-8.9228435E+00
+4.0543499E+00,+4.7793336E-01,-1.2778631E+01
+4.0602999E+00,+4.7746035E-01,-1.6614484E+01
+4.0662498E+00,+4.7698702E-01,-2.0432174E+01
+4.0721998E+00,+4.7653847E-01,-2.4235390E+01
+4.0781498E+00,+4.7612558E-01,-2.8029066E+01
+4.0840998E+00,+4.7574137E-01,-3.1818240E+01
+4.0900502E+00,+4.7536342E-01,-3.5606904E+01
+4.0960002E+00,+4.7496183E-01,-3.9397109E+01
+4.1019502E+00,+4.7450895E-01,-4.3188890E+01
+4.1079001E+00,+4.7398850E-01,-4.6980810E+01
+4.1138501E+00,+4.7339956E-01,-5.0771031E+01
+4.1198001E+00,+4.7275544E-01,-5.4558451E+01
+4.1257501E+00,+4.7207620E-01,-5.8343569E+01
+4.1317000E+00,+4.7137958E-01,-6.2128612E+01
+4.1376500E+00,+4.7067255E-01,-6.5917018E+01
+4.1436000E+00,+4.6994719E-01,-6.9712388E+01
+4.1495500E+00,+4.6918277E-01,-7.3517349E+01
+4.1554999E+00,+4.6835258E-01,-7.7332751E+01
+4.1614499E+00,+4.6743313E-01,-8.1157601E+01
+4.1673999E+00,+4.6641323E-01,-8.4989461E+01
+4.1733499E+00,+4.6529726E-01,-8.8825650E+01
+4.1792998E+00,+4.6410359E-01,-9.2664284E+01
+4.1852498E+00,+4.6285776E-01,-9.6505187E+01
+4.1911998E+00,+4.6158281E-01,-1.0034997E+02
+4.1971502E+00,+4.6029081E-01,-1.0420149E+02
+4.2031002E+00,+4.5897905E-01,-1.0806286E+02
+4.2090502E+00,+4.5763141E-01,-1.1193624E+02
+4.2150002E+00,+4.5622562E-01,-1.1582193E+02
+4.2209501E+00,+4.5474262E-01,-1.1971820E+02
+4.2269001E+00,+4.5317558E-01,-1.2362189E+02
+4.2328501E+00,+4.5153353E-01,-1.2752939E+02
+4.2388000E+00,+4.4984057E-01,-1.3143784E+02
+4.2447500E+00,+4.4812915E-01,-1.3534610E+02
+4.2507000E+00,+4.4643043E-01,-1.3925496E+02
+4.2566500E+00,+4.4476608E-01,-1.4316661E+02
+4.2625999E+00,+4.4314335E-01,-1.4708376E+02
+4.2685499E+00,+4.4155686E-01,-1.5100831E+02
+4.2744999E+00,+4.3999435E-01,-1.5494053E+02
+4.2804499E+00,+4.3844627E-01,-1.5887885E+02
+4.2863998E+00,+4.3691371E-01,-1.6282033E+02
+4.2923498E+00,+4.3541291E-01,-1.6676181E+02
+4.2982998E+00,+4.3397350E-01,-1.7070115E+02
+4.3042498E+00,+4.3263161E-01,-1.7463811E+02
+4.3102002E+00,+4.3142044E-01,-1.7857471E+02
+4.3161502E+00,+4.3036075E-01,+1.7748545E+02
+4.3221002E+00,+4.2945624E-01,+1.7353813E+02
+4.3280501E+00,+4.2869417E-01,+1.6957997E+02
+4.3340001E+00,+4.2805169E-01,+1.6560940E+02
+4.3399501E+00,+4.2750561E-01,+1.6162704E+02
+4.3459001E+00,+4.2704117E-01,+1.5763522E+02
+4.3518500E+00,+4.2665696E-01,+1.5363695E+02
+4.3578000E+00,+4.2636493E-01,+1.4963459E+02
+4.3637500E+00,+4.2618376E-01,+1.4562887E+02
+4.3697000E+00,+4.2613002E-01,+1.4161865E+02
+4.3756499E+00,+4.2620927E-01,+1.3760131E+02
+4.3815999E+00,+4.2641110E-01,+1.3357389E+02
+4.3875499E+00,+4.2670925E-01,+1.2953438E+02
+4.3934999E+00,+4.2706844E-01,+1.2548280E+02
+4.3994498E+00,+4.2745331E-01,+1.2142149E+02
+4.4053998E+00,+4.2783797E-01,+1.1735468E+02
+4.4113498E+00,+4.2821164E-01,+1.1328744E+02
+4.4173002E+00,+4.2857867E-01,+1.0922437E+02
+4.4232502E+00,+4.2895328E-01,+1.0516854E+02
+4.4292002E+00,+4.2935056E-01,+1.0112119E+02
+4.4351501E+00,+4.2977784E-01,+9.7081996E+01
+4.4411001E+00,+4.3022909E-01,+9.3050217E+01
+4.4470501E+00,+4.3068551E-01,+8.9025829E+01
+4.4530001E+00,+4.3112171E-01,+8.5010675E+01
+4.4589500E+00,+4.3151513E-01,+8.1008717E+01
+4.4649000E+00,+4.3185662E-01,+7.7025623E+01
+4.4708500E+00,+4.3215626E-01,+7.3067570E+01
+4.4768000E+00,+4.3244449E-01,+6.9139719E+01
+4.4827499E+00,+4.3276595E-01,+6.5245063E+01
+4.4886999E+00,+4.3316956E-01,+6.1383629E+01
+4.4946499E+00,+4.3369748E-01,+5.7552740E+01
+4.5005999E+00,+4.3437692E-01,+5.3747969E+01
+4.5065498E+00,+4.3521762E-01,+4.9964467E+01
+4.5124998E+00,+4.3621537E-01,+4.6198179E+01
+4.5184498E+00,+4.3736013E-01,+4.2446513E+01
+4.5244002E+00,+4.3864476E-01,+3.8708186E+01
+4.5303502E+00,+4.4007099E-01,+3.4982395E+01
+4.5363002E+00,+4.4165006E-01,+3.1267696E+01
+4.5422502E+00,+4.4339758E-01,+2.7561064E+01
+4.5482001E+00,+4.4532430E-01,+2.3857629E+01
+4.5541501E+00,+4.4742703E-01,+2.0151189E+01
+4.5601001E+00,+4.4968295E-01,+1.6435380E+01
+4.5660501E+00,+4.5205024E-01,+1.2705120E+01
+4.5720000E+00,+4.5447484E-01,+8.9576985E+00
+4.5779500E+00,+4.5690152E-01,+5.1932118E+00
+4.5839000E+00,+4.5928506E-01,+1.4140944E+00
+4.5898499E+00,+4.6159813E-01,-2.3760166E+00
+4.5957999E+00,+4.6383200E-01,-6.1736985E+00
+4.6017499E+00,+4.6599201E-01,-9.9769267E+00
+4.6076999E+00,+4.6808749E-01,-1.3785616E+01
+4.6136498E+00,+4.7012162E-01,-1.7601338E+01
+4.6195998E+00,+4.7208449E-01,-2.1426361E+01
+4.6255498E+00,+4.7395199E-01,-2.5262420E+01
+4.6314998E+00,+4.7569127E-01,-2.9109648E+01
+4.6374502E+00,+4.7727069E-01,-3.2966163E+01
+4.6434002E+00,+4.7866991E-01,-3.6828412E+01
+4.6493502E+00,+4.7988695E-01,-4.0692171E+01
+4.6553001E+00,+4.8093880E-01,-4.4553904E+01
+4.6612501E+00,+4.8185605E-01,-4.8411802E+01
+4.6672001E+00,+4.8267214E-01,-5.2266392E+01
+4.6731501E+00,+4.8341284E-01,-5.6120176E+01
+4.6791000E+00,+4.8408789E-01,-5.9976747E+01
+4.6850500E+00,+4.8468972E-01,-6.3839382E+01
+4.6910000E+00,+4.8519866E-01,-6.7709942E+01
+4.6969500E+00,+4.8559224E-01,-7.1588327E+01
+4.7028999E+00,+4.8585654E-01,-7.5472629E+01
+4.7088499E+00,+4.8599365E-01,-7.9360086E+01
+4.7147999E+00,+4.8602281E-01,-8.3248376E+01
+4.7207499E+00,+4.8597580E-01,-8.7136694E+01
+4.7266998E+00,+4.8588657E-01,-9.1026405E+01
+4.7326498E+00,+4.8578029E-01,-9.4920733E+01
+4.7385998E+00,+4.8566575E-01,-9.8823831E+01
+4.7445502E+00,+4.8553329E-01,-1.0273952E+02
+4.7505002E+00,+4.8536033E-01,-1.0667002E+02
+4.7564502E+00,+4.8512126E-01,-1.1061542E+02
+4.7624002E+00,+4.8479879E-01,-1.1457373E+02
+4.7683501E+00,+4.8439181E-01,-1.1854196E+02
+4.7743001E+00,+4.8391778E-01,-1.2251735E+02
+4.7802501E+00,+4.8340777E-01,-1.2649864E+02
+4.7862000E+00,+4.8289620E-01,-1.3048661E+02
+4.7921500E+00,+4.8240958E-01,-1.3448411E+02
+4.7981000E+00,+4.8195842E-01,-1.3849490E+02
+4.8040500E+00,+4.8153430E-01,-1.4252259E+02
+4.8099999E+00,+4.8111534E-01,-1.4656925E+02
+4.8159499E+00,+4.8067525E-01,-1.5063464E+02
+4.8218999E+00,+4.8019549E-01,-1.5471652E+02
+4.8278499E+00,+4.7967335E-01,-1.5881142E+02
+4.8337998E+00,+4.7912497E-01,-1.6291597E+02
+4.8397498E+00,+4.7858061E-01,-1.6702828E+02
+4.8456998E+00,+4.7807490E-01,-1.7114858E+02
+4.8516502E+00,+4.7763517E-01,-1.7527924E+02
+4.8576002E+00,+4.7727235E-01,-1.7942384E+02
+4.8635502E+00,+4.7697759E-01,+1.7641409E+02
+4.8695002E+00,+4.7672632E-01,+1.7223254E+02
+4.8754501E+00,+4.7648779E-01,+1.6803166E+02
+4.8814001E+00,+4.7623627E-01,+1.6381382E+02
+4.8873501E+00,+4.7596088E-01,+1.5958281E+02
+4.8933001E+00,+4.7566837E-01,+1.5534242E+02
+4.8992500E+00,+4.7538022E-01,+1.5109518E+02
+4.9052000E+00,+4.7512236E-01,+1.4684150E+02
+4.9111500E+00,+4.7491377E-01,+1.4257966E+02
+4.9171000E+00,+4.7475652E-01,+1.3830656E+02
+4.9230499E+00,+4.7463119E-01,+1.3401916E+02
+4.9289999E+00,+4.7450009E-01,+1.2971595E+02
+4.9349499E+00,+4.7431674E-01,+1.2539780E+02
+4.9408998E+00,+4.7403780E-01,+1.2106828E+02
+4.9468498E+00,+4.7363428E-01,+1.1673283E+02
+4.9527998E+00,+4.7309644E-01,+1.1239763E+02
+4.9587498E+00,+4.7243301E-01,+1.0806808E+02
+4.9647002E+00,+4.7166277E-01,+1.0374782E+02
+4.9706502E+00,+4.7080389E-01,+9.9438521E+01
+4.9766002E+00,+4.6986377E-01,+9.5140365E+01
+4.9825501E+00,+4.6883442E-01,+9.0853328E+01
+4.9885001E+00,+4.6769429E-01,+8.6578490E+01
+4.9944501E+00,+4.6641724E-01,+8.2319034E+01
+5.0004001E+00,+4.6498437E-01,+7.8080382E+01
+5.0063500E+00,+4.6339511E-01,+7.3869474E+01
+5.0123000E+00,+4.6167286E-01,+6.9693374E+01
+5.0182500E+00,+4.5986303E-01,+6.5557571E+01
+5.0242000E+00,+4.5802357E-01,+6.1464637E+01
+5.0301499E+00,+4.5621101E-01,+5.7413841E+01
+5.0360999E+00,+4.5446743E-01,+5.3401594E+01
+5.0420499E+00,+4.5281166E-01,+4.9422927E+01
+5.0479999E+00,+4.5123936E-01,+4.5473252E+01
+5.0539498E+00,+4.4973050E-01,+4.1549889E+01
+5.0598998E+00,+4.4826273E-01,+3.7652655E+01
+5.0658498E+00,+4.4682413E-01,+3.3783461E+01
+5.0718002E+00,+4.4542148E-01,+2.9945009E+01
+5.0777502E+00,+4.4408041E-01,+2.6139002E+01
+5.0837002E+00,+4.4283750E-01,+2.2364763E+01
+5.0896502E+00,+4.4172699E-01,+1.8618653E+01
+5.0956001E+00,+4.4076750E-01,+1.4894668E+01
+5.1015501E+00,+4.3995417E-01,+1.1185931E+01
+5.1075001E+00,+4.3925883E-01,+7.4866352E+00
+5.1134501E+00,+4.3863919E-01,+3.7935970E+00
+5.1194000E+00,+4.3805297E-01,+1.0684736E-01
+5.1253500E+00,+4.3747216E-01,-3.5709679E+00
+5.1313000E+00,+4.3689197E-01,-7.2361806E+00
+5.1372499E+00,+4.3633076E-01,-1.0886072E+01
+5.1431999E+00,+4.3582100E-01,-1.4520501E+01
+5.1491499E+00,+4.3539502E-01,-1.8142524E+01
+5.1550999E+00,+4.3507050E-01,-2.1757791E+01
+5.1610498E+00,+4.3484148E-01,-2.5372914E+01
+5.1669998E+00,+4.3467857E-01,-2.8993409E+01
+5.1729498E+00,+4.3453828E-01,-3.2622081E+01
+5.1788998E+00,+4.3437810E-01,-3.6258391E+01
+5.1848502E+00,+4.3417085E-01,-3.9899186E+01
+5.1908002E+00,+4.3391397E-01,-4.3540357E+01
+5.1967502E+00,+4.3362899E-01,-4.7178934E+01
+5.2027001E+00,+4.3335178E-01,-5.0814788E+01
+5.2086501E+00,+4.3311720E-01,-5.4451220E+01
+5.2146001E+00,+4.3294399E-01,-5.8094262E+01
+5.2205501E+00,+4.3282518E-01,-6.1750941E+01
+5.2265000E+00,+4.3272865E-01,-6.5427100E+01
+5.2324500E+00,+4.3260680E-01,-6.9125620E+01
+5.2384000E+00,+4.3241198E-01,-7.2845997E+01
+5.2443500E+00,+4.3211210E-01,-7.6584679E+01
+5.2502999E+00,+4.3169935E-01,-8.0337184E+01
+5.2562499E+00,+4.3119018E-01,-8.4099881E+01
+5.2621999E+00,+4.3061524E-01,-8.7871976E+01
+5.2681499E+00,+4.3000368E-01,-9.1655874E+01
+5.2740998E+00,+4.2936815E-01,-9.5456493E+01
+5.2800498E+00,+4.2869563E-01,-9.9279513E+01
+5.2859998E+00,+4.2794822E-01,-1.0312898E+02
+5.2919502E+00,+4.2707422E-01,-1.0700560E+02
+5.2979002E+00,+4.2602462E-01,-1.1090608E+02
+5.3038502E+00,+4.2476982E-01,-1.1482382E+02
+5.3098001E+00,+4.2330982E-01,-1.1875080E+02
+5.3157501E+00,+4.2167461E-01,-1.2267985E+02
+5.3217001E+00,+4.1991474E-01,-1.2660680E+02
+5.3276501E+00,+4.1808491E-01,-1.3053124E+02
+5.3336000E+00,+4.1622753E-01,-1.3445605E+02
+5.3395500E+00,+4.1436129E-01,-1.3838584E+02
+5.3455000E+00,+4.1248031E-01,-1.4232457E+02
+5.3514500E+00,+4.1056298E-01,-1.4627354E+02
+5.3573999E+00,+4.0858685E-01,-1.5023063E+02
+5.3633499E+00,+4.0654537E-01,-1.5419080E+02
+5.3692999E+00,+4.0445726E-01,-1.5814788E+02
+5.3752499E+00,+4.0236742E-01,-1.6209702E+02
+5.3811998E+00,+4.0033643E-01,-1.6603670E+02
+5.3871498E+00,+3.9842436E-01,-1.6996978E+02
+5.3930998E+00,+3.9667253E-01,-1.7390281E+02
+5.3990502E+00,+3.9509249E-01,-1.7784407E+02
+5.4050002E+00,+3.9366482E-01,+1.7819909E+02
+5.4109502E+00,+3.9234865E-01,+1.7422276E+02
+5.4169002E+00,+3.9109905E-01,+1.7022738E+02
+5.4228501E+00,+3.8988521E-01,+1.6621741E+02
+5.4288001E+00,+3.8870240E-01,+1.6219915E+02
+5.4347501E+00,+3.8757410E-01,+1.5817825E+02
+5.4407001E+00,+3.8654275E-01,+1.5415715E+02
+5.4466500E+00,+3.8565242E-01,+1.5013393E+02
+5.4526000E+00,+3.8493088E-01,+1.4610288E+02
+5.4585500E+00,+3.8437619E-01,+1.4205649E+02
+5.4645000E+00,+3.8395487E-01,+1.3798829E+02
+5.4704499E+00,+3.8361065E-01,+1.3389549E+02
+5.4763999E+00,+3.8328237E-01,+1.2978016E+02
+5.4823499E+00,+3.8292242E-01,+1.2564890E+02
+5.4882998E+00,+3.8251082E-01,+1.2151074E+02
+5.4942498E+00,+3.8205892E-01,+1.1737446E+02
+5.5001998E+00,+3.8160089E-01,+1.1324583E+02
+5.5061498E+00,+3.8117809E-01,+1.0912643E+02
+5.5121002E+00,+3.8081983E-01,+1.0501381E+02
+5.5180502E+00,+3.8053022E-01,+1.0090341E+02
+5.5240002E+00,+3.8028476E-01,+9.6791399E+01
+5.5299501E+00,+3.8003911E-01,+9.2677303E+01
+5.5359001E+00,+3.7974670E-01,+8.8565242E+01
+5.5418501E+00,+3.7937879E-01,+8.4463439E+01
+5.5478001E+00,+3.7893869E-01,+8.0382154E+01
+5.5537500E+00,+3.7846610E-01,+7.6330240E+01
+5.5597000E+00,+3.7802712E-01,+7.2312340E+01
+5.5656500E+00,+3.7769500E-01,+6.8326926E+01
+5.5716000E+00,+3.7752678E-01,+6.4366567E+01
+5.5775499E+00,+3.7754455E-01,+6.0420164E+01
+5.5834999E+00,+3.7772874E-01,+5.6476332E+01
+5.5894499E+00,+3.7802497E-01,+5.2527088E+01
+5.5953999E+00,+3.7836259E-01,+4.8569788E+01
+5.6013498E+00,+3.7867822E-01,+4.4607485E+01
+5.6072998E+00,+3.7893478E-01,+4.0646932E+01
+5.6132498E+00,+3.7912966E-01,+3.6695509E+01
+5.6192002E+00,+3.7928936E-01,+3.2757791E+01
+5.6251502E+00,+3.7945227E-01,+2.8833770E+01
+5.6311002E+00,+3.7964695E-01,+2.4918567E+01
+5.6370502E+00,+3.7987395E-01,+2.1004397E+01
+5.6430001E+00,+3.8009900E-01,+1.7083734E+01
+5.6489501E+00,+3.8025982E-01,+1.3152603E+01
+5.6549001E+00,+3.8028530E-01,+9.2125394E+00
+5.6608500E+00,+3.8011875E-01,+5.2705744E+00
+5.6668000E+00,+3.7973728E-01,+1.3371386E+00
+5.6727500E+00,+3.7915989E-01,-2.5773622E+00
+5.6787000E+00,+3.7844034E-01,-6.4660644E+00
+5.6846499E+00,+3.7764784E-01,-1.0328006E+01
+5.6905999E+00,+3.7684194E-01,-1.4168402E+01
+5.6965499E+00,+3.7605113E-01,-1.7996670E+01
+5.7024999E+00,+3.7526332E-01,-2.1822891E+01
+5.7084498E+00,+3.7443192E-01,-2.5654015E+01
+5.7143998E+00,+3.7349527E-01,-2.9491343E+01
+5.7203498E+00,+3.7240228E-01,-3.3330174E+01
+5.7262998E+00,+3.7113398E-01,-3.7161814E+01
+5.7322502E+00,+3.6971351E-01,-4.0977185E+01
+5.7382002E+00,+3.6819940E-01,-4.4770750E+01
+5.7441502E+00,+3.6666594E-01,-4.8543189E+01
+5.7501001E+00,+3.6517616E-01,-5.2301886E+01
+5.7560501E+00,+3.6375889E-01,-5.6058825E+01
+5.7620001E+00,+3.6239835E-01,-5.9826700E+01
+5.7679501E+00,+3.6104045E-01,-6.3614644E+01
+5.7739000E+00,+3.5961392E-01,-6.7425367E+01
+5.7798500E+00,+3.5805800E-01,-7.1254564E+01
+5.7858000E+00,+3.5634612E-01,-7.5093241E+01
+5.7917500E+00,+3.5449668E-01,-7.8931642E+01
+5.7976999E+00,+3.5256676E-01,-8.2763651E+01
+5.8036499E+00,+3.5063095E-01,-8.6589951E+01
+5.8095999E+00,+3.4875275E-01,-9.0418627E+01
+5.8155499E+00,+3.4695977E-01,-9.4262972E+01
+5.8214998E+00,+3.4523222E-01,-9.8137206E+01
+5.8274498E+00,+3.4350891E-01,-1.0205168E+02
+5.8333998E+00,+3.4170940E-01,-1.0600960E+02
+5.8393502E+00,+3.3976283E-01,-1.1000631E+02
+5.8453002E+00,+3.3763335E-01,-1.1403151E+02
+5.8512502E+00,+3.3533197E-01,-1.1807362E+02
+5.8572001E+00,+3.3291106E-01,-1.2212466E+02
+5.8631501E+00,+3.3044274E-01,-1.2618373E+02
+5.8691001E+00,+3.2798930E-01,-1.3025797E+02
+5.8750501E+00,+3.2557734E-01,-1.3436048E+02
+5.8810000E+00,+3.2318397E-01,-1.3850543E+02
+5.8869500E+00,+3.2074260E-01,-1.4270307E+02
+5.8929000E+00,+3.1816441E-01,-1.4695556E+02
+5.8988500E+00,+3.1536852E-01,-1.5125578E+02
+5.9047999E+00,+3.1230962E-01,-1.5558948E+02
+5.9107499E+00,+3.0899262E-01,-1.5993965E+02
+5.9166999E+00,+3.0546943E-01,-1.6429209E+02
+5.9226499E+00,+3.0181949E-01,-1.6863968E+02
+5.9285998E+00,+2.9811987E-01,-1.7298436E+02
+5.9345498E+00,+2.9441718E-01,-1.7733538E+02
+5.9404998E+00,+2.9071062E-01,+1.7829518E+02
+5.9464502E+00,+2.8695398E-01,+1.7389842E+02
+5.9524002E+00,+2.8307489E-01,+1.6947368E+02
+5.9583502E+00,+2.7900517E-01,+1.6503076E+02
+5.9643002E+00,+2.7471039E-01,+1.6058850E+02
+5.9702501E+00,+2.7020843E-01,+1.5616993E+02
+5.9762001E+00,+2.6556961E-01,+1.5179578E+02
+5.9821501E+00,+2.6089851E-01,+1.4747832E+02
+5.9881001E+00,+2.5630242E-01,+1.4321782E+02
+5.9940500E+00,+2.5185834E-01,+1.3900322E+02
+6.0000000E+00,+2.4759041E-01,+1.3481702E+02
