+5.0000001E-02,+2.1563675E-03
+5.2477341E-02,+2.2627099E-03
+5.5077430E-02,+2.3742439E-03
+5.5955958E-02,+2.4119108E-03
+5.7806343E-02,+2.4912145E-03
+6.0670465E-02,+2.6138772E-03
+6.1911911E-02,+2.6670108E-03
+6.3676499E-02,+2.7424979E-03
+6.6831470E-02,+2.8773532E-03
+6.7867868E-02,+2.9216211E-03
+7.0142753E-02,+3.0187310E-03
+7.3618107E-02,+3.1669298E-03
+7.3823825E-02,+3.1756959E-03
+7.7265650E-02,+3.3222591E-03
+7.9779781E-02,+3.4291900E-03
+8.1093922E-02,+3.4850391E-03
+8.5111871E-02,+3.6556020E-03
+8.5735738E-02,+3.6820583E-03
+8.9328900E-02,+3.8342895E-03
+9.1691695E-02,+3.9342558E-03
+9.3754865E-02,+4.0214541E-03
+9.7647645E-02,+4.1857390E-03
+9.8400123E-02,+4.2174584E-03
+1.0327554E-01,+4.4226740E-03
+1.0360360E-01,+4.4364640E-03
+1.0839251E-01,+4.6374807E-03
+1.0955956E-01,+4.6863873E-03
+1.1376303E-01,+4.8622666E-03
+1.1551552E-01,+4.9354662E-03
+1.1939962E-01,+5.0974251E-03
+1.2147147E-01,+5.1836586E-03
+1.2531550E-01,+5.3433543E-03
+1.2742743E-01,+5.4309233E-03
+1.3152449E-01,+5.6004548E-03
+1.3338338E-01,+5.6772190E-03
+1.3804111E-01,+5.8691283E-03
+1.3933934E-01,+5.9225056E-03
+1.4488061E-01,+6.1497735E-03
+1.4529529E-01,+6.1667436E-03
+1.5125126E-01,+6.4098937E-03
+1.5205899E-01,+6.4427834E-03
+1.5720721E-01,+6.6519175E-03
+1.5959305E-01,+6.7485427E-03
+1.6316317E-01,+6.8927770E-03
+1.6750038E-01,+7.0674210E-03
+1.6911912E-01,+7.1324361E-03
+1.7507507E-01,+7.3708585E-03
+1.7579949E-01,+7.3997714E-03
+1.8103103E-01,+7.6080086E-03
+1.8450980E-01,+7.7459211E-03
+1.8698698E-01,+7.8438520E-03
+1.9294295E-01,+8.0783544E-03
+1.9365168E-01,+8.1061684E-03
+1.9889890E-01,+8.3114831E-03
+2.0324650E-01,+8.4807714E-03
+2.0485486E-01,+8.5432054E-03
+2.1081081E-01,+8.7734908E-03
+2.1331674E-01,+8.8699451E-03
+2.1676676E-01,+9.0023093E-03
+2.2272272E-01,+9.2296293E-03
+2.2388591E-01,+9.2738466E-03
+2.2867867E-01,+9.4554229E-03
+2.3463464E-01,+9.6796630E-03
+2.3497875E-01,+9.6925702E-03
+2.4059059E-01,+9.9023208E-03
+2.4654655E-01,+1.0123372E-02
+2.4662121E-01,+1.0126133E-02
+2.5250250E-01,+1.0342791E-02
+2.5845847E-01,+1.0560552E-02
+2.5884050E-01,+1.0574463E-02
+2.6441440E-01,+1.0776632E-02
+2.7037036E-01,+1.0991009E-02
+2.7166525E-01,+1.1037389E-02
+2.7632633E-01,+1.1203662E-02
+2.8228229E-01,+1.1414569E-02
+2.8512540E-01,+1.1514625E-02
+2.8823823E-01,+1.1623709E-02
+2.9419419E-01,+1.1831067E-02
+2.9925248E-01,+1.2005755E-02
+3.0015016E-01,+1.2036620E-02
+3.0610612E-01,+1.2240354E-02
+3.1206205E-01,+1.2442253E-02
+3.1407949E-01,+1.2510221E-02
+3.1801802E-01,+1.2642299E-02
+3.2397398E-01,+1.2840480E-02
+3.2964113E-01,+1.3027306E-02
+3.2992992E-01,+1.3036780E-02
+3.3588588E-01,+1.3231189E-02
+3.4184185E-01,+1.3423693E-02
+3.4597382E-01,+1.3556119E-02
+3.4779781E-01,+1.3614282E-02
+3.5375375E-01,+1.3802946E-02
+3.5970971E-01,+1.3989674E-02
+3.6311573E-01,+1.4095585E-02
+3.6566567E-01,+1.4174460E-02
+3.7162161E-01,+1.4357294E-02
+3.7757757E-01,+1.4538170E-02
+3.8110697E-01,+1.4644428E-02
+3.8353354E-01,+1.4717082E-02
+3.8948950E-01,+1.4894025E-02
+3.9544544E-01,+1.5068996E-02
+3.9998963E-01,+1.5201162E-02
+4.0140140E-01,+1.5241988E-02
+4.0735736E-01,+1.5412999E-02
+4.1331330E-01,+1.5582029E-02
+4.1926926E-01,+1.5749075E-02
+4.1980785E-01,+1.5764082E-02
+4.2522523E-01,+1.5914135E-02
+4.3118119E-01,+1.6077209E-02
+4.3713713E-01,+1.6238300E-02
+4.4060802E-01,+1.6331261E-02
+4.4309309E-01,+1.6397407E-02
+4.4904906E-01,+1.6554534E-02
+4.5500502E-01,+1.6709682E-02
+4.6096095E-01,+1.6862854E-02
+4.6243876E-01,+1.6900552E-02
+4.6691692E-01,+1.7014055E-02
+4.7287288E-01,+1.7163288E-02
+4.7882882E-01,+1.7310558E-02
+4.8478478E-01,+1.7455872E-02
+4.8535115E-01,+1.7469589E-02
+4.9074075E-01,+1.7599236E-02
+4.9669671E-01,+1.7740656E-02
+5.0265265E-01,+1.7880138E-02
+5.0860858E-01,+1.8017691E-02
+5.0939876E-01,+1.8035796E-02
+5.1456457E-01,+1.8153323E-02
+5.2052051E-01,+1.8287044E-02
+5.2647650E-01,+1.8418860E-02
+5.3243244E-01,+1.8548781E-02
+5.3463787E-01,+1.8596413E-02
+5.3838837E-01,+1.8676819E-02
+5.4434437E-01,+1.8802984E-02
+5.5030030E-01,+1.8927285E-02
+5.5625623E-01,+1.9049734E-02
+5.6112748E-01,+1.9148514E-02
+5.6221223E-01,+1.9170344E-02
+5.6816816E-01,+1.9289123E-02
+5.7412410E-01,+1.9406088E-02
+5.8008009E-01,+1.9521248E-02
+5.8603603E-01,+1.9634616E-02
+5.8892959E-01,+1.9689051E-02
+5.9199202E-01,+1.9746207E-02
+5.9794796E-01,+1.9856032E-02
+6.0390389E-01,+1.9964106E-02
+6.0985988E-01,+2.0070443E-02
+6.1581582E-01,+2.0175057E-02
+6.1810917E-01,+2.0214884E-02
+6.2177175E-01,+2.0277962E-02
+6.2772775E-01,+2.0379173E-02
+6.3368368E-01,+2.0478703E-02
+6.3963962E-01,+2.0576568E-02
+6.4559561E-01,+2.0672785E-02
+6.4873457E-01,+2.0722836E-02
+6.5155154E-01,+2.0767368E-02
+6.5750748E-01,+2.0860331E-02
+6.6346347E-01,+2.0951690E-02
+6.6941941E-01,+2.1041462E-02
+6.7537540E-01,+2.1129662E-02
+6.8087733E-01,+2.1209756E-02
+6.8133134E-01,+2.1216307E-02
+6.8728727E-01,+2.1301409E-02
+6.9324327E-01,+2.1384990E-02
+6.9919920E-01,+2.1467062E-02
+7.0515513E-01,+2.1547642E-02
+7.1111113E-01,+2.1626748E-02
+7.1461266E-01,+2.1672571E-02
+7.1706706E-01,+2.1704394E-02
+7.2302300E-01,+2.1780597E-02
+7.2897899E-01,+2.1855375E-02
+7.3493493E-01,+2.1928743E-02
+7.4089092E-01,+2.2000717E-02
+7.4684685E-01,+2.2071315E-02
+7.5001943E-01,+2.2108365E-02
+7.5280279E-01,+2.2140553E-02
+7.5875878E-01,+2.2208447E-02
+7.6471472E-01,+2.2275012E-02
+7.7067065E-01,+2.2340268E-02
+7.7662665E-01,+2.2404227E-02
+7.8258258E-01,+2.2466909E-02
+7.8718054E-01,+2.2514436E-02
+7.8853852E-01,+2.2528330E-02
+7.9449451E-01,+2.2588504E-02
+8.0045044E-01,+2.2647450E-02
+8.0640638E-01,+2.2705182E-02
+8.1236237E-01,+2.2761716E-02
+8.1831831E-01,+2.2817070E-02
+8.2427430E-01,+2.2871258E-02
+8.2618290E-01,+2.2888379E-02
+8.3023024E-01,+2.2924297E-02
+8.3618617E-01,+2.2976201E-02
+8.4214216E-01,+2.3026990E-02
+8.4809810E-01,+2.3076676E-02
+8.5405403E-01,+2.3125274E-02
+8.6001003E-01,+2.3172801E-02
+8.6596596E-01,+2.3219274E-02
+8.6711764E-01,+2.3228139E-02
+8.7192190E-01,+2.3264706E-02
+8.7787789E-01,+2.3309112E-02
+8.8383383E-01,+2.3352508E-02
+8.8978976E-01,+2.3394907E-02
+8.9574575E-01,+2.3436327E-02
+9.0170169E-01,+2.3476781E-02
+9.0765768E-01,+2.3516284E-02
+9.1008061E-01,+2.3532085E-02
+9.1361362E-01,+2.3554849E-02
+9.1956955E-01,+2.3592493E-02
+9.2552555E-01,+2.3629228E-02
+9.3148148E-01,+2.3665067E-02
+9.3743742E-01,+2.3700027E-02
+9.4339341E-01,+2.3734121E-02
+9.4934934E-01,+2.3767361E-02
+9.5517224E-01,+2.3799049E-02
+9.5530528E-01,+2.3799764E-02
+9.6126127E-01,+2.3831340E-02
+9.6721721E-01,+2.3862103E-02
+9.7317320E-01,+2.3892066E-02
+9.7912914E-01,+2.3921244E-02
+9.8508507E-01,+2.3949647E-02
+9.9104106E-01,+2.3977291E-02
+9.9699700E-01,+2.4004186E-02
+1.0024980E+00,+2.4028374E-02
+1.0029529E+00,+2.4030346E-02
+1.0089089E+00,+2.4055783E-02
+1.0148649E+00,+2.4080507E-02
+1.0208209E+00,+2.4104534E-02
+1.0267768E+00,+2.4127873E-02
+1.0327327E+00,+2.4150537E-02
+1.0386887E+00,+2.4172537E-02
+1.0446446E+00,+2.4193885E-02
+1.0506006E+00,+2.4214594E-02
+1.0521686E+00,+2.4219939E-02
+1.0565566E+00,+2.4234671E-02
+1.0625125E+00,+2.4254130E-02
+1.0684685E+00,+2.4272982E-02
+1.0744244E+00,+2.4291236E-02
+1.0803804E+00,+2.4308905E-02
+1.0863364E+00,+2.4325998E-02
+1.0922923E+00,+2.4342528E-02
+1.0982482E+00,+2.4358500E-02
+1.1042042E+00,+2.4373928E-02
+1.1043003E+00,+2.4374174E-02
+1.1101601E+00,+2.4388824E-02
+1.1161162E+00,+2.4403192E-02
+1.1220721E+00,+2.4417046E-02
+1.1280280E+00,+2.4430394E-02
+1.1339840E+00,+2.4443246E-02
+1.1399399E+00,+2.4455613E-02
+1.1458958E+00,+2.4467500E-02
+1.1518519E+00,+2.4478920E-02
+1.1578078E+00,+2.4489881E-02
+1.1590148E+00,+2.4492048E-02
+1.1637638E+00,+2.4500391E-02
+1.1697197E+00,+2.4510458E-02
+1.1756756E+00,+2.4520094E-02
+1.1816317E+00,+2.4529302E-02
+1.1875876E+00,+2.4538096E-02
+1.1935436E+00,+2.4546482E-02
+1.1994995E+00,+2.4554465E-02
+1.2054554E+00,+2.4562059E-02
+1.2114114E+00,+2.4569266E-02
+1.2164404E+00,+2.4575058E-02
+1.2173674E+00,+2.4576098E-02
+1.2233233E+00,+2.4582559E-02
+1.2292793E+00,+2.4588661E-02
+1.2352352E+00,+2.4594408E-02
+1.2411911E+00,+2.4599807E-02
+1.2471472E+00,+2.4604868E-02
+1.2531031E+00,+2.4609596E-02
+1.2590591E+00,+2.4613997E-02
+1.2650150E+00,+2.4618082E-02
+1.2709709E+00,+2.4621852E-02
+1.2767112E+00,+2.4625199E-02
+1.2769269E+00,+2.4625318E-02
+1.2828829E+00,+2.4628486E-02
+1.2888389E+00,+2.4631361E-02
+1.2947948E+00,+2.4633950E-02
+1.3007507E+00,+2.4636257E-02
+1.3067067E+00,+2.4638293E-02
+1.3126627E+00,+2.4640061E-02
+1.3186187E+00,+2.4641566E-02
+1.3245746E+00,+2.4642816E-02
+1.3305305E+00,+2.4643816E-02
+1.3364865E+00,+2.4644570E-02
+1.3399682E+00,+2.4644902E-02
+1.3424424E+00,+2.4645086E-02
+1.3483984E+00,+2.4645369E-02
+1.3543544E+00,+2.4645425E-02
+1.3603103E+00,+2.4645256E-02
+1.3662663E+00,+2.4644870E-02
+1.3722222E+00,+2.4644272E-02
+1.3781781E+00,+2.4643468E-02
+1.3841342E+00,+2.4642460E-02
+1.3900901E+00,+2.4641255E-02
+1.3960460E+00,+2.4639856E-02
+1.4020020E+00,+2.4638269E-02
+1.4063594E+00,+2.4636993E-02
+1.4079579E+00,+2.4636500E-02
+1.4139140E+00,+2.4634551E-02
+1.4198699E+00,+2.4632428E-02
+1.4258258E+00,+2.4630135E-02
+1.4317818E+00,+2.4627676E-02
+1.4377377E+00,+2.4625055E-02
+1.4436936E+00,+2.4622276E-02
+1.4496497E+00,+2.4619346E-02
+1.4556056E+00,+2.4616266E-02
+1.4615616E+00,+2.4613041E-02
+1.4675175E+00,+2.4609674E-02
+1.4734734E+00,+2.4606170E-02
+1.4760401E+00,+2.4604619E-02
+1.4794295E+00,+2.4602532E-02
+1.4853854E+00,+2.4598764E-02
+1.4913414E+00,+2.4594869E-02
+1.4972973E+00,+2.4590852E-02
+1.5032532E+00,+2.4586715E-02
+1.5092092E+00,+2.4582462E-02
+1.5151652E+00,+2.4578098E-02
+1.5211211E+00,+2.4573622E-02
+1.5270771E+00,+2.4569042E-02
+1.5330330E+00,+2.4564359E-02
+1.5389889E+00,+2.4559576E-02
+1.5449450E+00,+2.4554698E-02
+1.5491732E+00,+2.4551176E-02
+1.5509009E+00,+2.4549725E-02
+1.5568569E+00,+2.4544660E-02
+1.5628128E+00,+2.4539510E-02
+1.5687687E+00,+2.4534274E-02
+1.5747247E+00,+2.4528956E-02
+1.5806807E+00,+2.4523558E-02
+1.5866367E+00,+2.4518084E-02
+1.5925926E+00,+2.4512537E-02
+1.5985485E+00,+2.4506919E-02
+1.6045045E+00,+2.4501231E-02
+1.6104605E+00,+2.4495477E-02
+1.6164165E+00,+2.4489660E-02
+1.6223724E+00,+2.4483781E-02
+1.6259300E+00,+2.4480242E-02
+1.6283283E+00,+2.4477843E-02
+1.6342843E+00,+2.4471849E-02
+1.6402402E+00,+2.4465801E-02
+1.6461962E+00,+2.4459701E-02
+1.6521522E+00,+2.4453551E-02
+1.6581081E+00,+2.4447352E-02
+1.6640640E+00,+2.4441108E-02
+1.6700200E+00,+2.4434822E-02
+1.6759759E+00,+2.4428492E-02
+1.6819320E+00,+2.4422124E-02
+1.6878879E+00,+2.4415718E-02
+1.6938438E+00,+2.4409277E-02
+1.6997998E+00,+2.4402803E-02
+1.7057557E+00,+2.4396295E-02
+1.7064896E+00,+2.4395492E-02
+1.7117118E+00,+2.4389759E-02
+1.7176677E+00,+2.4383193E-02
+1.7236236E+00,+2.4376601E-02
+1.7295796E+00,+2.4369985E-02
+1.7355355E+00,+2.4363345E-02
+1.7414914E+00,+2.4356684E-02
+1.7474475E+00,+2.4350002E-02
+1.7534034E+00,+2.4343302E-02
+1.7593594E+00,+2.4336586E-02
+1.7653153E+00,+2.4329852E-02
+1.7712712E+00,+2.4323108E-02
+1.7772273E+00,+2.4316348E-02
+1.7831832E+00,+2.4309579E-02
+1.7891392E+00,+2.4302801E-02
+1.7910408E+00,+2.4300635E-02
+1.7950951E+00,+2.4296014E-02
+1.8010510E+00,+2.4289219E-02
+1.8070070E+00,+2.4282420E-02
+1.8129630E+00,+2.4275616E-02
+1.8189189E+00,+2.4268808E-02
+1.8248749E+00,+2.4262000E-02
+1.8308308E+00,+2.4255190E-02
+1.8367867E+00,+2.4248380E-02
+1.8427428E+00,+2.4241572E-02
+1.8486987E+00,+2.4234768E-02
+1.8546547E+00,+2.4227967E-02
+1.8606106E+00,+2.4221171E-02
+1.8665665E+00,+2.4214381E-02
+1.8725225E+00,+2.4207598E-02
+1.8784785E+00,+2.4200823E-02
+1.8797812E+00,+2.4199342E-02
+1.8844345E+00,+2.4194056E-02
+1.8903904E+00,+2.4187300E-02
+1.8963463E+00,+2.4180556E-02
+1.9023023E+00,+2.4173822E-02
+1.9082582E+00,+2.4167100E-02
+1.9142143E+00,+2.4160393E-02
+1.9201702E+00,+2.4153700E-02
+1.9261261E+00,+2.4147023E-02
+1.9320821E+00,+2.4140362E-02
+1.9380380E+00,+2.4133718E-02
+1.9439940E+00,+2.4127090E-02
+1.9499500E+00,+2.4120482E-02
+1.9559059E+00,+2.4113894E-02
+1.9618618E+00,+2.4107324E-02
+1.9678178E+00,+2.4100775E-02
+1.9729185E+00,+2.4095183E-02
+1.9737737E+00,+2.4094248E-02
+1.9797298E+00,+2.4087742E-02
+1.9856857E+00,+2.4081260E-02
+1.9916416E+00,+2.4074800E-02
+1.9975976E+00,+2.4068365E-02
+2.0035536E+00,+2.4061954E-02
+2.0095096E+00,+2.4055569E-02
+2.0154655E+00,+2.4049208E-02
+2.0214214E+00,+2.4042875E-02
+2.0273774E+00,+2.4036568E-02
+2.0333333E+00,+2.4030289E-02
+2.0392892E+00,+2.4024036E-02
+2.0452452E+00,+2.4017813E-02
+2.0512011E+00,+2.4011619E-02
+2.0571570E+00,+2.4005454E-02
+2.0631132E+00,+2.3999318E-02
+2.0690691E+00,+2.3993215E-02
+2.0706704E+00,+2.3991577E-02
+2.0750251E+00,+2.3987141E-02
+2.0809810E+00,+2.3981096E-02
+2.0869370E+00,+2.3975085E-02
+2.0928929E+00,+2.3969106E-02
+2.0988488E+00,+2.3963159E-02
+2.1048048E+00,+2.3957245E-02
+2.1107607E+00,+2.3951365E-02
+2.1167166E+00,+2.3945518E-02
+2.1226726E+00,+2.3939705E-02
+2.1286287E+00,+2.3933925E-02
+2.1345847E+00,+2.3928180E-02
+2.1405406E+00,+2.3922469E-02
+2.1464965E+00,+2.3916796E-02
+2.1524525E+00,+2.3911158E-02
+2.1584084E+00,+2.3905553E-02
+2.1643643E+00,+2.3899987E-02
+2.1703203E+00,+2.3894455E-02
+2.1732657E+00,+2.3891734E-02
+2.1762762E+00,+2.3888962E-02
+2.1822321E+00,+2.3883505E-02
+2.1881881E+00,+2.3878084E-02
+2.1941442E+00,+2.3872701E-02
+2.2001002E+00,+2.3867356E-02
+2.2060561E+00,+2.3862049E-02
+2.2120121E+00,+2.3856780E-02
+2.2179680E+00,+2.3851547E-02
+2.2239239E+00,+2.3846356E-02
+2.2298799E+00,+2.3841200E-02
+2.2358358E+00,+2.3836086E-02
+2.2417917E+00,+2.3831010E-02
+2.2477477E+00,+2.3825971E-02
+2.2537036E+00,+2.3820974E-02
+2.2596598E+00,+2.3816016E-02
+2.2656157E+00,+2.3811096E-02
+2.2715716E+00,+2.3806218E-02
+2.2775276E+00,+2.3801379E-02
+2.2809441E+00,+2.3798620E-02
+2.2834835E+00,+2.3796579E-02
+2.2894394E+00,+2.3791820E-02
+2.2953954E+00,+2.3787100E-02
+2.3013513E+00,+2.3782421E-02
+2.3073072E+00,+2.3777783E-02
+2.3132632E+00,+2.3773186E-02
+2.3192191E+00,+2.3768628E-02
+2.3251753E+00,+2.3764111E-02
+2.3311312E+00,+2.3759635E-02
+2.3370872E+00,+2.3755200E-02
+2.3430431E+00,+2.3750806E-02
+2.3489990E+00,+2.3746453E-02
+2.3549550E+00,+2.3742141E-02
+2.3609109E+00,+2.3737870E-02
+2.3668668E+00,+2.3733640E-02
+2.3728228E+00,+2.3729453E-02
+2.3787787E+00,+2.3725305E-02
+2.3847346E+00,+2.3721198E-02
+2.3906908E+00,+2.3717133E-02
+2.3939576E+00,+2.3714921E-02
+2.3966467E+00,+2.3713110E-02
+2.4026027E+00,+2.3709128E-02
+2.4085586E+00,+2.3705186E-02
+2.4145145E+00,+2.3701286E-02
+2.4204705E+00,+2.3697428E-02
+2.4264264E+00,+2.3693610E-02
+2.4323823E+00,+2.3689834E-02
+2.4383383E+00,+2.3686100E-02
+2.4442942E+00,+2.3682406E-02
+2.4502501E+00,+2.3678755E-02
+2.4562063E+00,+2.3675144E-02
+2.4621623E+00,+2.3671575E-02
+2.4681182E+00,+2.3668047E-02
+2.4740741E+00,+2.3664560E-02
+2.4800301E+00,+2.3661114E-02
+2.4859860E+00,+2.3657709E-02
+2.4919419E+00,+2.3654347E-02
+2.4978979E+00,+2.3651024E-02
+2.5038538E+00,+2.3647742E-02
+2.5098097E+00,+2.3644503E-02
+2.5125706E+00,+2.3643015E-02
+2.5157657E+00,+2.3641303E-02
+2.5217218E+00,+2.3638144E-02
+2.5276778E+00,+2.3635028E-02
+2.5336337E+00,+2.3631951E-02
+2.5395896E+00,+2.3628915E-02
+2.5455456E+00,+2.3625918E-02
+2.5515015E+00,+2.3622964E-02
+2.5574574E+00,+2.3620049E-02
+2.5634134E+00,+2.3617174E-02
+2.5693693E+00,+2.3614341E-02
+2.5753253E+00,+2.3611547E-02
+2.5812812E+00,+2.3608794E-02
+2.5872371E+00,+2.3606082E-02
+2.5931933E+00,+2.3603410E-02
+2.5991492E+00,+2.3600776E-02
+2.6051052E+00,+2.3598183E-02
+2.6110611E+00,+2.3595629E-02
+2.6170170E+00,+2.3593115E-02
+2.6229730E+00,+2.3590641E-02
+2.6289289E+00,+2.3588207E-02
+2.6348848E+00,+2.3585811E-02
+2.6370606E+00,+2.3584947E-02
+2.6408408E+00,+2.3583457E-02
+2.6467967E+00,+2.3581140E-02
+2.6527526E+00,+2.3578862E-02
+2.6587088E+00,+2.3576625E-02
+2.6646647E+00,+2.3574425E-02
+2.6706207E+00,+2.3572264E-02
+2.6765766E+00,+2.3570143E-02
+2.6825325E+00,+2.3568058E-02
+2.6884885E+00,+2.3566013E-02
+2.6944444E+00,+2.3564007E-02
+2.7004004E+00,+2.3562040E-02
+2.7063563E+00,+2.3560109E-02
+2.7123122E+00,+2.3558218E-02
+2.7182682E+00,+2.3556363E-02
+2.7242243E+00,+2.3554547E-02
+2.7301803E+00,+2.3552768E-02
+2.7361362E+00,+2.3551026E-02
+2.7420921E+00,+2.3549324E-02
+2.7480481E+00,+2.3547657E-02
+2.7540040E+00,+2.3546027E-02
+2.7599599E+00,+2.3544436E-02
+2.7659159E+00,+2.3542881E-02
+2.7677188E+00,+2.3542417E-02
+2.7718718E+00,+2.3541361E-02
+2.7778277E+00,+2.3539880E-02
+2.7837837E+00,+2.3538435E-02
+2.7897398E+00,+2.3537027E-02
+2.7956958E+00,+2.3535654E-02
+2.8016517E+00,+2.3534317E-02
+2.8076077E+00,+2.3533016E-02
+2.8135636E+00,+2.3531752E-02
+2.8195195E+00,+2.3530524E-02
+2.8254755E+00,+2.3529330E-02
+2.8314314E+00,+2.3528174E-02
+2.8373873E+00,+2.3527050E-02
+2.8433433E+00,+2.3525963E-02
+2.8492992E+00,+2.3524912E-02
+2.8552554E+00,+2.3523895E-02
+2.8612113E+00,+2.3522912E-02
+2.8671672E+00,+2.3521964E-02
+2.8731232E+00,+2.3521051E-02
+2.8790791E+00,+2.3520172E-02
+2.8850350E+00,+2.3519328E-02
+2.8909910E+00,+2.3518518E-02
+2.8969469E+00,+2.3517741E-02
+2.9029028E+00,+2.3516998E-02
+2.9048505E+00,+2.3516761E-02
+2.9088588E+00,+2.3516288E-02
+2.9148147E+00,+2.3515612E-02
+2.9207709E+00,+2.3514969E-02
+2.9267268E+00,+2.3514360E-02
+2.9326828E+00,+2.3513785E-02
+2.9386387E+00,+2.3513241E-02
+2.9445946E+00,+2.3512730E-02
+2.9505506E+00,+2.3512254E-02
+2.9565065E+00,+2.3511808E-02
+2.9624624E+00,+2.3511395E-02
+2.9684184E+00,+2.3511015E-02
+2.9743743E+00,+2.3510665E-02
+2.9803302E+00,+2.3510348E-02
+2.9862864E+00,+2.3510063E-02
+2.9922423E+00,+2.3509810E-02
+2.9981983E+00,+2.3509588E-02
+3.0041542E+00,+2.3509396E-02
+3.0101101E+00,+2.3509236E-02
+3.0160661E+00,+2.3509108E-02
+3.0220220E+00,+2.3509011E-02
+3.0279779E+00,+2.3508944E-02
+3.0339339E+00,+2.3508906E-02
+3.0398898E+00,+2.3508901E-02
+3.0458457E+00,+2.3508925E-02
+3.0487766E+00,+2.3508947E-02
+3.0518019E+00,+2.3508979E-02
+3.0577579E+00,+2.3509063E-02
+3.0637138E+00,+2.3509176E-02
+3.0696697E+00,+2.3509320E-02
+3.0756257E+00,+2.3509493E-02
+3.0815816E+00,+2.3509696E-02
+3.0875375E+00,+2.3509927E-02
+3.0934935E+00,+2.3510188E-02
+3.0994494E+00,+2.3510477E-02
+3.1054053E+00,+2.3510795E-02
+3.1113613E+00,+2.3511142E-02
+3.1173172E+00,+2.3511518E-02
+3.1232734E+00,+2.3511920E-02
+3.1292293E+00,+2.3512352E-02
+3.1351852E+00,+2.3512812E-02
+3.1411412E+00,+2.3513300E-02
+3.1470971E+00,+2.3513814E-02
+3.1530530E+00,+2.3514358E-02
+3.1590090E+00,+2.3514928E-02
+3.1649649E+00,+2.3515526E-02
+3.1709208E+00,+2.3516150E-02
+3.1768768E+00,+2.3516802E-02
+3.1828327E+00,+2.3517480E-02
+3.1887889E+00,+2.3518186E-02
+3.1947448E+00,+2.3518916E-02
+3.1998341E+00,+2.3519563E-02
+3.2007008E+00,+2.3519674E-02
+3.2066567E+00,+2.3520458E-02
+3.2126126E+00,+2.3521269E-02
+3.2185686E+00,+2.3522105E-02
+3.2245245E+00,+2.3522967E-02
+3.2304804E+00,+2.3523854E-02
+3.2364364E+00,+2.3524767E-02
+3.2423923E+00,+2.3525706E-02
+3.2483482E+00,+2.3526669E-02
+3.2543044E+00,+2.3527658E-02
+3.2602603E+00,+2.3528671E-02
+3.2662163E+00,+2.3529708E-02
+3.2721722E+00,+2.3530770E-02
+3.2781281E+00,+2.3531858E-02
+3.2840841E+00,+2.3532970E-02
+3.2900400E+00,+2.3534104E-02
+3.2959960E+00,+2.3535265E-02
+3.3019519E+00,+2.3536447E-02
+3.3079078E+00,+2.3537654E-02
+3.3138638E+00,+2.3538886E-02
+3.3198199E+00,+2.3540139E-02
+3.3257759E+00,+2.3541417E-02
+3.3317318E+00,+2.3542717E-02
+3.3376877E+00,+2.3544041E-02
+3.3436437E+00,+2.3545388E-02
+3.3495996E+00,+2.3546757E-02
+3.3555555E+00,+2.3548149E-02
+3.3583758E+00,+2.3548815E-02
+3.3615115E+00,+2.3549562E-02
+3.3674674E+00,+2.3550998E-02
+3.3734233E+00,+2.3552457E-02
+3.3793793E+00,+2.3553938E-02
+3.3853354E+00,+2.3555441E-02
+3.3912914E+00,+2.3556964E-02
+3.3972473E+00,+2.3558510E-02
+3.4032032E+00,+2.3560077E-02
+3.4091592E+00,+2.3561666E-02
+3.4151151E+00,+2.3563275E-02
+3.4210711E+00,+2.3564907E-02
+3.4270270E+00,+2.3566557E-02
+3.4329829E+00,+2.3568230E-02
+3.4389389E+00,+2.3569923E-02
+3.4448948E+00,+2.3571637E-02
+3.4508510E+00,+2.3573371E-02
+3.4568069E+00,+2.3575123E-02
+3.4627628E+00,+2.3576899E-02
+3.4687188E+00,+2.3578692E-02
+3.4746747E+00,+2.3580506E-02
+3.4806306E+00,+2.3582339E-02
+3.4865866E+00,+2.3584193E-02
+3.4925425E+00,+2.3586065E-02
+3.4984984E+00,+2.3587955E-02
+3.5044544E+00,+2.3589866E-02
+3.5104103E+00,+2.3591796E-02
+3.5163665E+00,+2.3593744E-02
+3.5223224E+00,+2.3595713E-02
+3.5247726E+00,+2.3596527E-02
+3.5282784E+00,+2.3597699E-02
+3.5342343E+00,+2.3599703E-02
+3.5401902E+00,+2.3601726E-02
+3.5461462E+00,+2.3603765E-02
+3.5521021E+00,+2.3605825E-02
+3.5580580E+00,+2.3607902E-02
+3.5640140E+00,+2.3609996E-02
+3.5699699E+00,+2.3612108E-02
+3.5759258E+00,+2.3614239E-02
+3.5818820E+00,+2.3616387E-02
+3.5878379E+00,+2.3618551E-02
+3.5937939E+00,+2.3620732E-02
+3.5997498E+00,+2.3622932E-02
+3.6057057E+00,+2.3625147E-02
+3.6116617E+00,+2.3627380E-02
+3.6176176E+00,+2.3629628E-02
+3.6235735E+00,+2.3631895E-02
+3.6295295E+00,+2.3634177E-02
+3.6354854E+00,+2.3636475E-02
+3.6414413E+00,+2.3638790E-02
+3.6473973E+00,+2.3641121E-02
+3.6533535E+00,+2.3643468E-02
+3.6593094E+00,+2.3645829E-02
+3.6652653E+00,+2.3648208E-02
+3.6712213E+00,+2.3650602E-02
+3.6771772E+00,+2.3653010E-02
+3.6831331E+00,+2.3655433E-02
+3.6890891E+00,+2.3657873E-02
+3.6950450E+00,+2.3660328E-02
+3.6994140E+00,+2.3662139E-02
+3.7010009E+00,+2.3662798E-02
+3.7069569E+00,+2.3665281E-02
+3.7129128E+00,+2.3667781E-02
+3.7188690E+00,+2.3670293E-02
+3.7248249E+00,+2.3672823E-02
+3.7307808E+00,+2.3675364E-02
+3.7367368E+00,+2.3677921E-02
+3.7426927E+00,+2.3680491E-02
+3.7486486E+00,+2.3683077E-02
+3.7546046E+00,+2.3685675E-02
+3.7605605E+00,+2.3688287E-02
+3.7665164E+00,+2.3690913E-02
+3.7724724E+00,+2.3693552E-02
+3.7784283E+00,+2.3696205E-02
+3.7843845E+00,+2.3698872E-02
+3.7903404E+00,+2.3701550E-02
+3.7962964E+00,+2.3704242E-02
+3.8022523E+00,+2.3706948E-02
+3.8082082E+00,+2.3709666E-02
+3.8141642E+00,+2.3712397E-02
+3.8201201E+00,+2.3715140E-02
+3.8260760E+00,+2.3717897E-02
+3.8320320E+00,+2.3720665E-02
+3.8379879E+00,+2.3723446E-02
+3.8439438E+00,+2.3726238E-02
+3.8499000E+00,+2.3729043E-02
+3.8558559E+00,+2.3731859E-02
+3.8618119E+00,+2.3734689E-02
+3.8677678E+00,+2.3737529E-02
+3.8737237E+00,+2.3740381E-02
+3.8796797E+00,+2.3743246E-02
+3.8827083E+00,+2.3744706E-02
+3.8856356E+00,+2.3746120E-02
+3.8915915E+00,+2.3749007E-02
+3.8975475E+00,+2.3751903E-02
+3.9035034E+00,+2.3754813E-02
+3.9094594E+00,+2.3757732E-02
+3.9154155E+00,+2.3760661E-02
+3.9213715E+00,+2.3763603E-02
+3.9273274E+00,+2.3766555E-02
+3.9332833E+00,+2.3769518E-02
+3.9392393E+00,+2.3772491E-02
+3.9451952E+00,+2.3775473E-02
+3.9511511E+00,+2.3778467E-02
+3.9571071E+00,+2.3781471E-02
+3.9630630E+00,+2.3784485E-02
+3.9690189E+00,+2.3787508E-02
+3.9749749E+00,+2.3790542E-02
+3.9809310E+00,+2.3793586E-02
+3.9868870E+00,+2.3796638E-02
+3.9928429E+00,+2.3799701E-02
+3.9987988E+00,+2.3802772E-02
+4.0047545E+00,+2.3805853E-02
+4.0107107E+00,+2.3808943E-02
+4.0166669E+00,+2.3812043E-02
+4.0226226E+00,+2.3815151E-02
+4.0285788E+00,+2.3818269E-02
+4.0345345E+00,+2.3821395E-02
+4.0404906E+00,+2.3824532E-02
+4.0464463E+00,+2.3827674E-02
+4.0524025E+00,+2.3830827E-02
+4.0583582E+00,+2.3833988E-02
+4.0643144E+00,+2.3837157E-02
+4.0702701E+00,+2.3840334E-02
+4.0750842E+00,+2.3842908E-02
+4.0762262E+00,+2.3843521E-02
+4.0821824E+00,+2.3846714E-02
+4.0881381E+00,+2.3849916E-02
+4.0940943E+00,+2.3853125E-02
+4.1000500E+00,+2.3856344E-02
+4.1060061E+00,+2.3859568E-02
+4.1119618E+00,+2.3862801E-02
+4.1179180E+00,+2.3866042E-02
+4.1238737E+00,+2.3869289E-02
+4.1298299E+00,+2.3872545E-02
+4.1357856E+00,+2.3875806E-02
+4.1417418E+00,+2.3879077E-02
+4.1476979E+00,+2.3882354E-02
+4.1536536E+00,+2.3885638E-02
+4.1596098E+00,+2.3888927E-02
+4.1655655E+00,+2.3892226E-02
+4.1715217E+00,+2.3895528E-02
+4.1774774E+00,+2.3898840E-02
+4.1834335E+00,+2.3902157E-02
+4.1893892E+00,+2.3905480E-02
+4.1953454E+00,+2.3908811E-02
+4.2013011E+00,+2.3912147E-02
+4.2072573E+00,+2.3915490E-02
+4.2132134E+00,+2.3918839E-02
+4.2191691E+00,+2.3922194E-02
+4.2251253E+00,+2.3925554E-02
+4.2310810E+00,+2.3928920E-02
+4.2370372E+00,+2.3932293E-02
+4.2429929E+00,+2.3935670E-02
+4.2489491E+00,+2.3939054E-02
+4.2549047E+00,+2.3942444E-02
+4.2608609E+00,+2.3945838E-02
+4.2668166E+00,+2.3949238E-02
+4.2727728E+00,+2.3952642E-02
+4.2769918E+00,+2.3955058E-02
+4.2787290E+00,+2.3956053E-02
+4.2846847E+00,+2.3959469E-02
+4.2906408E+00,+2.3962889E-02
+4.2965965E+00,+2.3966316E-02
+4.3025527E+00,+2.3969745E-02
+4.3085084E+00,+2.3973180E-02
+4.3144646E+00,+2.3976620E-02
+4.3204203E+00,+2.3980066E-02
+4.3263764E+00,+2.3983514E-02
+4.3323321E+00,+2.3986967E-02
+4.3382883E+00,+2.3990426E-02
+4.3442445E+00,+2.3993889E-02
+4.3502002E+00,+2.3997355E-02
+4.3561563E+00,+2.4000825E-02
+4.3621120E+00,+2.4004301E-02
+4.3680682E+00,+2.4007779E-02
+4.3740239E+00,+2.4011262E-02
+4.3799801E+00,+2.4014749E-02
+4.3859358E+00,+2.4018239E-02
+4.3918920E+00,+2.4021734E-02
+4.3978477E+00,+2.4025230E-02
+4.4038038E+00,+2.4028732E-02
+4.4097595E+00,+2.4032237E-02
+4.4157157E+00,+2.4035744E-02
+4.4216719E+00,+2.4039255E-02
+4.4276276E+00,+2.4042770E-02
+4.4335837E+00,+2.4046289E-02
+4.4395394E+00,+2.4049811E-02
+4.4454956E+00,+2.4053335E-02
+4.4514513E+00,+2.4056861E-02
+4.4574075E+00,+2.4060391E-02
+4.4633632E+00,+2.4063924E-02
+4.4693193E+00,+2.4067460E-02
+4.4752750E+00,+2.4070999E-02
+4.4812312E+00,+2.4074540E-02
+4.4871874E+00,+2.4078084E-02
+4.4889035E+00,+2.4079105E-02
+4.4931431E+00,+2.4081629E-02
+4.4990993E+00,+2.4085177E-02
+4.5050550E+00,+2.4088729E-02
+4.5110111E+00,+2.4092281E-02
+4.5169668E+00,+2.4095837E-02
+4.5229230E+00,+2.4099395E-02
+4.5288787E+00,+2.4102954E-02
+4.5348349E+00,+2.4106516E-02
+4.5407906E+00,+2.4110079E-02
+4.5467467E+00,+2.4113644E-02
+4.5527029E+00,+2.4117213E-02
+4.5586586E+00,+2.4120782E-02
+4.5646148E+00,+2.4124352E-02
+4.5705705E+00,+2.4127923E-02
+4.5765266E+00,+2.4131497E-02
+4.5824823E+00,+2.4135074E-02
+4.5884385E+00,+2.4138650E-02
+4.5943942E+00,+2.4142228E-02
+4.6003504E+00,+2.4145808E-02
+4.6063061E+00,+2.4149388E-02
+4.6122622E+00,+2.4152970E-02
+4.6182184E+00,+2.4156552E-02
+4.6241741E+00,+2.4160137E-02
+4.6301303E+00,+2.4163721E-02
+4.6360860E+00,+2.4167307E-02
+4.6420422E+00,+2.4170894E-02
+4.6479979E+00,+2.4174482E-02
+4.6539540E+00,+2.4178069E-02
+4.6599097E+00,+2.4181658E-02
+4.6658659E+00,+2.4185248E-02
+4.6718216E+00,+2.4188839E-02
+4.6777778E+00,+2.4192430E-02
+4.6837339E+00,+2.4196021E-02
+4.6896896E+00,+2.4199612E-02
+4.6956458E+00,+2.4203204E-02
+4.7016015E+00,+2.4206795E-02
+4.7075577E+00,+2.4210388E-02
+4.7113147E+00,+2.4212655E-02
+4.7135134E+00,+2.4213981E-02
+4.7194695E+00,+2.4217572E-02
+4.7254252E+00,+2.4221165E-02
+4.7313814E+00,+2.4224758E-02
+4.7373371E+00,+2.4228351E-02
+4.7432933E+00,+2.4231942E-02
+4.7492495E+00,+2.4235535E-02
+4.7552052E+00,+2.4239127E-02
+4.7611613E+00,+2.4242718E-02
+4.7671170E+00,+2.4246309E-02
+4.7730732E+00,+2.4249900E-02
+4.7790289E+00,+2.4253491E-02
+4.7849851E+00,+2.4257081E-02
+4.7909408E+00,+2.4260670E-02
+4.7968969E+00,+2.4264257E-02
+4.8028526E+00,+2.4267847E-02
+4.8088088E+00,+2.4271434E-02
+4.8147650E+00,+2.4275020E-02
+4.8207207E+00,+2.4278605E-02
+4.8266768E+00,+2.4282189E-02
+4.8326325E+00,+2.4285773E-02
+4.8385887E+00,+2.4289357E-02
+4.8445444E+00,+2.4292938E-02
+4.8505006E+00,+2.4296518E-02
+4.8564563E+00,+2.4300098E-02
+4.8624125E+00,+2.4303677E-02
+4.8683681E+00,+2.4307253E-02
+4.8743243E+00,+2.4310829E-02
+4.8802805E+00,+2.4314404E-02
+4.8862362E+00,+2.4317976E-02
+4.8921924E+00,+2.4321547E-02
+4.8981481E+00,+2.4325117E-02
+4.9041042E+00,+2.4328684E-02
+4.9100599E+00,+2.4332251E-02
+4.9160161E+00,+2.4335817E-02
+4.9219718E+00,+2.4339380E-02
+4.9279280E+00,+2.4342941E-02
+4.9338837E+00,+2.4346502E-02
+4.9398398E+00,+2.4350060E-02
+4.9447455E+00,+2.4352988E-02
+4.9457960E+00,+2.4353616E-02
+4.9517517E+00,+2.4357170E-02
+4.9577079E+00,+2.4360722E-02
+4.9636636E+00,+2.4364272E-02
+4.9696198E+00,+2.4367820E-02
+4.9755754E+00,+2.4371367E-02
+4.9815316E+00,+2.4374910E-02
+4.9874873E+00,+2.4378452E-02
+4.9934435E+00,+2.4381991E-02
+4.9993992E+00,+2.4385529E-02
+5.0053554E+00,+2.4389062E-02
+5.0113115E+00,+2.4392596E-02
+5.0172672E+00,+2.4396125E-02
+5.0232234E+00,+2.4399651E-02
+5.0291791E+00,+2.4403177E-02
+5.0351353E+00,+2.4406699E-02
+5.0410910E+00,+2.4410218E-02
+5.0470471E+00,+2.4413737E-02
+5.0530028E+00,+2.4417249E-02
+5.0589590E+00,+2.4420761E-02
+5.0649147E+00,+2.4424270E-02
+5.0708709E+00,+2.4427775E-02
+5.0768270E+00,+2.4431279E-02
+5.0827827E+00,+2.4434779E-02
+5.0887389E+00,+2.4438277E-02
+5.0946946E+00,+2.4441771E-02
+5.1006508E+00,+2.4445262E-02
+5.1066065E+00,+2.4448751E-02
+5.1125627E+00,+2.4452236E-02
+5.1185184E+00,+2.4455717E-02
+5.1244745E+00,+2.4459194E-02
+5.1304302E+00,+2.4462670E-02
+5.1363864E+00,+2.4466142E-02
+5.1423426E+00,+2.4469612E-02
+5.1482983E+00,+2.4473077E-02
+5.1542544E+00,+2.4476539E-02
+5.1602101E+00,+2.4479996E-02
+5.1661663E+00,+2.4483452E-02
+5.1721220E+00,+2.4486905E-02
+5.1780782E+00,+2.4490353E-02
+5.1840339E+00,+2.4493797E-02
+5.1897421E+00,+2.4497094E-02
+5.1899900E+00,+2.4497237E-02
+5.1959457E+00,+2.4500675E-02
+5.2019019E+00,+2.4504108E-02
+5.2078581E+00,+2.4507537E-02
+5.2138138E+00,+2.4510963E-02
+5.2197700E+00,+2.4514386E-02
+5.2257257E+00,+2.4517804E-02
+5.2316818E+00,+2.4521219E-02
+5.2376375E+00,+2.4524629E-02
+5.2435937E+00,+2.4528036E-02
+5.2495494E+00,+2.4531439E-02
+5.2555056E+00,+2.4534836E-02
+5.2614613E+00,+2.4538232E-02
+5.2674174E+00,+2.4541622E-02
+5.2733736E+00,+2.4545008E-02
+5.2793293E+00,+2.4548391E-02
+5.2852855E+00,+2.4551768E-02
+5.2912412E+00,+2.4555141E-02
+5.2971973E+00,+2.4558511E-02
+5.3031530E+00,+2.4561876E-02
+5.3091092E+00,+2.4565237E-02
+5.3150649E+00,+2.4568593E-02
+5.3210211E+00,+2.4571946E-02
+5.3269768E+00,+2.4575293E-02
+5.3329329E+00,+2.4578637E-02
+5.3388891E+00,+2.4581974E-02
+5.3448448E+00,+2.4585309E-02
+5.3508010E+00,+2.4588637E-02
+5.3567567E+00,+2.4591964E-02
+5.3627129E+00,+2.4595283E-02
+5.3686686E+00,+2.4598598E-02
+5.3746247E+00,+2.4601910E-02
+5.3805804E+00,+2.4605216E-02
+5.3865366E+00,+2.4608517E-02
+5.3924923E+00,+2.4611814E-02
+5.3984485E+00,+2.4615105E-02
+5.4044046E+00,+2.4618393E-02
+5.4103603E+00,+2.4621675E-02
+5.4163165E+00,+2.4624951E-02
+5.4222722E+00,+2.4628224E-02
+5.4282284E+00,+2.4631491E-02
+5.4341841E+00,+2.4634754E-02
+5.4401402E+00,+2.4638012E-02
+5.4460959E+00,+2.4641264E-02
+5.4468775E+00,+2.4641689E-02
+5.4520521E+00,+2.4644511E-02
+5.4580078E+00,+2.4647752E-02
+5.4639640E+00,+2.4650989E-02
+5.4699197E+00,+2.4654221E-02
+5.4758759E+00,+2.4657447E-02
+5.4818320E+00,+2.4660669E-02
+5.4877877E+00,+2.4663884E-02
+5.4937439E+00,+2.4667095E-02
+5.4996996E+00,+2.4670301E-02
+5.5056558E+00,+2.4673501E-02
+5.5116115E+00,+2.4676695E-02
+5.5175676E+00,+2.4679886E-02
+5.5235233E+00,+2.4683069E-02
+5.5294795E+00,+2.4686249E-02
+5.5354352E+00,+2.4689421E-02
+5.5413914E+00,+2.4692589E-02
+5.5473475E+00,+2.4695750E-02
+5.5533032E+00,+2.4698908E-02
+5.5592594E+00,+2.4702057E-02
+5.5652151E+00,+2.4705203E-02
+5.5711713E+00,+2.4708344E-02
+5.5771270E+00,+2.4711477E-02
+5.5830832E+00,+2.4714606E-02
+5.5890388E+00,+2.4717728E-02
+5.5949950E+00,+2.4720846E-02
+5.6009507E+00,+2.4723956E-02
+5.6069069E+00,+2.4727061E-02
+5.6128631E+00,+2.4730161E-02
+5.6188188E+00,+2.4733255E-02
+5.6247749E+00,+2.4736343E-02
+5.6307306E+00,+2.4739426E-02
+5.6366868E+00,+2.4742501E-02
+5.6426425E+00,+2.4745570E-02
+5.6485987E+00,+2.4748635E-02
+5.6545544E+00,+2.4751693E-02
+5.6605105E+00,+2.4754746E-02
+5.6664662E+00,+2.4757793E-02
+5.6724224E+00,+2.4760833E-02
+5.6783786E+00,+2.4763867E-02
+5.6843343E+00,+2.4766896E-02
+5.6902905E+00,+2.4769917E-02
+5.6962461E+00,+2.4772933E-02
+5.7022023E+00,+2.4775943E-02
+5.7081580E+00,+2.4778947E-02
+5.7141142E+00,+2.4781944E-02
+5.7167530E+00,+2.4783270E-02
+5.7200699E+00,+2.4784936E-02
+5.7260261E+00,+2.4787920E-02
+5.7319818E+00,+2.4790898E-02
+5.7379379E+00,+2.4793871E-02
+5.7438941E+00,+2.4796838E-02
+5.7498498E+00,+2.4799798E-02
+5.7558060E+00,+2.4802750E-02
+5.7617617E+00,+2.4805699E-02
+5.7677178E+00,+2.4808638E-02
+5.7736735E+00,+2.4811573E-02
+5.7796297E+00,+2.4814501E-02
+5.7855854E+00,+2.4817422E-02
+5.7915416E+00,+2.4820337E-02
+5.7974973E+00,+2.4823247E-02
+5.8034534E+00,+2.4826149E-02
+5.8094096E+00,+2.4829043E-02
+5.8153653E+00,+2.4831932E-02
+5.8213215E+00,+2.4834815E-02
+5.8272772E+00,+2.4837691E-02
+5.8332334E+00,+2.4840560E-02
+5.8391891E+00,+2.4843423E-02
+5.8451452E+00,+2.4846278E-02
+5.8511009E+00,+2.4849128E-02
+5.8570571E+00,+2.4851970E-02
+5.8630128E+00,+2.4854807E-02
+5.8689690E+00,+2.4857637E-02
+5.8749251E+00,+2.4860458E-02
+5.8808808E+00,+2.4863275E-02
+5.8868370E+00,+2.4866084E-02
+5.8927927E+00,+2.4868887E-02
+5.8987489E+00,+2.4871683E-02
+5.9047046E+00,+2.4874471E-02
+5.9106607E+00,+2.4877252E-02
+5.9166164E+00,+2.4880027E-02
+5.9225726E+00,+2.4882795E-02
+5.9285283E+00,+2.4885558E-02
+5.9344845E+00,+2.4888312E-02
+5.9404407E+00,+2.4891060E-02
+5.9463964E+00,+2.4893800E-02
+5.9523525E+00,+2.4896534E-02
+5.9583082E+00,+2.4899261E-02
+5.9642644E+00,+2.4901981E-02
+5.9702201E+00,+2.4904693E-02
+5.9761763E+00,+2.4907399E-02
+5.9821320E+00,+2.4910098E-02
+5.9880881E+00,+2.4912789E-02
+5.9940438E+00,+2.4915474E-02
+6.0000000E+00,+2.4918152E-02
