+5.0000001E-02,+4.8855910E+00
+5.2477341E-02,+4.8855419E+00
+5.5077430E-02,+4.8854880E+00
+5.5955958E-02,+4.8854690E+00
+5.7806343E-02,+4.8854284E+00
+6.0670465E-02,+4.8853631E+00
+6.1911911E-02,+4.8853340E+00
+6.3676499E-02,+4.8852911E+00
+6.6831470E-02,+4.8852119E+00
+6.7867868E-02,+4.8851852E+00
+7.0142753E-02,+4.8851252E+00
+7.3618107E-02,+4.8850293E+00
+7.3823825E-02,+4.8850231E+00
+7.7265650E-02,+4.8849235E+00
+7.9779781E-02,+4.8848481E+00
+8.1093922E-02,+4.8848076E+00
+8.5111871E-02,+4.8846798E+00
+8.5735738E-02,+4.8846593E+00
+8.9328900E-02,+4.8845391E+00
+9.1691695E-02,+4.8844576E+00
+9.3754865E-02,+4.8843846E+00
+9.7647645E-02,+4.8842430E+00
+9.8400123E-02,+4.8842149E+00
+1.0327554E-01,+4.8840280E+00
+1.0360360E-01,+4.8840151E+00
+1.0839251E-01,+4.8838224E+00
+1.0955956E-01,+4.8837743E+00
+1.1376303E-01,+4.8835964E+00
+1.1551552E-01,+4.8835206E+00
+1.1939962E-01,+4.8833485E+00
+1.2147147E-01,+4.8832545E+00
+1.2531550E-01,+4.8830757E+00
+1.2742743E-01,+4.8829756E+00
+1.3152449E-01,+4.8827767E+00
+1.3338338E-01,+4.8826842E+00
+1.3804111E-01,+4.8824477E+00
+1.3933934E-01,+4.8823805E+00
+1.4488061E-01,+4.8820872E+00
+1.4529529E-01,+4.8820648E+00
+1.5125126E-01,+4.8817368E+00
+1.5205899E-01,+4.8816915E+00
+1.5720721E-01,+4.8813968E+00
+1.5959305E-01,+4.8812571E+00
+1.6316317E-01,+4.8810449E+00
+1.6750038E-01,+4.8807812E+00
+1.6911912E-01,+4.8806810E+00
+1.7507507E-01,+4.8803062E+00
+1.7579949E-01,+4.8802595E+00
+1.8103103E-01,+4.8799195E+00
+1.8450980E-01,+4.8796883E+00
+1.8698698E-01,+4.8795214E+00
+1.9294295E-01,+4.8791127E+00
+1.9365168E-01,+4.8790631E+00
+1.9889890E-01,+4.8786926E+00
+2.0324650E-01,+4.8783789E+00
+2.0485486E-01,+4.8782616E+00
+2.1081081E-01,+4.8778200E+00
+2.1331674E-01,+4.8776312E+00
+2.1676676E-01,+4.8773680E+00
+2.2272272E-01,+4.8769059E+00
+2.2388591E-01,+4.8768144E+00
+2.2867867E-01,+4.8764334E+00
+2.3463464E-01,+4.8759508E+00
+2.3497875E-01,+4.8759227E+00
+2.4059059E-01,+4.8754587E+00
+2.4654655E-01,+4.8749566E+00
+2.4662121E-01,+4.8749504E+00
+2.5250250E-01,+4.8744454E+00
+2.5845847E-01,+4.8739247E+00
+2.5884050E-01,+4.8738909E+00
+2.6441440E-01,+4.8733950E+00
+2.7037036E-01,+4.8728561E+00
+2.7166525E-01,+4.8727379E+00
+2.7632633E-01,+4.8723087E+00
+2.8228229E-01,+4.8717527E+00
+2.8512540E-01,+4.8714843E+00
+2.8823823E-01,+4.8711882E+00
+2.9419419E-01,+4.8706160E+00
+2.9925248E-01,+4.8701234E+00
+3.0015016E-01,+4.8700352E+00
+3.0610612E-01,+4.8694468E+00
+3.1206205E-01,+4.8688507E+00
+3.1407949E-01,+4.8686471E+00
+3.1801802E-01,+4.8682475E+00
+3.2397398E-01,+4.8676367E+00
+3.2964113E-01,+4.8670492E+00
+3.2992992E-01,+4.8670192E+00
+3.3588588E-01,+4.8663945E+00
+3.4184185E-01,+4.8657632E+00
+3.4597382E-01,+4.8653216E+00
+3.4779781E-01,+4.8651257E+00
+3.5375375E-01,+4.8644814E+00
+3.5970971E-01,+4.8638315E+00
+3.6311573E-01,+4.8634567E+00
+3.6566567E-01,+4.8631754E+00
+3.7162161E-01,+4.8625135E+00
+3.7757757E-01,+4.8618460E+00
+3.8110697E-01,+4.8614483E+00
+3.8353354E-01,+4.8611736E+00
+3.8948950E-01,+4.8604956E+00
+3.9544544E-01,+4.8598127E+00
+3.9998963E-01,+4.8592882E+00
+4.0140140E-01,+4.8591251E+00
+4.0735736E-01,+4.8584328E+00
+4.1331330E-01,+4.8577361E+00
+4.1926926E-01,+4.8570347E+00
+4.1980785E-01,+4.8569713E+00
+4.2522523E-01,+4.8563299E+00
+4.3118119E-01,+4.8556209E+00
+4.3713713E-01,+4.8549080E+00
+4.4060802E-01,+4.8544908E+00
+4.4309309E-01,+4.8541918E+00
+4.4904906E-01,+4.8534718E+00
+4.5500502E-01,+4.8527489E+00
+4.6096095E-01,+4.8520226E+00
+4.6243876E-01,+4.8518419E+00
+4.6691692E-01,+4.8512936E+00
+4.7287288E-01,+4.8505621E+00
+4.7882882E-01,+4.8498278E+00
+4.8478478E-01,+4.8490911E+00
+4.8535115E-01,+4.8490210E+00
+4.9074075E-01,+4.8483520E+00
+4.9669671E-01,+4.8476110E+00
+5.0265265E-01,+4.8468676E+00
+5.0860858E-01,+4.8461227E+00
+5.0939876E-01,+4.8460240E+00
+5.1456457E-01,+4.8453765E+00
+5.2052051E-01,+4.8446283E+00
+5.2647650E-01,+4.8438787E+00
+5.3243244E-01,+4.8431282E+00
+5.3463787E-01,+4.8428497E+00
+5.3838837E-01,+4.8423762E+00
+5.4434437E-01,+4.8416238E+00
+5.5030030E-01,+4.8408699E+00
+5.5625623E-01,+4.8401155E+00
+5.6112748E-01,+4.8394985E+00
+5.6221223E-01,+4.8393607E+00
+5.6816816E-01,+4.8386059E+00
+5.7412410E-01,+4.8378501E+00
+5.8008009E-01,+4.8370943E+00
+5.8603603E-01,+4.8363385E+00
+5.8892959E-01,+4.8359714E+00
+5.9199202E-01,+4.8355827E+00
+5.9794796E-01,+4.8348269E+00
+6.0390389E-01,+4.8340716E+00
+6.0985988E-01,+4.8333163E+00
+6.1581582E-01,+4.8325620E+00
+6.1810917E-01,+4.8322716E+00
+6.2177175E-01,+4.8318076E+00
+6.2772775E-01,+4.8310547E+00
+6.3368368E-01,+4.8303018E+00
+6.3963962E-01,+4.8295503E+00
+6.4559561E-01,+4.8287997E+00
+6.4873457E-01,+4.8284044E+00
+6.5155154E-01,+4.8280501E+00
+6.5750748E-01,+4.8273015E+00
+6.6346347E-01,+4.8265543E+00
+6.6941941E-01,+4.8258085E+00
+6.7537540E-01,+4.8250642E+00
+6.8087733E-01,+4.8243775E+00
+6.8133134E-01,+4.8243213E+00
+6.8728727E-01,+4.8235798E+00
+6.9324327E-01,+4.8228397E+00
+6.9919920E-01,+4.8221021E+00
+7.0515513E-01,+4.8213658E+00
+7.1111113E-01,+4.8206310E+00
+7.1461266E-01,+4.8202004E+00
+7.1706706E-01,+4.8198986E+00
+7.2302300E-01,+4.8191681E+00
+7.2897899E-01,+4.8184400E+00
+7.3493493E-01,+4.8177137E+00
+7.4089092E-01,+4.8169894E+00
+7.4684685E-01,+4.8162675E+00
+7.5001943E-01,+4.8158841E+00
+7.5280279E-01,+4.8155479E+00
+7.5875878E-01,+4.8148308E+00
+7.6471472E-01,+4.8141160E+00
+7.7067065E-01,+4.8134036E+00
+7.7662665E-01,+4.8126941E+00
+7.8258258E-01,+4.8119864E+00
+7.8718054E-01,+4.8114424E+00
+7.8853852E-01,+4.8112817E+00
+7.9449451E-01,+4.8105798E+00
+8.0045044E-01,+4.8098803E+00
+8.0640638E-01,+4.8091836E+00
+8.1236237E-01,+4.8084898E+00
+8.1831831E-01,+4.8077984E+00
+8.2427430E-01,+4.8071103E+00
+8.2618290E-01,+4.8068900E+00
+8.3023024E-01,+4.8064246E+00
+8.3618617E-01,+4.8057418E+00
+8.4214216E-01,+4.8050623E+00
+8.4809810E-01,+4.8043857E+00
+8.5405403E-01,+4.8037119E+00
+8.6001003E-01,+4.8030410E+00
+8.6596596E-01,+4.8023734E+00
+8.6711764E-01,+4.8022447E+00
+8.7192190E-01,+4.8017087E+00
+8.7787789E-01,+4.8010468E+00
+8.8383383E-01,+4.8003883E+00
+8.8978976E-01,+4.7997327E+00
+8.9574575E-01,+4.7990804E+00
+9.0170169E-01,+4.7984314E+00
+9.0765768E-01,+4.7977853E+00
+9.1008061E-01,+4.7975235E+00
+9.1361362E-01,+4.7971425E+00
+9.1956955E-01,+4.7965031E+00
+9.2552555E-01,+4.7958665E+00
+9.3148148E-01,+4.7952332E+00
+9.3743742E-01,+4.7946033E+00
+9.4339341E-01,+4.7939763E+00
+9.4934934E-01,+4.7933526E+00
+9.5517224E-01,+4.7927465E+00
+9.5530528E-01,+4.7927327E+00
+9.6126127E-01,+4.7921157E+00
+9.6721721E-01,+4.7915015E+00
+9.7317320E-01,+4.7908912E+00
+9.7912914E-01,+4.7902842E+00
+9.8508507E-01,+4.7896800E+00
+9.9104106E-01,+4.7890792E+00
+9.9699700E-01,+4.7884817E+00
+1.0024980E+00,+4.7879329E+00
+1.0029529E+00,+4.7878876E+00
+1.0089089E+00,+4.7872968E+00
+1.0148649E+00,+4.7867093E+00
+1.0208209E+00,+4.7861247E+00
+1.0267768E+00,+4.7855439E+00
+1.0327327E+00,+4.7849660E+00
+1.0386887E+00,+4.7843914E+00
+1.0446446E+00,+4.7838202E+00
+1.0506006E+00,+4.7832522E+00
+1.0521686E+00,+4.7831035E+00
+1.0565566E+00,+4.7826877E+00
+1.0625125E+00,+4.7821259E+00
+1.0684685E+00,+4.7815676E+00
+1.0744244E+00,+4.7810125E+00
+1.0803804E+00,+4.7804608E+00
+1.0863364E+00,+4.7799125E+00
+1.0922923E+00,+4.7793670E+00
+1.0982482E+00,+4.7788248E+00
+1.1042042E+00,+4.7782860E+00
+1.1043003E+00,+4.7782774E+00
+1.1101601E+00,+4.7777500E+00
+1.1161162E+00,+4.7772174E+00
+1.1220721E+00,+4.7766881E+00
+1.1280280E+00,+4.7761617E+00
+1.1339840E+00,+4.7756386E+00
+1.1399399E+00,+4.7751188E+00
+1.1458958E+00,+4.7746019E+00
+1.1518519E+00,+4.7740879E+00
+1.1578078E+00,+4.7735772E+00
+1.1590148E+00,+4.7734742E+00
+1.1637638E+00,+4.7730699E+00
+1.1697197E+00,+4.7725654E+00
+1.1756756E+00,+4.7720637E+00
+1.1816317E+00,+4.7715654E+00
+1.1875876E+00,+4.7710700E+00
+1.1935436E+00,+4.7705779E+00
+1.1994995E+00,+4.7700882E+00
+1.2054554E+00,+4.7696018E+00
+1.2114114E+00,+4.7691188E+00
+1.2164404E+00,+4.7687125E+00
+1.2173674E+00,+4.7686381E+00
+1.2233233E+00,+4.7681608E+00
+1.2292793E+00,+4.7676859E+00
+1.2352352E+00,+4.7672143E+00
+1.2411911E+00,+4.7667456E+00
+1.2471472E+00,+4.7662797E+00
+1.2531031E+00,+4.7658167E+00
+1.2590591E+00,+4.7653565E+00
+1.2650150E+00,+4.7648993E+00
+1.2709709E+00,+4.7644448E+00
+1.2767112E+00,+4.7640095E+00
+1.2769269E+00,+4.7639933E+00
+1.2828829E+00,+4.7635446E+00
+1.2888389E+00,+4.7630982E+00
+1.2947948E+00,+4.7626548E+00
+1.3007507E+00,+4.7622142E+00
+1.3067067E+00,+4.7617764E+00
+1.3126627E+00,+4.7613411E+00
+1.3186187E+00,+4.7609086E+00
+1.3245746E+00,+4.7604790E+00
+1.3305305E+00,+4.7600517E+00
+1.3364865E+00,+4.7596273E+00
+1.3399682E+00,+4.7593803E+00
+1.3424424E+00,+4.7592053E+00
+1.3483984E+00,+4.7587857E+00
+1.3543544E+00,+4.7583690E+00
+1.3603103E+00,+4.7579551E+00
+1.3662663E+00,+4.7575436E+00
+1.3722222E+00,+4.7571344E+00
+1.3781781E+00,+4.7567277E+00
+1.3841342E+00,+4.7563238E+00
+1.3900901E+00,+4.7559223E+00
+1.3960460E+00,+4.7555232E+00
+1.4020020E+00,+4.7551265E+00
+1.4063594E+00,+4.7548380E+00
+1.4079579E+00,+4.7547326E+00
+1.4139140E+00,+4.7543406E+00
+1.4198699E+00,+4.7539511E+00
+1.4258258E+00,+4.7535644E+00
+1.4317818E+00,+4.7531796E+00
+1.4377377E+00,+4.7527976E+00
+1.4436936E+00,+4.7524176E+00
+1.4496497E+00,+4.7520399E+00
+1.4556056E+00,+4.7516646E+00
+1.4615616E+00,+4.7512918E+00
+1.4675175E+00,+4.7509208E+00
+1.4734734E+00,+4.7505527E+00
+1.4760401E+00,+4.7503943E+00
+1.4794295E+00,+4.7501860E+00
+1.4853854E+00,+4.7498221E+00
+1.4913414E+00,+4.7494602E+00
+1.4972973E+00,+4.7491007E+00
+1.5032532E+00,+4.7487431E+00
+1.5092092E+00,+4.7483878E+00
+1.5151652E+00,+4.7480345E+00
+1.5211211E+00,+4.7476835E+00
+1.5270771E+00,+4.7473345E+00
+1.5330330E+00,+4.7469878E+00
+1.5389889E+00,+4.7466431E+00
+1.5449450E+00,+4.7463002E+00
+1.5491732E+00,+4.7460580E+00
+1.5509009E+00,+4.7459598E+00
+1.5568569E+00,+4.7456207E+00
+1.5628128E+00,+4.7452841E+00
+1.5687687E+00,+4.7449493E+00
+1.5747247E+00,+4.7446170E+00
+1.5806807E+00,+4.7442861E+00
+1.5866367E+00,+4.7439575E+00
+1.5925926E+00,+4.7436304E+00
+1.5985485E+00,+4.7433057E+00
+1.6045045E+00,+4.7429829E+00
+1.6104605E+00,+4.7426615E+00
+1.6164165E+00,+4.7423425E+00
+1.6223724E+00,+4.7420249E+00
+1.6259300E+00,+4.7418361E+00
+1.6283283E+00,+4.7417092E+00
+1.6342843E+00,+4.7413955E+00
+1.6402402E+00,+4.7410836E+00
+1.6461962E+00,+4.7407737E+00
+1.6521522E+00,+4.7404652E+00
+1.6581081E+00,+4.7401586E+00
+1.6640640E+00,+4.7398539E+00
+1.6700200E+00,+4.7395511E+00
+1.6759759E+00,+4.7392497E+00
+1.6819320E+00,+4.7389498E+00
+1.6878879E+00,+4.7386522E+00
+1.6938438E+00,+4.7383561E+00
+1.6997998E+00,+4.7380614E+00
+1.7057557E+00,+4.7377687E+00
+1.7064896E+00,+4.7377324E+00
+1.7117118E+00,+4.7374773E+00
+1.7176677E+00,+4.7371879E+00
+1.7236236E+00,+4.7368999E+00
+1.7295796E+00,+4.7366133E+00
+1.7355355E+00,+4.7363286E+00
+1.7414914E+00,+4.7360454E+00
+1.7474475E+00,+4.7357640E+00
+1.7534034E+00,+4.7354836E+00
+1.7593594E+00,+4.7352052E+00
+1.7653153E+00,+4.7349281E+00
+1.7712712E+00,+4.7346530E+00
+1.7772273E+00,+4.7343788E+00
+1.7831832E+00,+4.7341065E+00
+1.7891392E+00,+4.7338352E+00
+1.7910408E+00,+4.7337489E+00
+1.7950951E+00,+4.7335658E+00
+1.8010510E+00,+4.7332978E+00
+1.8070070E+00,+4.7330313E+00
+1.8129630E+00,+4.7327662E+00
+1.8189189E+00,+4.7325020E+00
+1.8248749E+00,+4.7322397E+00
+1.8308308E+00,+4.7319789E+00
+1.8367867E+00,+4.7317195E+00
+1.8427428E+00,+4.7314610E+00
+1.8486987E+00,+4.7312040E+00
+1.8546547E+00,+4.7309489E+00
+1.8606106E+00,+4.7306948E+00
+1.8665665E+00,+4.7304420E+00
+1.8725225E+00,+4.7301903E+00
+1.8784785E+00,+4.7299399E+00
+1.8797812E+00,+4.7298856E+00
+1.8844345E+00,+4.7296910E+00
+1.8903904E+00,+4.7294436E+00
+1.8963463E+00,+4.7291975E+00
+1.9023023E+00,+4.7289524E+00
+1.9082582E+00,+4.7287083E+00
+1.9142143E+00,+4.7284660E+00
+1.9201702E+00,+4.7282243E+00
+1.9261261E+00,+4.7279844E+00
+1.9320821E+00,+4.7277455E+00
+1.9380380E+00,+4.7275076E+00
+1.9439940E+00,+4.7272711E+00
+1.9499500E+00,+4.7270360E+00
+1.9559059E+00,+4.7268019E+00
+1.9618618E+00,+4.7265687E+00
+1.9678178E+00,+4.7263370E+00
+1.9729185E+00,+4.7261391E+00
+1.9737737E+00,+4.7261062E+00
+1.9797298E+00,+4.7258768E+00
+1.9856857E+00,+4.7256479E+00
+1.9916416E+00,+4.7254210E+00
+1.9975976E+00,+4.7251945E+00
+2.0035536E+00,+4.7249694E+00
+2.0095096E+00,+4.7247453E+00
+2.0154655E+00,+4.7245226E+00
+2.0214214E+00,+4.7243004E+00
+2.0273774E+00,+4.7240796E+00
+2.0333333E+00,+4.7238598E+00
+2.0392892E+00,+4.7236409E+00
+2.0452452E+00,+4.7234235E+00
+2.0512011E+00,+4.7232065E+00
+2.0571570E+00,+4.7229910E+00
+2.0631132E+00,+4.7227764E+00
+2.0690691E+00,+4.7225628E+00
+2.0706704E+00,+4.7225056E+00
+2.0750251E+00,+4.7223501E+00
+2.0809810E+00,+4.7221384E+00
+2.0869370E+00,+4.7219276E+00
+2.0928929E+00,+4.7217178E+00
+2.0988488E+00,+4.7215090E+00
+2.1048048E+00,+4.7213011E+00
+2.1107607E+00,+4.7210941E+00
+2.1167166E+00,+4.7208881E+00
+2.1226726E+00,+4.7206831E+00
+2.1286287E+00,+4.7204790E+00
+2.1345847E+00,+4.7202759E+00
+2.1405406E+00,+4.7200737E+00
+2.1464965E+00,+4.7198720E+00
+2.1524525E+00,+4.7196717E+00
+2.1584084E+00,+4.7194719E+00
+2.1643643E+00,+4.7192731E+00
+2.1703203E+00,+4.7190752E+00
+2.1732657E+00,+4.7189779E+00
+2.1762762E+00,+4.7188783E+00
+2.1822321E+00,+4.7186823E+00
+2.1881881E+00,+4.7184868E+00
+2.1941442E+00,+4.7182922E+00
+2.2001002E+00,+4.7180986E+00
+2.2060561E+00,+4.7179055E+00
+2.2120121E+00,+4.7177138E+00
+2.2179680E+00,+4.7175221E+00
+2.2239239E+00,+4.7173319E+00
+2.2298799E+00,+4.7171421E+00
+2.2358358E+00,+4.7169533E+00
+2.2417917E+00,+4.7167654E+00
+2.2477477E+00,+4.7165780E+00
+2.2537036E+00,+4.7163916E+00
+2.2596598E+00,+4.7162056E+00
+2.2656157E+00,+4.7160206E+00
+2.2715716E+00,+4.7158365E+00
+2.2775276E+00,+4.7156529E+00
+2.2809441E+00,+4.7155480E+00
+2.2834835E+00,+4.7154703E+00
+2.2894394E+00,+4.7152882E+00
+2.2953954E+00,+4.7151070E+00
+2.3013513E+00,+4.7149262E+00
+2.3073072E+00,+4.7147465E+00
+2.3132632E+00,+4.7145672E+00
+2.3192191E+00,+4.7143888E+00
+2.3251753E+00,+4.7142110E+00
+2.3311312E+00,+4.7140341E+00
+2.3370872E+00,+4.7138577E+00
+2.3430431E+00,+4.7136817E+00
+2.3489990E+00,+4.7135067E+00
+2.3549550E+00,+4.7133327E+00
+2.3609109E+00,+4.7131586E+00
+2.3668668E+00,+4.7129860E+00
+2.3728228E+00,+4.7128134E+00
+2.3787787E+00,+4.7126417E+00
+2.3847346E+00,+4.7124705E+00
+2.3906908E+00,+4.7122998E+00
+2.3939576E+00,+4.7122068E+00
+2.3966467E+00,+4.7121301E+00
+2.4026027E+00,+4.7119608E+00
+2.4085586E+00,+4.7117925E+00
+2.4145145E+00,+4.7116246E+00
+2.4204705E+00,+4.7114573E+00
+2.4264264E+00,+4.7112904E+00
+2.4323823E+00,+4.7111239E+00
+2.4383383E+00,+4.7109585E+00
+2.4442942E+00,+4.7107935E+00
+2.4502501E+00,+4.7106290E+00
+2.4562063E+00,+4.7104654E+00
+2.4621623E+00,+4.7103024E+00
+2.4681182E+00,+4.7101393E+00
+2.4740741E+00,+4.7099771E+00
+2.4800301E+00,+4.7098160E+00
+2.4859860E+00,+4.7096548E+00
+2.4919419E+00,+4.7094946E+00
+2.4978979E+00,+4.7093344E+00
+2.5038538E+00,+4.7091751E+00
+2.5098097E+00,+4.7090163E+00
+2.5125706E+00,+4.7089429E+00
+2.5157657E+00,+4.7088580E+00
+2.5217218E+00,+4.7087007E+00
+2.5276778E+00,+4.7085433E+00
+2.5336337E+00,+4.7083864E+00
+2.5395896E+00,+4.7082305E+00
+2.5455456E+00,+4.7080746E+00
+2.5515015E+00,+4.7079196E+00
+2.5574574E+00,+4.7077651E+00
+2.5634134E+00,+4.7076106E+00
+2.5693693E+00,+4.7074571E+00
+2.5753253E+00,+4.7073040E+00
+2.5812812E+00,+4.7071514E+00
+2.5872371E+00,+4.7069993E+00
+2.5931933E+00,+4.7068477E+00
+2.5991492E+00,+4.7066965E+00
+2.6051052E+00,+4.7065454E+00
+2.6110611E+00,+4.7063951E+00
+2.6170170E+00,+4.7062454E+00
+2.6229730E+00,+4.7060962E+00
+2.6289289E+00,+4.7059474E+00
+2.6348848E+00,+4.7057986E+00
+2.6370606E+00,+4.7057447E+00
+2.6408408E+00,+4.7056508E+00
+2.6467967E+00,+4.7055035E+00
+2.6527526E+00,+4.7053561E+00
+2.6587088E+00,+4.7052097E+00
+2.6646647E+00,+4.7050633E+00
+2.6706207E+00,+4.7049174E+00
+2.6765766E+00,+4.7047725E+00
+2.6825325E+00,+4.7046275E+00
+2.6884885E+00,+4.7044830E+00
+2.6944444E+00,+4.7043386E+00
+2.7004004E+00,+4.7041950E+00
+2.7063563E+00,+4.7040520E+00
+2.7123122E+00,+4.7039089E+00
+2.7182682E+00,+4.7037663E+00
+2.7242243E+00,+4.7036247E+00
+2.7301803E+00,+4.7034826E+00
+2.7361362E+00,+4.7033415E+00
+2.7420921E+00,+4.7032008E+00
+2.7480481E+00,+4.7030602E+00
+2.7540040E+00,+4.7029204E+00
+2.7599599E+00,+4.7027807E+00
+2.7659159E+00,+4.7026415E+00
+2.7677188E+00,+4.7025990E+00
+2.7718718E+00,+4.7025023E+00
+2.7778277E+00,+4.7023640E+00
+2.7837837E+00,+4.7022257E+00
+2.7897398E+00,+4.7020879E+00
+2.7956958E+00,+4.7019506E+00
+2.8016517E+00,+4.7018132E+00
+2.8076077E+00,+4.7016764E+00
+2.8135636E+00,+4.7015400E+00
+2.8195195E+00,+4.7014041E+00
+2.8254755E+00,+4.7012687E+00
+2.8314314E+00,+4.7011333E+00
+2.8373873E+00,+4.7009983E+00
+2.8433433E+00,+4.7008638E+00
+2.8492992E+00,+4.7007294E+00
+2.8552554E+00,+4.7005954E+00
+2.8612113E+00,+4.7004619E+00
+2.8671672E+00,+4.7003284E+00
+2.8731232E+00,+4.7001958E+00
+2.8790791E+00,+4.7000628E+00
+2.8850350E+00,+4.6999307E+00
+2.8909910E+00,+4.6997986E+00
+2.8969469E+00,+4.6996670E+00
+2.9029028E+00,+4.6995358E+00
+2.9048505E+00,+4.6994929E+00
+2.9088588E+00,+4.6994047E+00
+2.9148147E+00,+4.6992741E+00
+2.9207709E+00,+4.6991434E+00
+2.9267268E+00,+4.6990137E+00
+2.9326828E+00,+4.6988835E+00
+2.9386387E+00,+4.6987543E+00
+2.9445946E+00,+4.6986251E+00
+2.9505506E+00,+4.6984963E+00
+2.9565065E+00,+4.6983676E+00
+2.9624624E+00,+4.6982393E+00
+2.9684184E+00,+4.6981115E+00
+2.9743743E+00,+4.6979837E+00
+2.9803302E+00,+4.6978564E+00
+2.9862864E+00,+4.6977291E+00
+2.9922423E+00,+4.6976023E+00
+2.9981983E+00,+4.6974754E+00
+3.0041542E+00,+4.6973495E+00
+3.0101101E+00,+4.6972232E+00
+3.0160661E+00,+4.6970978E+00
+3.0220220E+00,+4.6969719E+00
+3.0279779E+00,+4.6968470E+00
+3.0339339E+00,+4.6967220E+00
+3.0398898E+00,+4.6965971E+00
+3.0458457E+00,+4.6964726E+00
+3.0487766E+00,+4.6964116E+00
+3.0518019E+00,+4.6963487E+00
+3.0577579E+00,+4.6962247E+00
+3.0637138E+00,+4.6961012E+00
+3.0696697E+00,+4.6959777E+00
+3.0756257E+00,+4.6958547E+00
+3.0815816E+00,+4.6957316E+00
+3.0875375E+00,+4.6956091E+00
+3.0934935E+00,+4.6954870E+00
+3.0994494E+00,+4.6953645E+00
+3.1054053E+00,+4.6952429E+00
+3.1113613E+00,+4.6951213E+00
+3.1173172E+00,+4.6949997E+00
+3.1232734E+00,+4.6948786E+00
+3.1292293E+00,+4.6947575E+00
+3.1351852E+00,+4.6946368E+00
+3.1411412E+00,+4.6945167E+00
+3.1470971E+00,+4.6943965E+00
+3.1530530E+00,+4.6942763E+00
+3.1590090E+00,+4.6941566E+00
+3.1649649E+00,+4.6940370E+00
+3.1709208E+00,+4.6939178E+00
+3.1768768E+00,+4.6937985E+00
+3.1828327E+00,+4.6936798E+00
+3.1887889E+00,+4.6935611E+00
+3.1947448E+00,+4.6934428E+00
+3.1998341E+00,+4.6933417E+00
+3.2007008E+00,+4.6933246E+00
+3.2066567E+00,+4.6932063E+00
+3.2126126E+00,+4.6930885E+00
+3.2185686E+00,+4.6929712E+00
+3.2245245E+00,+4.6928535E+00
+3.2304804E+00,+4.6927366E+00
+3.2364364E+00,+4.6926193E+00
+3.2423923E+00,+4.6925025E+00
+3.2483482E+00,+4.6923862E+00
+3.2543044E+00,+4.6922698E+00
+3.2602603E+00,+4.6921535E+00
+3.2662163E+00,+4.6920376E+00
+3.2721722E+00,+4.6919222E+00
+3.2781281E+00,+4.6918063E+00
+3.2840841E+00,+4.6916909E+00
+3.2900400E+00,+4.6915760E+00
+3.2959960E+00,+4.6914611E+00
+3.3019519E+00,+4.6913462E+00
+3.3079078E+00,+4.6912317E+00
+3.3138638E+00,+4.6911173E+00
+3.3198199E+00,+4.6910028E+00
+3.3257759E+00,+4.6908889E+00
+3.3317318E+00,+4.6907749E+00
+3.3376877E+00,+4.6906614E+00
+3.3436437E+00,+4.6905479E+00
+3.3495996E+00,+4.6904345E+00
+3.3555555E+00,+4.6903214E+00
+3.3583758E+00,+4.6902680E+00
+3.3615115E+00,+4.6902084E+00
+3.3674674E+00,+4.6900954E+00
+3.3734233E+00,+4.6899829E+00
+3.3793793E+00,+4.6898704E+00
+3.3853354E+00,+4.6897583E+00
+3.3912914E+00,+4.6896462E+00
+3.3972473E+00,+4.6895342E+00
+3.4032032E+00,+4.6894226E+00
+3.4091592E+00,+4.6893110E+00
+3.4151151E+00,+4.6891994E+00
+3.4210711E+00,+4.6890883E+00
+3.4270270E+00,+4.6889772E+00
+3.4329829E+00,+4.6888661E+00
+3.4389389E+00,+4.6887555E+00
+3.4448948E+00,+4.6886449E+00
+3.4508510E+00,+4.6885343E+00
+3.4568069E+00,+4.6884241E+00
+3.4627628E+00,+4.6883140E+00
+3.4687188E+00,+4.6882038E+00
+3.4746747E+00,+4.6880941E+00
+3.4806306E+00,+4.6879845E+00
+3.4865866E+00,+4.6878748E+00
+3.4925425E+00,+4.6877656E+00
+3.4984984E+00,+4.6876564E+00
+3.5044544E+00,+4.6875472E+00
+3.5104103E+00,+4.6874385E+00
+3.5163665E+00,+4.6873293E+00
+3.5223224E+00,+4.6872211E+00
+3.5247726E+00,+4.6871762E+00
+3.5282784E+00,+4.6871123E+00
+3.5342343E+00,+4.6870041E+00
+3.5401902E+00,+4.6868958E+00
+3.5461462E+00,+4.6867876E+00
+3.5521021E+00,+4.6866798E+00
+3.5580580E+00,+4.6865721E+00
+3.5640140E+00,+4.6864643E+00
+3.5699699E+00,+4.6863570E+00
+3.5759258E+00,+4.6862497E+00
+3.5818820E+00,+4.6861424E+00
+3.5878379E+00,+4.6860352E+00
+3.5937939E+00,+4.6859283E+00
+3.5997498E+00,+4.6858215E+00
+3.6057057E+00,+4.6857147E+00
+3.6116617E+00,+4.6856079E+00
+3.6176176E+00,+4.6855016E+00
+3.6235735E+00,+4.6853952E+00
+3.6295295E+00,+4.6852889E+00
+3.6354854E+00,+4.6851830E+00
+3.6414413E+00,+4.6850772E+00
+3.6473973E+00,+4.6849713E+00
+3.6533535E+00,+4.6848655E+00
+3.6593094E+00,+4.6847601E+00
+3.6652653E+00,+4.6846547E+00
+3.6712213E+00,+4.6845493E+00
+3.6771772E+00,+4.6844440E+00
+3.6831331E+00,+4.6843390E+00
+3.6890891E+00,+4.6842341E+00
+3.6950450E+00,+4.6841292E+00
+3.6994140E+00,+4.6840525E+00
+3.7010009E+00,+4.6840248E+00
+3.7069569E+00,+4.6839199E+00
+3.7129128E+00,+4.6838155E+00
+3.7188690E+00,+4.6837111E+00
+3.7248249E+00,+4.6836071E+00
+3.7307808E+00,+4.6835027E+00
+3.7367368E+00,+4.6833987E+00
+3.7426927E+00,+4.6832948E+00
+3.7486486E+00,+4.6831908E+00
+3.7546046E+00,+4.6830873E+00
+3.7605605E+00,+4.6829839E+00
+3.7665164E+00,+4.6828804E+00
+3.7724724E+00,+4.6827769E+00
+3.7784283E+00,+4.6826739E+00
+3.7843845E+00,+4.6825705E+00
+3.7903404E+00,+4.6824675E+00
+3.7962964E+00,+4.6823645E+00
+3.8022523E+00,+4.6822619E+00
+3.8082082E+00,+4.6821589E+00
+3.8141642E+00,+4.6820564E+00
+3.8201201E+00,+4.6819539E+00
+3.8260760E+00,+4.6818514E+00
+3.8320320E+00,+4.6817493E+00
+3.8379879E+00,+4.6816468E+00
+3.8439438E+00,+4.6815448E+00
+3.8499000E+00,+4.6814427E+00
+3.8558559E+00,+4.6813412E+00
+3.8618119E+00,+4.6812391E+00
+3.8677678E+00,+4.6811376E+00
+3.8737237E+00,+4.6810360E+00
+3.8796797E+00,+4.6809344E+00
+3.8827083E+00,+4.6808829E+00
+3.8856356E+00,+4.6808329E+00
+3.8915915E+00,+4.6807318E+00
+3.8975475E+00,+4.6806307E+00
+3.9035034E+00,+4.6805291E+00
+3.9094594E+00,+4.6804285E+00
+3.9154155E+00,+4.6803274E+00
+3.9213715E+00,+4.6802263E+00
+3.9273274E+00,+4.6801257E+00
+3.9332833E+00,+4.6800251E+00
+3.9392393E+00,+4.6799245E+00
+3.9451952E+00,+4.6798239E+00
+3.9511511E+00,+4.6797237E+00
+3.9571071E+00,+4.6796231E+00
+3.9630630E+00,+4.6795230E+00
+3.9690189E+00,+4.6794229E+00
+3.9749749E+00,+4.6793232E+00
+3.9809310E+00,+4.6792231E+00
+3.9868870E+00,+4.6791229E+00
+3.9928429E+00,+4.6790233E+00
+3.9987988E+00,+4.6789236E+00
+4.0047545E+00,+4.6788239E+00
+4.0107107E+00,+4.6787248E+00
+4.0166669E+00,+4.6786251E+00
+4.0226226E+00,+4.6785259E+00
+4.0285788E+00,+4.6784263E+00
+4.0345345E+00,+4.6783271E+00
+4.0404906E+00,+4.6782284E+00
+4.0464463E+00,+4.6781292E+00
+4.0524025E+00,+4.6780300E+00
+4.0583582E+00,+4.6779313E+00
+4.0643144E+00,+4.6778326E+00
+4.0702701E+00,+4.6777339E+00
+4.0750842E+00,+4.6776543E+00
+4.0762262E+00,+4.6776352E+00
+4.0821824E+00,+4.6775365E+00
+4.0881381E+00,+4.6774383E+00
+4.0940943E+00,+4.6773400E+00
+4.1000500E+00,+4.6772413E+00
+4.1060061E+00,+4.6771431E+00
+4.1119618E+00,+4.6770449E+00
+4.1179180E+00,+4.6769471E+00
+4.1238737E+00,+4.6768489E+00
+4.1298299E+00,+4.6767511E+00
+4.1357856E+00,+4.6766534E+00
+4.1417418E+00,+4.6765556E+00
+4.1476979E+00,+4.6764579E+00
+4.1536536E+00,+4.6763601E+00
+4.1596098E+00,+4.6762624E+00
+4.1655655E+00,+4.6761651E+00
+4.1715217E+00,+4.6760674E+00
+4.1774774E+00,+4.6759701E+00
+4.1834335E+00,+4.6758728E+00
+4.1893892E+00,+4.6757755E+00
+4.1953454E+00,+4.6756787E+00
+4.2013011E+00,+4.6755815E+00
+4.2072573E+00,+4.6754847E+00
+4.2132134E+00,+4.6753874E+00
+4.2191691E+00,+4.6752906E+00
+4.2251253E+00,+4.6751938E+00
+4.2310810E+00,+4.6750970E+00
+4.2370372E+00,+4.6750007E+00
+4.2429929E+00,+4.6749039E+00
+4.2489491E+00,+4.6748075E+00
+4.2549047E+00,+4.6747112E+00
+4.2608609E+00,+4.6746144E+00
+4.2668166E+00,+4.6745181E+00
+4.2727728E+00,+4.6744223E+00
+4.2769918E+00,+4.6743541E+00
+4.2787290E+00,+4.6743259E+00
+4.2846847E+00,+4.6742296E+00
+4.2906408E+00,+4.6741338E+00
+4.2965965E+00,+4.6740375E+00
+4.3025527E+00,+4.6739416E+00
+4.3085084E+00,+4.6738458E+00
+4.3144646E+00,+4.6737499E+00
+4.3204203E+00,+4.6736541E+00
+4.3263764E+00,+4.6735587E+00
+4.3323321E+00,+4.6734629E+00
+4.3382883E+00,+4.6733675E+00
+4.3442445E+00,+4.6732721E+00
+4.3502002E+00,+4.6731768E+00
+4.3561563E+00,+4.6730809E+00
+4.3621120E+00,+4.6729860E+00
+4.3680682E+00,+4.6728907E+00
+4.3740239E+00,+4.6727953E+00
+4.3799801E+00,+4.6727004E+00
+4.3859358E+00,+4.6726050E+00
+4.3918920E+00,+4.6725101E+00
+4.3978477E+00,+4.6724153E+00
+4.4038038E+00,+4.6723204E+00
+4.4097595E+00,+4.6722255E+00
+4.4157157E+00,+4.6721306E+00
+4.4216719E+00,+4.6720362E+00
+4.4276276E+00,+4.6719413E+00
+4.4335837E+00,+4.6718469E+00
+4.4395394E+00,+4.6717520E+00
+4.4454956E+00,+4.6716576E+00
+4.4514513E+00,+4.6715631E+00
+4.4574075E+00,+4.6714687E+00
+4.4633632E+00,+4.6713748E+00
+4.4693193E+00,+4.6712804E+00
+4.4752750E+00,+4.6711860E+00
+4.4812312E+00,+4.6710920E+00
+4.4871874E+00,+4.6709976E+00
+4.4889035E+00,+4.6709709E+00
+4.4931431E+00,+4.6709037E+00
+4.4990993E+00,+4.6708097E+00
+4.5050550E+00,+4.6707158E+00
+4.5110111E+00,+4.6706219E+00
+4.5169668E+00,+4.6705279E+00
+4.5229230E+00,+4.6704345E+00
+4.5288787E+00,+4.6703405E+00
+4.5348349E+00,+4.6702471E+00
+4.5407906E+00,+4.6701531E+00
+4.5467467E+00,+4.6700597E+00
+4.5527029E+00,+4.6699662E+00
+4.5586586E+00,+4.6698728E+00
+4.5646148E+00,+4.6697793E+00
+4.5705705E+00,+4.6696858E+00
+4.5765266E+00,+4.6695929E+00
+4.5824823E+00,+4.6694994E+00
+4.5884385E+00,+4.6694064E+00
+4.5943942E+00,+4.6693130E+00
+4.6003504E+00,+4.6692200E+00
+4.6063061E+00,+4.6691270E+00
+4.6122622E+00,+4.6690340E+00
+4.6182184E+00,+4.6689410E+00
+4.6241741E+00,+4.6688480E+00
+4.6301303E+00,+4.6687551E+00
+4.6360860E+00,+4.6686625E+00
+4.6420422E+00,+4.6685696E+00
+4.6479979E+00,+4.6684771E+00
+4.6539540E+00,+4.6683841E+00
+4.6599097E+00,+4.6682916E+00
+4.6658659E+00,+4.6681991E+00
+4.6718216E+00,+4.6681066E+00
+4.6777778E+00,+4.6680140E+00
+4.6837339E+00,+4.6679215E+00
+4.6896896E+00,+4.6678295E+00
+4.6956458E+00,+4.6677370E+00
+4.7016015E+00,+4.6676445E+00
+4.7075577E+00,+4.6675525E+00
+4.7113147E+00,+4.6674943E+00
+4.7135134E+00,+4.6674604E+00
+4.7194695E+00,+4.6673679E+00
+4.7254252E+00,+4.6672759E+00
+4.7313814E+00,+4.6671839E+00
+4.7373371E+00,+4.6670918E+00
+4.7432933E+00,+4.6669998E+00
+4.7492495E+00,+4.6669083E+00
+4.7552052E+00,+4.6668162E+00
+4.7611613E+00,+4.6667247E+00
+4.7671170E+00,+4.6666327E+00
+4.7730732E+00,+4.6665411E+00
+4.7790289E+00,+4.6664491E+00
+4.7849851E+00,+4.6663575E+00
+4.7909408E+00,+4.6662660E+00
+4.7968969E+00,+4.6661744E+00
+4.8028526E+00,+4.6660829E+00
+4.8088088E+00,+4.6659913E+00
+4.8147650E+00,+4.6659002E+00
+4.8207207E+00,+4.6658087E+00
+4.8266768E+00,+4.6657176E+00
+4.8326325E+00,+4.6656260E+00
+4.8385887E+00,+4.6655350E+00
+4.8445444E+00,+4.6654439E+00
+4.8505006E+00,+4.6653523E+00
+4.8564563E+00,+4.6652613E+00
+4.8624125E+00,+4.6651702E+00
+4.8683681E+00,+4.6650791E+00
+4.8743243E+00,+4.6649885E+00
+4.8802805E+00,+4.6648974E+00
+4.8862362E+00,+4.6648064E+00
+4.8921924E+00,+4.6647158E+00
+4.8981481E+00,+4.6646247E+00
+4.9041042E+00,+4.6645341E+00
+4.9100599E+00,+4.6644435E+00
+4.9160161E+00,+4.6643524E+00
+4.9219718E+00,+4.6642618E+00
+4.9279280E+00,+4.6641712E+00
+4.9338837E+00,+4.6640806E+00
+4.9398398E+00,+4.6639905E+00
+4.9447455E+00,+4.6639156E+00
+4.9457960E+00,+4.6638999E+00
+4.9517517E+00,+4.6638093E+00
+4.9577079E+00,+4.6637192E+00
+4.9636636E+00,+4.6636286E+00
+4.9696198E+00,+4.6635385E+00
+4.9755754E+00,+4.6634479E+00
+4.9815316E+00,+4.6633577E+00
+4.9874873E+00,+4.6632676E+00
+4.9934435E+00,+4.6631775E+00
+4.9993992E+00,+4.6630874E+00
+5.0053554E+00,+4.6629972E+00
+5.0113115E+00,+4.6629071E+00
+5.0172672E+00,+4.6628170E+00
+5.0232234E+00,+4.6627274E+00
+5.0291791E+00,+4.6626372E+00
+5.0351353E+00,+4.6625476E+00
+5.0410910E+00,+4.6624575E+00
+5.0470471E+00,+4.6623678E+00
+5.0530028E+00,+4.6622782E+00
+5.0589590E+00,+4.6621881E+00
+5.0649147E+00,+4.6620984E+00
+5.0708709E+00,+4.6620088E+00
+5.0768270E+00,+4.6619191E+00
+5.0827827E+00,+4.6618299E+00
+5.0887389E+00,+4.6617403E+00
+5.0946946E+00,+4.6616507E+00
+5.1006508E+00,+4.6615615E+00
+5.1066065E+00,+4.6614718E+00
+5.1125627E+00,+4.6613827E+00
+5.1185184E+00,+4.6612930E+00
+5.1244745E+00,+4.6612039E+00
+5.1304302E+00,+4.6611147E+00
+5.1363864E+00,+4.6610255E+00
+5.1423426E+00,+4.6609364E+00
+5.1482983E+00,+4.6608472E+00
+5.1542544E+00,+4.6607580E+00
+5.1602101E+00,+4.6606688E+00
+5.1661663E+00,+4.6605797E+00
+5.1721220E+00,+4.6604910E+00
+5.1780782E+00,+4.6604018E+00
+5.1840339E+00,+4.6603131E+00
+5.1897421E+00,+4.6602278E+00
+5.1899900E+00,+4.6602240E+00
+5.1959457E+00,+4.6601353E+00
+5.2019019E+00,+4.6600466E+00
+5.2078581E+00,+4.6599574E+00
+5.2138138E+00,+4.6598687E+00
+5.2197700E+00,+4.6597800E+00
+5.2257257E+00,+4.6596913E+00
+5.2316818E+00,+4.6596026E+00
+5.2376375E+00,+4.6595144E+00
+5.2435937E+00,+4.6594257E+00
+5.2495494E+00,+4.6593370E+00
+5.2555056E+00,+4.6592488E+00
+5.2614613E+00,+4.6591601E+00
+5.2674174E+00,+4.6590719E+00
+5.2733736E+00,+4.6589832E+00
+5.2793293E+00,+4.6588950E+00
+5.2852855E+00,+4.6588068E+00
+5.2912412E+00,+4.6587186E+00
+5.2971973E+00,+4.6586304E+00
+5.3031530E+00,+4.6585422E+00
+5.3091092E+00,+4.6584539E+00
+5.3150649E+00,+4.6583657E+00
+5.3210211E+00,+4.6582775E+00
+5.3269768E+00,+4.6581898E+00
+5.3329329E+00,+4.6581016E+00
+5.3388891E+00,+4.6580138E+00
+5.3448448E+00,+4.6579256E+00
+5.3508010E+00,+4.6578379E+00
+5.3567567E+00,+4.6577501E+00
+5.3627129E+00,+4.6576619E+00
+5.3686686E+00,+4.6575742E+00
+5.3746247E+00,+4.6574864E+00
+5.3805804E+00,+4.6573987E+00
+5.3865366E+00,+4.6573110E+00
+5.3924923E+00,+4.6572232E+00
+5.3984485E+00,+4.6571360E+00
+5.4044046E+00,+4.6570482E+00
+5.4103603E+00,+4.6569605E+00
+5.4163165E+00,+4.6568732E+00
+5.4222722E+00,+4.6567855E+00
+5.4282284E+00,+4.6566982E+00
+5.4341841E+00,+4.6566110E+00
+5.4401402E+00,+4.6565232E+00
+5.4460959E+00,+4.6564360E+00
+5.4468775E+00,+4.6564245E+00
+5.4520521E+00,+4.6563487E+00
+5.4580078E+00,+4.6562614E+00
+5.4639640E+00,+4.6561742E+00
+5.4699197E+00,+4.6560869E+00
+5.4758759E+00,+4.6559997E+00
+5.4818320E+00,+4.6559129E+00
+5.4877877E+00,+4.6558256E+00
+5.4937439E+00,+4.6557384E+00
+5.4996996E+00,+4.6556516E+00
+5.5056558E+00,+4.6555643E+00
+5.5116115E+00,+4.6554775E+00
+5.5175676E+00,+4.6553907E+00
+5.5235233E+00,+4.6553035E+00
+5.5294795E+00,+4.6552167E+00
+5.5354352E+00,+4.6551299E+00
+5.5413914E+00,+4.6550431E+00
+5.5473475E+00,+4.6549563E+00
+5.5533032E+00,+4.6548696E+00
+5.5592594E+00,+4.6547828E+00
+5.5652151E+00,+4.6546965E+00
+5.5711713E+00,+4.6546097E+00
+5.5771270E+00,+4.6545229E+00
+5.5830832E+00,+4.6544366E+00
+5.5890388E+00,+4.6543498E+00
+5.5949950E+00,+4.6542635E+00
+5.6009507E+00,+4.6541772E+00
+5.6069069E+00,+4.6540904E+00
+5.6128631E+00,+4.6540041E+00
+5.6188188E+00,+4.6539178E+00
+5.6247749E+00,+4.6538315E+00
+5.6307306E+00,+4.6537452E+00
+5.6366868E+00,+4.6536589E+00
+5.6426425E+00,+4.6535726E+00
+5.6485987E+00,+4.6534867E+00
+5.6545544E+00,+4.6534004E+00
+5.6605105E+00,+4.6533141E+00
+5.6664662E+00,+4.6532283E+00
+5.6724224E+00,+4.6531420E+00
+5.6783786E+00,+4.6530561E+00
+5.6843343E+00,+4.6529703E+00
+5.6902905E+00,+4.6528840E+00
+5.6962461E+00,+4.6527982E+00
+5.7022023E+00,+4.6527123E+00
+5.7081580E+00,+4.6526265E+00
+5.7141142E+00,+4.6525407E+00
+5.7167530E+00,+4.6525025E+00
+5.7200699E+00,+4.6524549E+00
+5.7260261E+00,+4.6523690E+00
+5.7319818E+00,+4.6522837E+00
+5.7379379E+00,+4.6521978E+00
+5.7438941E+00,+4.6521120E+00
+5.7498498E+00,+4.6520267E+00
+5.7558060E+00,+4.6519408E+00
+5.7617617E+00,+4.6518555E+00
+5.7677178E+00,+4.6517696E+00
+5.7736735E+00,+4.6516843E+00
+5.7796297E+00,+4.6515989E+00
+5.7855854E+00,+4.6515136E+00
+5.7915416E+00,+4.6514282E+00
+5.7974973E+00,+4.6513429E+00
+5.8034534E+00,+4.6512575E+00
+5.8094096E+00,+4.6511722E+00
+5.8153653E+00,+4.6510868E+00
+5.8213215E+00,+4.6510015E+00
+5.8272772E+00,+4.6509166E+00
+5.8332334E+00,+4.6508312E+00
+5.8391891E+00,+4.6507463E+00
+5.8451452E+00,+4.6506610E+00
+5.8511009E+00,+4.6505761E+00
+5.8570571E+00,+4.6504912E+00
+5.8630128E+00,+4.6504059E+00
+5.8689690E+00,+4.6503210E+00
+5.8749251E+00,+4.6502361E+00
+5.8808808E+00,+4.6501513E+00
+5.8868370E+00,+4.6500664E+00
+5.8927927E+00,+4.6499815E+00
+5.8987489E+00,+4.6498966E+00
+5.9047046E+00,+4.6498122E+00
+5.9106607E+00,+4.6497273E+00
+5.9166164E+00,+4.6496425E+00
+5.9225726E+00,+4.6495581E+00
+5.9285283E+00,+4.6494732E+00
+5.9344845E+00,+4.6493888E+00
+5.9404407E+00,+4.6493044E+00
+5.9463964E+00,+4.6492195E+00
+5.9523525E+00,+4.6491351E+00
+5.9583082E+00,+4.6490507E+00
+5.9642644E+00,+4.6489663E+00
+5.9702201E+00,+4.6488819E+00
+5.9761763E+00,+4.6487975E+00
+5.9821320E+00,+4.6487131E+00
+5.9880881E+00,+4.6486292E+00
+5.9940438E+00,+4.6485448E+00
+6.0000000E+00,+4.6484604E+00
