+5.0000001E-02,+1.0535128E-02
+5.2477341E-02,+1.1054564E-02
+5.5077430E-02,+1.1599340E-02
+5.5955958E-02,+1.1783316E-02
+5.7806343E-02,+1.2170651E-02
+6.0670465E-02,+1.2769739E-02
+6.1911911E-02,+1.3029238E-02
+6.3676499E-02,+1.3397900E-02
+6.6831470E-02,+1.4056481E-02
+6.7867868E-02,+1.4272660E-02
+7.0142753E-02,+1.4746878E-02
+7.3618107E-02,+1.5470544E-02
+7.3823825E-02,+1.5513348E-02
+7.7265650E-02,+1.6228981E-02
+7.9779781E-02,+1.6751071E-02
+8.1093922E-02,+1.7023746E-02
+8.5111871E-02,+1.7856445E-02
+8.5735738E-02,+1.7985601E-02
+8.9328900E-02,+1.8728737E-02
+9.1691695E-02,+1.9216707E-02
+9.3754865E-02,+1.9642329E-02
+9.7647645E-02,+2.0444166E-02
+9.8400123E-02,+2.0598972E-02
+1.0327554E-01,+2.1600462E-02
+1.0360360E-01,+2.1667756E-02
+1.0839251E-01,+2.2648633E-02
+1.0955956E-01,+2.2887256E-02
+1.1376303E-01,+2.3745349E-02
+1.1551552E-01,+2.4102451E-02
+1.1939962E-01,+2.4892503E-02
+1.2147147E-01,+2.5313124E-02
+1.2531550E-01,+2.6092004E-02
+1.2742743E-01,+2.6519066E-02
+1.3152449E-01,+2.7345771E-02
+1.3338338E-01,+2.7720070E-02
+1.3804111E-01,+2.8655713E-02
+1.3933934E-01,+2.8915929E-02
+1.4488061E-01,+3.0023729E-02
+1.4529529E-01,+3.0106442E-02
+1.5125126E-01,+3.1291414E-02
+1.5205899E-01,+3.1451680E-02
+1.5720721E-01,+3.2470647E-02
+1.5959305E-01,+3.2941371E-02
+1.6316317E-01,+3.3643954E-02
+1.6750038E-01,+3.4494534E-02
+1.6911912E-01,+3.4811147E-02
+1.7507507E-01,+3.5972044E-02
+1.7579949E-01,+3.6112804E-02
+1.8103103E-01,+3.7126470E-02
+1.8450980E-01,+3.7797682E-02
+1.8698698E-01,+3.8274243E-02
+1.9294295E-01,+3.9415199E-02
+1.9365168E-01,+3.9550506E-02
+1.9889890E-01,+4.0549170E-02
+2.0324650E-01,+4.1372418E-02
+2.0485486E-01,+4.1675992E-02
+2.1081081E-01,+4.2795513E-02
+2.1331674E-01,+4.3264322E-02
+2.1676676E-01,+4.3907575E-02
+2.2272272E-01,+4.5012031E-02
+2.2388591E-01,+4.5226831E-02
+2.2867867E-01,+4.6108741E-02
+2.3463464E-01,+4.7197562E-02
+2.3497875E-01,+4.7260225E-02
+2.4059059E-01,+4.8278358E-02
+2.4654655E-01,+4.9350999E-02
+2.4662121E-01,+4.9364395E-02
+2.5250250E-01,+5.0415367E-02
+2.5845847E-01,+5.1471334E-02
+2.5884050E-01,+5.1538780E-02
+2.6441440E-01,+5.2518785E-02
+2.7037036E-01,+5.3557608E-02
+2.7166525E-01,+5.3782303E-02
+2.7632633E-01,+5.4587699E-02
+2.8228229E-01,+5.5608954E-02
+2.8512540E-01,+5.6093317E-02
+2.8823823E-01,+5.6621280E-02
+2.9419419E-01,+5.7624578E-02
+2.9925248E-01,+5.8469508E-02
+3.0015016E-01,+5.8618765E-02
+3.0610612E-01,+5.9603754E-02
+3.1206205E-01,+6.0579471E-02
+3.1407949E-01,+6.0907852E-02
+3.1801802E-01,+6.1545838E-02
+3.2397398E-01,+6.2502787E-02
+3.2964113E-01,+6.3404538E-02
+3.2992992E-01,+6.3450254E-02
+3.3588588E-01,+6.4388186E-02
+3.4184185E-01,+6.5316513E-02
+3.4597382E-01,+6.5954879E-02
+3.4779781E-01,+6.6235192E-02
+3.5375375E-01,+6.7144170E-02
+3.5970971E-01,+6.8043411E-02
+3.6311573E-01,+6.8553269E-02
+3.6566567E-01,+6.8932876E-02
+3.7162161E-01,+6.9812536E-02
+3.7757757E-01,+7.0682347E-02
+3.8110697E-01,+7.1193129E-02
+3.8353354E-01,+7.1542293E-02
+3.8948950E-01,+7.2392344E-02
+3.9544544E-01,+7.3232494E-02
+3.9998963E-01,+7.3866829E-02
+4.0140140E-01,+7.4062720E-02
+4.0735736E-01,+7.4883021E-02
+4.1331330E-01,+7.5693384E-02
+4.1926926E-01,+7.6493800E-02
+4.1980785E-01,+7.6565690E-02
+4.2522523E-01,+7.7284284E-02
+4.3118119E-01,+7.8064829E-02
+4.3713713E-01,+7.8835450E-02
+4.4060802E-01,+7.9279959E-02
+4.4309309E-01,+7.9596154E-02
+4.4904906E-01,+8.0346964E-02
+4.5500502E-01,+8.1087887E-02
+4.6096095E-01,+8.1818946E-02
+4.6243876E-01,+8.1998818E-02
+4.6691692E-01,+8.2540177E-02
+4.7287288E-01,+8.3251588E-02
+4.7882882E-01,+8.3953224E-02
+4.8478478E-01,+8.4645115E-02
+4.8535115E-01,+8.4710397E-02
+4.9074075E-01,+8.5327290E-02
+4.9669671E-01,+8.5999794E-02
+5.0265265E-01,+8.6662665E-02
+5.0860858E-01,+8.7315947E-02
+5.0939876E-01,+8.7401897E-02
+5.1456457E-01,+8.7959684E-02
+5.2052051E-01,+8.8593923E-02
+5.2647650E-01,+8.9218721E-02
+5.3243244E-01,+8.9834124E-02
+5.3463787E-01,+9.0059631E-02
+5.3838837E-01,+9.0440191E-02
+5.4434437E-01,+9.1036968E-02
+5.5030030E-01,+9.1624528E-02
+5.5625623E-01,+9.2202917E-02
+5.6112748E-01,+9.2669204E-02
+5.6221223E-01,+9.2772208E-02
+5.6816816E-01,+9.3332462E-02
+5.7412410E-01,+9.3883745E-02
+5.8008009E-01,+9.4426110E-02
+5.8603603E-01,+9.4959646E-02
+5.8892959E-01,+9.5215678E-02
+5.9199202E-01,+9.5484413E-02
+5.9794796E-01,+9.6000478E-02
+6.0390389E-01,+9.6507914E-02
+6.0985988E-01,+9.7006805E-02
+6.1581582E-01,+9.7497210E-02
+6.1810917E-01,+9.7683802E-02
+6.2177175E-01,+9.7979218E-02
+6.2772775E-01,+9.8452896E-02
+6.3368368E-01,+9.8918319E-02
+6.3963962E-01,+9.9375576E-02
+6.4559561E-01,+9.9824741E-02
+6.4873457E-01,+1.0005824E-01
+6.5155154E-01,+1.0026589E-01
+6.5750748E-01,+1.0069910E-01
+6.6346347E-01,+1.0112447E-01
+6.6941941E-01,+1.0154207E-01
+6.7537540E-01,+1.0195197E-01
+6.8087733E-01,+1.0232387E-01
+6.8133134E-01,+1.0235427E-01
+6.8728727E-01,+1.0274905E-01
+6.9324327E-01,+1.0313638E-01
+6.9919920E-01,+1.0351636E-01
+7.0515513E-01,+1.0388906E-01
+7.1111113E-01,+1.0425457E-01
+7.1461266E-01,+1.0446614E-01
+7.1706706E-01,+1.0461298E-01
+7.2302300E-01,+1.0496437E-01
+7.2897899E-01,+1.0530881E-01
+7.3493493E-01,+1.0564640E-01
+7.4089092E-01,+1.0597723E-01
+7.4684685E-01,+1.0630136E-01
+7.5001943E-01,+1.0647132E-01
+7.5280279E-01,+1.0661890E-01
+7.5875878E-01,+1.0692991E-01
+7.6471472E-01,+1.0723449E-01
+7.7067065E-01,+1.0753272E-01
+7.7662665E-01,+1.0782469E-01
+7.8258258E-01,+1.0811047E-01
+7.8718054E-01,+1.0832691E-01
+7.8853852E-01,+1.0839015E-01
+7.9449451E-01,+1.0866380E-01
+8.0045044E-01,+1.0893153E-01
+8.0640638E-01,+1.0919338E-01
+8.1236237E-01,+1.0944948E-01
+8.1831831E-01,+1.0969987E-01
+8.2427430E-01,+1.0994466E-01
+8.2618290E-01,+1.1002192E-01
+8.3023024E-01,+1.1018390E-01
+8.3618617E-01,+1.1041770E-01
+8.4214216E-01,+1.1064612E-01
+8.4809810E-01,+1.1086924E-01
+8.5405403E-01,+1.1108715E-01
+8.6001003E-01,+1.1129992E-01
+8.6596596E-01,+1.1150762E-01
+8.6711764E-01,+1.1154720E-01
+8.7192190E-01,+1.1171033E-01
+8.7787789E-01,+1.1190814E-01
+8.8383383E-01,+1.1210110E-01
+8.8978976E-01,+1.1228931E-01
+8.9574575E-01,+1.1247282E-01
+9.0170169E-01,+1.1265172E-01
+9.0765768E-01,+1.1282608E-01
+9.1008061E-01,+1.1289573E-01
+9.1361362E-01,+1.1299597E-01
+9.1956955E-01,+1.1316146E-01
+9.2552555E-01,+1.1332262E-01
+9.3148148E-01,+1.1347952E-01
+9.3743742E-01,+1.1363222E-01
+9.4339341E-01,+1.1378081E-01
+9.4934934E-01,+1.1392535E-01
+9.5517224E-01,+1.1406280E-01
+9.5530528E-01,+1.1406590E-01
+9.6126127E-01,+1.1420253E-01
+9.6721721E-01,+1.1433531E-01
+9.7317320E-01,+1.1446429E-01
+9.7912914E-01,+1.1458955E-01
+9.8508507E-01,+1.1471114E-01
+9.9104106E-01,+1.1482915E-01
+9.9699700E-01,+1.1494361E-01
+1.0024980E+00,+1.1504624E-01
+1.0029529E+00,+1.1505460E-01
+1.0089089E+00,+1.1516217E-01
+1.0148649E+00,+1.1526639E-01
+1.0208209E+00,+1.1536731E-01
+1.0267768E+00,+1.1546499E-01
+1.0327327E+00,+1.1555950E-01
+1.0386887E+00,+1.1565088E-01
+1.0446446E+00,+1.1573920E-01
+1.0506006E+00,+1.1582451E-01
+1.0521686E+00,+1.1584647E-01
+1.0565566E+00,+1.1590686E-01
+1.0625125E+00,+1.1598630E-01
+1.0684685E+00,+1.1606291E-01
+1.0744244E+00,+1.1613671E-01
+1.0803804E+00,+1.1620777E-01
+1.0863364E+00,+1.1627614E-01
+1.0922923E+00,+1.1634187E-01
+1.0982482E+00,+1.1640501E-01
+1.1042042E+00,+1.1646560E-01
+1.1043003E+00,+1.1646656E-01
+1.1101601E+00,+1.1652371E-01
+1.1161162E+00,+1.1657935E-01
+1.1220721E+00,+1.1663261E-01
+1.1280280E+00,+1.1668352E-01
+1.1339840E+00,+1.1673211E-01
+1.1399399E+00,+1.1677846E-01
+1.1458958E+00,+1.1682258E-01
+1.1518519E+00,+1.1686452E-01
+1.1578078E+00,+1.1690434E-01
+1.1590148E+00,+1.1691216E-01
+1.1637638E+00,+1.1694208E-01
+1.1697197E+00,+1.1697777E-01
+1.1756756E+00,+1.1701145E-01
+1.1816317E+00,+1.1704317E-01
+1.1875876E+00,+1.1707298E-01
+1.1935436E+00,+1.1710089E-01
+1.1994995E+00,+1.1712697E-01
+1.2054554E+00,+1.1715124E-01
+1.2114114E+00,+1.1717375E-01
+1.2164404E+00,+1.1719140E-01
+1.2173674E+00,+1.1719452E-01
+1.2233233E+00,+1.1721359E-01
+1.2292793E+00,+1.1723102E-01
+1.2352352E+00,+1.1724681E-01
+1.2411911E+00,+1.1726103E-01
+1.2471472E+00,+1.1727369E-01
+1.2531031E+00,+1.1728483E-01
+1.2590591E+00,+1.1729448E-01
+1.2650150E+00,+1.1730268E-01
+1.2709709E+00,+1.1730946E-01
+1.2767112E+00,+1.1731468E-01
+1.2769269E+00,+1.1731485E-01
+1.2828829E+00,+1.1731888E-01
+1.2888389E+00,+1.1732159E-01
+1.2947948E+00,+1.1732300E-01
+1.3007507E+00,+1.1732314E-01
+1.3067067E+00,+1.1732204E-01
+1.3126627E+00,+1.1731973E-01
+1.3186187E+00,+1.1731625E-01
+1.3245746E+00,+1.1731160E-01
+1.3305305E+00,+1.1730584E-01
+1.3364865E+00,+1.1729897E-01
+1.3399682E+00,+1.1729445E-01
+1.3424424E+00,+1.1729103E-01
+1.3483984E+00,+1.1728204E-01
+1.3543544E+00,+1.1727203E-01
+1.3603103E+00,+1.1726102E-01
+1.3662663E+00,+1.1724904E-01
+1.3722222E+00,+1.1723612E-01
+1.3781781E+00,+1.1722227E-01
+1.3841342E+00,+1.1720752E-01
+1.3900901E+00,+1.1719189E-01
+1.3960460E+00,+1.1717541E-01
+1.4020020E+00,+1.1715809E-01
+1.4063594E+00,+1.1714491E-01
+1.4079579E+00,+1.1713997E-01
+1.4139140E+00,+1.1712105E-01
+1.4198699E+00,+1.1710136E-01
+1.4258258E+00,+1.1708093E-01
+1.4317818E+00,+1.1705977E-01
+1.4377377E+00,+1.1703790E-01
+1.4436936E+00,+1.1701534E-01
+1.4496497E+00,+1.1699212E-01
+1.4556056E+00,+1.1696824E-01
+1.4615616E+00,+1.1694373E-01
+1.4675175E+00,+1.1691862E-01
+1.4734734E+00,+1.1689290E-01
+1.4760401E+00,+1.1688164E-01
+1.4794295E+00,+1.1686660E-01
+1.4853854E+00,+1.1683975E-01
+1.4913414E+00,+1.1681236E-01
+1.4972973E+00,+1.1678443E-01
+1.5032532E+00,+1.1675600E-01
+1.5092092E+00,+1.1672707E-01
+1.5151652E+00,+1.1669766E-01
+1.5211211E+00,+1.1666778E-01
+1.5270771E+00,+1.1663747E-01
+1.5330330E+00,+1.1660671E-01
+1.5389889E+00,+1.1657554E-01
+1.5449450E+00,+1.1654396E-01
+1.5491732E+00,+1.1652131E-01
+1.5509009E+00,+1.1651200E-01
+1.5568569E+00,+1.1647966E-01
+1.5628128E+00,+1.1644695E-01
+1.5687687E+00,+1.1641389E-01
+1.5747247E+00,+1.1638050E-01
+1.5806807E+00,+1.1634678E-01
+1.5866367E+00,+1.1631275E-01
+1.5925926E+00,+1.1627842E-01
+1.5985485E+00,+1.1624380E-01
+1.6045045E+00,+1.1620891E-01
+1.6104605E+00,+1.1617376E-01
+1.6164165E+00,+1.1613835E-01
+1.6223724E+00,+1.1610270E-01
+1.6259300E+00,+1.1608130E-01
+1.6283283E+00,+1.1606682E-01
+1.6342843E+00,+1.1603072E-01
+1.6402402E+00,+1.1599441E-01
+1.6461962E+00,+1.1595790E-01
+1.6521522E+00,+1.1592121E-01
+1.6581081E+00,+1.1588433E-01
+1.6640640E+00,+1.1584728E-01
+1.6700200E+00,+1.1581008E-01
+1.6759759E+00,+1.1577272E-01
+1.6819320E+00,+1.1573523E-01
+1.6878879E+00,+1.1569760E-01
+1.6938438E+00,+1.1565984E-01
+1.6997998E+00,+1.1562198E-01
+1.7057557E+00,+1.1558400E-01
+1.7064896E+00,+1.1557931E-01
+1.7117118E+00,+1.1554593E-01
+1.7176677E+00,+1.1550776E-01
+1.7236236E+00,+1.1546952E-01
+1.7295796E+00,+1.1543120E-01
+1.7355355E+00,+1.1539280E-01
+1.7414914E+00,+1.1535436E-01
+1.7474475E+00,+1.1531585E-01
+1.7534034E+00,+1.1527731E-01
+1.7593594E+00,+1.1523873E-01
+1.7653153E+00,+1.1520011E-01
+1.7712712E+00,+1.1516147E-01
+1.7772273E+00,+1.1512281E-01
+1.7831832E+00,+1.1508413E-01
+1.7891392E+00,+1.1504546E-01
+1.7910408E+00,+1.1503311E-01
+1.7950951E+00,+1.1500678E-01
+1.8010510E+00,+1.1496811E-01
+1.8070070E+00,+1.1492945E-01
+1.8129630E+00,+1.1489081E-01
+1.8189189E+00,+1.1485219E-01
+1.8248749E+00,+1.1481360E-01
+1.8308308E+00,+1.1477505E-01
+1.8367867E+00,+1.1473653E-01
+1.8427428E+00,+1.1469806E-01
+1.8486987E+00,+1.1465964E-01
+1.8546547E+00,+1.1462127E-01
+1.8606106E+00,+1.1458296E-01
+1.8665665E+00,+1.1454472E-01
+1.8725225E+00,+1.1450654E-01
+1.8784785E+00,+1.1446844E-01
+1.8797812E+00,+1.1446012E-01
+1.8844345E+00,+1.1443041E-01
+1.8903904E+00,+1.1439247E-01
+1.8963463E+00,+1.1435461E-01
+1.9023023E+00,+1.1431684E-01
+1.9082582E+00,+1.1427917E-01
+1.9142143E+00,+1.1424159E-01
+1.9201702E+00,+1.1420412E-01
+1.9261261E+00,+1.1416674E-01
+1.9320821E+00,+1.1412948E-01
+1.9380380E+00,+1.1409234E-01
+1.9439940E+00,+1.1405530E-01
+1.9499500E+00,+1.1401839E-01
+1.9559059E+00,+1.1398159E-01
+1.9618618E+00,+1.1394493E-01
+1.9678178E+00,+1.1390838E-01
+1.9729185E+00,+1.1387719E-01
+1.9737737E+00,+1.1387198E-01
+1.9797298E+00,+1.1383570E-01
+1.9856857E+00,+1.1379956E-01
+1.9916416E+00,+1.1376356E-01
+1.9975976E+00,+1.1372771E-01
+2.0035536E+00,+1.1369200E-01
+2.0095096E+00,+1.1365644E-01
+2.0154655E+00,+1.1362103E-01
+2.0214214E+00,+1.1358576E-01
+2.0273774E+00,+1.1355066E-01
+2.0333333E+00,+1.1351571E-01
+2.0392892E+00,+1.1348093E-01
+2.0452452E+00,+1.1344630E-01
+2.0512011E+00,+1.1341184E-01
+2.0571570E+00,+1.1337754E-01
+2.0631132E+00,+1.1334342E-01
+2.0690691E+00,+1.1330946E-01
+2.0706704E+00,+1.1330035E-01
+2.0750251E+00,+1.1327567E-01
+2.0809810E+00,+1.1324206E-01
+2.0869370E+00,+1.1320862E-01
+2.0928929E+00,+1.1317535E-01
+2.0988488E+00,+1.1314227E-01
+2.1048048E+00,+1.1310937E-01
+2.1107607E+00,+1.1307665E-01
+2.1167166E+00,+1.1304411E-01
+2.1226726E+00,+1.1301176E-01
+2.1286287E+00,+1.1297959E-01
+2.1345847E+00,+1.1294761E-01
+2.1405406E+00,+1.1291582E-01
+2.1464965E+00,+1.1288422E-01
+2.1524525E+00,+1.1285281E-01
+2.1584084E+00,+1.1282159E-01
+2.1643643E+00,+1.1279057E-01
+2.1703203E+00,+1.1275974E-01
+2.1732657E+00,+1.1274456E-01
+2.1762762E+00,+1.1272910E-01
+2.1822321E+00,+1.1269867E-01
+2.1881881E+00,+1.1266842E-01
+2.1941442E+00,+1.1263838E-01
+2.2001002E+00,+1.1260854E-01
+2.2060561E+00,+1.1257889E-01
+2.2120121E+00,+1.1254945E-01
+2.2179680E+00,+1.1252021E-01
+2.2239239E+00,+1.1249118E-01
+2.2298799E+00,+1.1246234E-01
+2.2358358E+00,+1.1243371E-01
+2.2417917E+00,+1.1240528E-01
+2.2477477E+00,+1.1237705E-01
+2.2537036E+00,+1.1234904E-01
+2.2596598E+00,+1.1232123E-01
+2.2656157E+00,+1.1229363E-01
+2.2715716E+00,+1.1226623E-01
+2.2775276E+00,+1.1223904E-01
+2.2809441E+00,+1.1222354E-01
+2.2834835E+00,+1.1221206E-01
+2.2894394E+00,+1.1218528E-01
+2.2953954E+00,+1.1215872E-01
+2.3013513E+00,+1.1213236E-01
+2.3073072E+00,+1.1210622E-01
+2.3132632E+00,+1.1208028E-01
+2.3192191E+00,+1.1205456E-01
+2.3251753E+00,+1.1202904E-01
+2.3311312E+00,+1.1200373E-01
+2.3370872E+00,+1.1197864E-01
+2.3430431E+00,+1.1195375E-01
+2.3489990E+00,+1.1192907E-01
+2.3549550E+00,+1.1190461E-01
+2.3609109E+00,+1.1188035E-01
+2.3668668E+00,+1.1185631E-01
+2.3728228E+00,+1.1183248E-01
+2.3787787E+00,+1.1180886E-01
+2.3847346E+00,+1.1178545E-01
+2.3906908E+00,+1.1176225E-01
+2.3939576E+00,+1.1174961E-01
+2.3966467E+00,+1.1173926E-01
+2.4026027E+00,+1.1171648E-01
+2.4085586E+00,+1.1169391E-01
+2.4145145E+00,+1.1167156E-01
+2.4204705E+00,+1.1164941E-01
+2.4264264E+00,+1.1162747E-01
+2.4323823E+00,+1.1160575E-01
+2.4383383E+00,+1.1158424E-01
+2.4442942E+00,+1.1156293E-01
+2.4502501E+00,+1.1154184E-01
+2.4562063E+00,+1.1152095E-01
+2.4621623E+00,+1.1150027E-01
+2.4681182E+00,+1.1147980E-01
+2.4740741E+00,+1.1145955E-01
+2.4800301E+00,+1.1143949E-01
+2.4859860E+00,+1.1141965E-01
+2.4919419E+00,+1.1140002E-01
+2.4978979E+00,+1.1138058E-01
+2.5038538E+00,+1.1136136E-01
+2.5098097E+00,+1.1134235E-01
+2.5125706E+00,+1.1133361E-01
+2.5157657E+00,+1.1132354E-01
+2.5217218E+00,+1.1130494E-01
+2.5276778E+00,+1.1128654E-01
+2.5336337E+00,+1.1126836E-01
+2.5395896E+00,+1.1125037E-01
+2.5455456E+00,+1.1123259E-01
+2.5515015E+00,+1.1121501E-01
+2.5574574E+00,+1.1119764E-01
+2.5634134E+00,+1.1118047E-01
+2.5693693E+00,+1.1116350E-01
+2.5753253E+00,+1.1114673E-01
+2.5812812E+00,+1.1113017E-01
+2.5872371E+00,+1.1111381E-01
+2.5931933E+00,+1.1109765E-01
+2.5991492E+00,+1.1108168E-01
+2.6051052E+00,+1.1106592E-01
+2.6110611E+00,+1.1105036E-01
+2.6170170E+00,+1.1103500E-01
+2.6229730E+00,+1.1101983E-01
+2.6289289E+00,+1.1100486E-01
+2.6348848E+00,+1.1099008E-01
+2.6370606E+00,+1.1098474E-01
+2.6408408E+00,+1.1097551E-01
+2.6467967E+00,+1.1096113E-01
+2.6527526E+00,+1.1094695E-01
+2.6587088E+00,+1.1093296E-01
+2.6646647E+00,+1.1091916E-01
+2.6706207E+00,+1.1090556E-01
+2.6765766E+00,+1.1089215E-01
+2.6825325E+00,+1.1087894E-01
+2.6884885E+00,+1.1086591E-01
+2.6944444E+00,+1.1085308E-01
+2.7004004E+00,+1.1084043E-01
+2.7063563E+00,+1.1082797E-01
+2.7123122E+00,+1.1081571E-01
+2.7182682E+00,+1.1080363E-01
+2.7242243E+00,+1.1079174E-01
+2.7301803E+00,+1.1078004E-01
+2.7361362E+00,+1.1076853E-01
+2.7420921E+00,+1.1075719E-01
+2.7480481E+00,+1.1074605E-01
+2.7540040E+00,+1.1073509E-01
+2.7599599E+00,+1.1072432E-01
+2.7659159E+00,+1.1071372E-01
+2.7677188E+00,+1.1071055E-01
+2.7718718E+00,+1.1070331E-01
+2.7778277E+00,+1.1069308E-01
+2.7837837E+00,+1.1068303E-01
+2.7897398E+00,+1.1067317E-01
+2.7956958E+00,+1.1066347E-01
+2.8016517E+00,+1.1065397E-01
+2.8076077E+00,+1.1064463E-01
+2.8135636E+00,+1.1063548E-01
+2.8195195E+00,+1.1062650E-01
+2.8254755E+00,+1.1061770E-01
+2.8314314E+00,+1.1060908E-01
+2.8373873E+00,+1.1060062E-01
+2.8433433E+00,+1.1059234E-01
+2.8492992E+00,+1.1058424E-01
+2.8552554E+00,+1.1057631E-01
+2.8612113E+00,+1.1056855E-01
+2.8671672E+00,+1.1056096E-01
+2.8731232E+00,+1.1055354E-01
+2.8790791E+00,+1.1054629E-01
+2.8850350E+00,+1.1053921E-01
+2.8909910E+00,+1.1053229E-01
+2.8969469E+00,+1.1052555E-01
+2.9029028E+00,+1.1051897E-01
+2.9048505E+00,+1.1051685E-01
+2.9088588E+00,+1.1051255E-01
+2.9148147E+00,+1.1050630E-01
+2.9207709E+00,+1.1050022E-01
+2.9267268E+00,+1.1049430E-01
+2.9326828E+00,+1.1048854E-01
+2.9386387E+00,+1.1048295E-01
+2.9445946E+00,+1.1047751E-01
+2.9505506E+00,+1.1047223E-01
+2.9565065E+00,+1.1046711E-01
+2.9624624E+00,+1.1046216E-01
+2.9684184E+00,+1.1045736E-01
+2.9743743E+00,+1.1045272E-01
+2.9803302E+00,+1.1044823E-01
+2.9862864E+00,+1.1044390E-01
+2.9922423E+00,+1.1043973E-01
+2.9981983E+00,+1.1043572E-01
+3.0041542E+00,+1.1043185E-01
+3.0101101E+00,+1.1042814E-01
+3.0160661E+00,+1.1042458E-01
+3.0220220E+00,+1.1042117E-01
+3.0279779E+00,+1.1041791E-01
+3.0339339E+00,+1.1041480E-01
+3.0398898E+00,+1.1041184E-01
+3.0458457E+00,+1.1040903E-01
+3.0487766E+00,+1.1040770E-01
+3.0518019E+00,+1.1040636E-01
+3.0577579E+00,+1.1040384E-01
+3.0637138E+00,+1.1040147E-01
+3.0696697E+00,+1.1039925E-01
+3.0756257E+00,+1.1039716E-01
+3.0815816E+00,+1.1039522E-01
+3.0875375E+00,+1.1039343E-01
+3.0934935E+00,+1.1039177E-01
+3.0994494E+00,+1.1039026E-01
+3.1054053E+00,+1.1038889E-01
+3.1113613E+00,+1.1038766E-01
+3.1173172E+00,+1.1038657E-01
+3.1232734E+00,+1.1038561E-01
+3.1292293E+00,+1.1038480E-01
+3.1351852E+00,+1.1038412E-01
+3.1411412E+00,+1.1038358E-01
+3.1470971E+00,+1.1038317E-01
+3.1530530E+00,+1.1038289E-01
+3.1590090E+00,+1.1038276E-01
+3.1649649E+00,+1.1038275E-01
+3.1709208E+00,+1.1038288E-01
+3.1768768E+00,+1.1038313E-01
+3.1828327E+00,+1.1038352E-01
+3.1887889E+00,+1.1038404E-01
+3.1947448E+00,+1.1038469E-01
+3.1998341E+00,+1.1038534E-01
+3.2007008E+00,+1.1038546E-01
+3.2066567E+00,+1.1038636E-01
+3.2126126E+00,+1.1038740E-01
+3.2185686E+00,+1.1038855E-01
+3.2245245E+00,+1.1038984E-01
+3.2304804E+00,+1.1039124E-01
+3.2364364E+00,+1.1039278E-01
+3.2423923E+00,+1.1039443E-01
+3.2483482E+00,+1.1039621E-01
+3.2543044E+00,+1.1039811E-01
+3.2602603E+00,+1.1040013E-01
+3.2662163E+00,+1.1040228E-01
+3.2721722E+00,+1.1040454E-01
+3.2781281E+00,+1.1040692E-01
+3.2840841E+00,+1.1040942E-01
+3.2900400E+00,+1.1041204E-01
+3.2959960E+00,+1.1041477E-01
+3.3019519E+00,+1.1041762E-01
+3.3079078E+00,+1.1042058E-01
+3.3138638E+00,+1.1042367E-01
+3.3198199E+00,+1.1042687E-01
+3.3257759E+00,+1.1043017E-01
+3.3317318E+00,+1.1043359E-01
+3.3376877E+00,+1.1043712E-01
+3.3436437E+00,+1.1044077E-01
+3.3495996E+00,+1.1044452E-01
+3.3555555E+00,+1.1044838E-01
+3.3583758E+00,+1.1045025E-01
+3.3615115E+00,+1.1045235E-01
+3.3674674E+00,+1.1045644E-01
+3.3734233E+00,+1.1046062E-01
+3.3793793E+00,+1.1046492E-01
+3.3853354E+00,+1.1046932E-01
+3.3912914E+00,+1.1047383E-01
+3.3972473E+00,+1.1047844E-01
+3.4032032E+00,+1.1048315E-01
+3.4091592E+00,+1.1048798E-01
+3.4151151E+00,+1.1049290E-01
+3.4210711E+00,+1.1049792E-01
+3.4270270E+00,+1.1050305E-01
+3.4329829E+00,+1.1050828E-01
+3.4389389E+00,+1.1051361E-01
+3.4448948E+00,+1.1051903E-01
+3.4508510E+00,+1.1052456E-01
+3.4568069E+00,+1.1053018E-01
+3.4627628E+00,+1.1053590E-01
+3.4687188E+00,+1.1054172E-01
+3.4746747E+00,+1.1054763E-01
+3.4806306E+00,+1.1055364E-01
+3.4865866E+00,+1.1055974E-01
+3.4925425E+00,+1.1056594E-01
+3.4984984E+00,+1.1057223E-01
+3.5044544E+00,+1.1057861E-01
+3.5104103E+00,+1.1058509E-01
+3.5163665E+00,+1.1059166E-01
+3.5223224E+00,+1.1059832E-01
+3.5247726E+00,+1.1060108E-01
+3.5282784E+00,+1.1060506E-01
+3.5342343E+00,+1.1061190E-01
+3.5401902E+00,+1.1061883E-01
+3.5461462E+00,+1.1062584E-01
+3.5521021E+00,+1.1063294E-01
+3.5580580E+00,+1.1064013E-01
+3.5640140E+00,+1.1064741E-01
+3.5699699E+00,+1.1065477E-01
+3.5759258E+00,+1.1066221E-01
+3.5818820E+00,+1.1066975E-01
+3.5878379E+00,+1.1067736E-01
+3.5937939E+00,+1.1068506E-01
+3.5997498E+00,+1.1069284E-01
+3.6057057E+00,+1.1070070E-01
+3.6116617E+00,+1.1070864E-01
+3.6176176E+00,+1.1071666E-01
+3.6235735E+00,+1.1072477E-01
+3.6295295E+00,+1.1073295E-01
+3.6354854E+00,+1.1074121E-01
+3.6414413E+00,+1.1074956E-01
+3.6473973E+00,+1.1075797E-01
+3.6533535E+00,+1.1076647E-01
+3.6593094E+00,+1.1077504E-01
+3.6652653E+00,+1.1078368E-01
+3.6712213E+00,+1.1079241E-01
+3.6771772E+00,+1.1080121E-01
+3.6831331E+00,+1.1081007E-01
+3.6890891E+00,+1.1081902E-01
+3.6950450E+00,+1.1082803E-01
+3.6994140E+00,+1.1083470E-01
+3.7010009E+00,+1.1083712E-01
+3.7069569E+00,+1.1084629E-01
+3.7129128E+00,+1.1085552E-01
+3.7188690E+00,+1.1086482E-01
+3.7248249E+00,+1.1087419E-01
+3.7307808E+00,+1.1088364E-01
+3.7367368E+00,+1.1089315E-01
+3.7426927E+00,+1.1090273E-01
+3.7486486E+00,+1.1091237E-01
+3.7546046E+00,+1.1092208E-01
+3.7605605E+00,+1.1093187E-01
+3.7665164E+00,+1.1094171E-01
+3.7724724E+00,+1.1095162E-01
+3.7784283E+00,+1.1096159E-01
+3.7843845E+00,+1.1097164E-01
+3.7903404E+00,+1.1098174E-01
+3.7962964E+00,+1.1099191E-01
+3.8022523E+00,+1.1100214E-01
+3.8082082E+00,+1.1101243E-01
+3.8141642E+00,+1.1102279E-01
+3.8201201E+00,+1.1103319E-01
+3.8260760E+00,+1.1104367E-01
+3.8320320E+00,+1.1105420E-01
+3.8379879E+00,+1.1106480E-01
+3.8439438E+00,+1.1107545E-01
+3.8499000E+00,+1.1108616E-01
+3.8558559E+00,+1.1109693E-01
+3.8618119E+00,+1.1110776E-01
+3.8677678E+00,+1.1111864E-01
+3.8737237E+00,+1.1112957E-01
+3.8796797E+00,+1.1114057E-01
+3.8827083E+00,+1.1114618E-01
+3.8856356E+00,+1.1115162E-01
+3.8915915E+00,+1.1116272E-01
+3.8975475E+00,+1.1117388E-01
+3.9035034E+00,+1.1118510E-01
+3.9094594E+00,+1.1119636E-01
+3.9154155E+00,+1.1120768E-01
+3.9213715E+00,+1.1121905E-01
+3.9273274E+00,+1.1123047E-01
+3.9332833E+00,+1.1124194E-01
+3.9392393E+00,+1.1125346E-01
+3.9451952E+00,+1.1126503E-01
+3.9511511E+00,+1.1127666E-01
+3.9571071E+00,+1.1128832E-01
+3.9630630E+00,+1.1130004E-01
+3.9690189E+00,+1.1131182E-01
+3.9749749E+00,+1.1132362E-01
+3.9809310E+00,+1.1133549E-01
+3.9868870E+00,+1.1134740E-01
+3.9928429E+00,+1.1135935E-01
+3.9987988E+00,+1.1137135E-01
+4.0047545E+00,+1.1138340E-01
+4.0107107E+00,+1.1139549E-01
+4.0166669E+00,+1.1140762E-01
+4.0226226E+00,+1.1141980E-01
+4.0285788E+00,+1.1143202E-01
+4.0345345E+00,+1.1144429E-01
+4.0404906E+00,+1.1145659E-01
+4.0464463E+00,+1.1146894E-01
+4.0524025E+00,+1.1148133E-01
+4.0583582E+00,+1.1149376E-01
+4.0643144E+00,+1.1150623E-01
+4.0702701E+00,+1.1151874E-01
+4.0750842E+00,+1.1152888E-01
+4.0762262E+00,+1.1153129E-01
+4.0821824E+00,+1.1154388E-01
+4.0881381E+00,+1.1155651E-01
+4.0940943E+00,+1.1156917E-01
+4.1000500E+00,+1.1158188E-01
+4.1060061E+00,+1.1159462E-01
+4.1119618E+00,+1.1160740E-01
+4.1179180E+00,+1.1162021E-01
+4.1238737E+00,+1.1163306E-01
+4.1298299E+00,+1.1164595E-01
+4.1357856E+00,+1.1165887E-01
+4.1417418E+00,+1.1167183E-01
+4.1476979E+00,+1.1168481E-01
+4.1536536E+00,+1.1169784E-01
+4.1596098E+00,+1.1171090E-01
+4.1655655E+00,+1.1172399E-01
+4.1715217E+00,+1.1173711E-01
+4.1774774E+00,+1.1175026E-01
+4.1834335E+00,+1.1176345E-01
+4.1893892E+00,+1.1177666E-01
+4.1953454E+00,+1.1178991E-01
+4.2013011E+00,+1.1180320E-01
+4.2072573E+00,+1.1181650E-01
+4.2132134E+00,+1.1182984E-01
+4.2191691E+00,+1.1184321E-01
+4.2251253E+00,+1.1185660E-01
+4.2310810E+00,+1.1187003E-01
+4.2370372E+00,+1.1188348E-01
+4.2429929E+00,+1.1189696E-01
+4.2489491E+00,+1.1191047E-01
+4.2549047E+00,+1.1192401E-01
+4.2608609E+00,+1.1193757E-01
+4.2668166E+00,+1.1195115E-01
+4.2727728E+00,+1.1196476E-01
+4.2769918E+00,+1.1197442E-01
+4.2787290E+00,+1.1197840E-01
+4.2846847E+00,+1.1199206E-01
+4.2906408E+00,+1.1200575E-01
+4.2965965E+00,+1.1201946E-01
+4.3025527E+00,+1.1203320E-01
+4.3085084E+00,+1.1204695E-01
+4.3144646E+00,+1.1206073E-01
+4.3204203E+00,+1.1207454E-01
+4.3263764E+00,+1.1208836E-01
+4.3323321E+00,+1.1210221E-01
+4.3382883E+00,+1.1211608E-01
+4.3442445E+00,+1.1212996E-01
+4.3502002E+00,+1.1214387E-01
+4.3561563E+00,+1.1215781E-01
+4.3621120E+00,+1.1217175E-01
+4.3680682E+00,+1.1218572E-01
+4.3740239E+00,+1.1219972E-01
+4.3799801E+00,+1.1221372E-01
+4.3859358E+00,+1.1222775E-01
+4.3918920E+00,+1.1224179E-01
+4.3978477E+00,+1.1225586E-01
+4.4038038E+00,+1.1226993E-01
+4.4097595E+00,+1.1228403E-01
+4.4157157E+00,+1.1229814E-01
+4.4216719E+00,+1.1231227E-01
+4.4276276E+00,+1.1232641E-01
+4.4335837E+00,+1.1234058E-01
+4.4395394E+00,+1.1235476E-01
+4.4454956E+00,+1.1236895E-01
+4.4514513E+00,+1.1238315E-01
+4.4574075E+00,+1.1239737E-01
+4.4633632E+00,+1.1241160E-01
+4.4693193E+00,+1.1242586E-01
+4.4752750E+00,+1.1244012E-01
+4.4812312E+00,+1.1245438E-01
+4.4871874E+00,+1.1246867E-01
+4.4889035E+00,+1.1247279E-01
+4.4931431E+00,+1.1248297E-01
+4.4990993E+00,+1.1249729E-01
+4.5050550E+00,+1.1251161E-01
+4.5110111E+00,+1.1252594E-01
+4.5169668E+00,+1.1254028E-01
+4.5229230E+00,+1.1255464E-01
+4.5288787E+00,+1.1256900E-01
+4.5348349E+00,+1.1258338E-01
+4.5407906E+00,+1.1259776E-01
+4.5467467E+00,+1.1261216E-01
+4.5527029E+00,+1.1262657E-01
+4.5586586E+00,+1.1264098E-01
+4.5646148E+00,+1.1265540E-01
+4.5705705E+00,+1.1266983E-01
+4.5765266E+00,+1.1268426E-01
+4.5824823E+00,+1.1269871E-01
+4.5884385E+00,+1.1271316E-01
+4.5943942E+00,+1.1272762E-01
+4.6003504E+00,+1.1274209E-01
+4.6063061E+00,+1.1275656E-01
+4.6122622E+00,+1.1277103E-01
+4.6182184E+00,+1.1278552E-01
+4.6241741E+00,+1.1280001E-01
+4.6301303E+00,+1.1281450E-01
+4.6360860E+00,+1.1282900E-01
+4.6420422E+00,+1.1284350E-01
+4.6479979E+00,+1.1285801E-01
+4.6539540E+00,+1.1287252E-01
+4.6599097E+00,+1.1288704E-01
+4.6658659E+00,+1.1290155E-01
+4.6718216E+00,+1.1291607E-01
+4.6777778E+00,+1.1293060E-01
+4.6837339E+00,+1.1294512E-01
+4.6896896E+00,+1.1295966E-01
+4.6956458E+00,+1.1297419E-01
+4.7016015E+00,+1.1298873E-01
+4.7075577E+00,+1.1300325E-01
+4.7113147E+00,+1.1301243E-01
+4.7135134E+00,+1.1301779E-01
+4.7194695E+00,+1.1303233E-01
+4.7254252E+00,+1.1304686E-01
+4.7313814E+00,+1.1306141E-01
+4.7373371E+00,+1.1307594E-01
+4.7432933E+00,+1.1309048E-01
+4.7492495E+00,+1.1310501E-01
+4.7552052E+00,+1.1311955E-01
+4.7611613E+00,+1.1313409E-01
+4.7671170E+00,+1.1314862E-01
+4.7730732E+00,+1.1316315E-01
+4.7790289E+00,+1.1317769E-01
+4.7849851E+00,+1.1319222E-01
+4.7909408E+00,+1.1320674E-01
+4.7968969E+00,+1.1322127E-01
+4.8028526E+00,+1.1323579E-01
+4.8088088E+00,+1.1325030E-01
+4.8147650E+00,+1.1326481E-01
+4.8207207E+00,+1.1327933E-01
+4.8266768E+00,+1.1329383E-01
+4.8326325E+00,+1.1330834E-01
+4.8385887E+00,+1.1332284E-01
+4.8445444E+00,+1.1333733E-01
+4.8505006E+00,+1.1335182E-01
+4.8564563E+00,+1.1336631E-01
+4.8624125E+00,+1.1338079E-01
+4.8683681E+00,+1.1339527E-01
+4.8743243E+00,+1.1340973E-01
+4.8802805E+00,+1.1342420E-01
+4.8862362E+00,+1.1343865E-01
+4.8921924E+00,+1.1345310E-01
+4.8981481E+00,+1.1346754E-01
+4.9041042E+00,+1.1348198E-01
+4.9100599E+00,+1.1349641E-01
+4.9160161E+00,+1.1351083E-01
+4.9219718E+00,+1.1352525E-01
+4.9279280E+00,+1.1353965E-01
+4.9338837E+00,+1.1355405E-01
+4.9398398E+00,+1.1356844E-01
+4.9447455E+00,+1.1358029E-01
+4.9457960E+00,+1.1358283E-01
+4.9517517E+00,+1.1359720E-01
+4.9577079E+00,+1.1361156E-01
+4.9636636E+00,+1.1362591E-01
+4.9696198E+00,+1.1364026E-01
+4.9755754E+00,+1.1365460E-01
+4.9815316E+00,+1.1366893E-01
+4.9874873E+00,+1.1368325E-01
+4.9934435E+00,+1.1369755E-01
+4.9993992E+00,+1.1371185E-01
+5.0053554E+00,+1.1372613E-01
+5.0113115E+00,+1.1374041E-01
+5.0172672E+00,+1.1375467E-01
+5.0232234E+00,+1.1376892E-01
+5.0291791E+00,+1.1378317E-01
+5.0351353E+00,+1.1379739E-01
+5.0410910E+00,+1.1381161E-01
+5.0470471E+00,+1.1382581E-01
+5.0530028E+00,+1.1384001E-01
+5.0589590E+00,+1.1385418E-01
+5.0649147E+00,+1.1386836E-01
+5.0708709E+00,+1.1388251E-01
+5.0768270E+00,+1.1389665E-01
+5.0827827E+00,+1.1391078E-01
+5.0887389E+00,+1.1392490E-01
+5.0946946E+00,+1.1393899E-01
+5.1006508E+00,+1.1395308E-01
+5.1066065E+00,+1.1396716E-01
+5.1125627E+00,+1.1398122E-01
+5.1185184E+00,+1.1399526E-01
+5.1244745E+00,+1.1400929E-01
+5.1304302E+00,+1.1402331E-01
+5.1363864E+00,+1.1403731E-01
+5.1423426E+00,+1.1405130E-01
+5.1482983E+00,+1.1406527E-01
+5.1542544E+00,+1.1407922E-01
+5.1602101E+00,+1.1409316E-01
+5.1661663E+00,+1.1410709E-01
+5.1721220E+00,+1.1412099E-01
+5.1780782E+00,+1.1413488E-01
+5.1840339E+00,+1.1414876E-01
+5.1897421E+00,+1.1416204E-01
+5.1899900E+00,+1.1416262E-01
+5.1959457E+00,+1.1417645E-01
+5.2019019E+00,+1.1419028E-01
+5.2078581E+00,+1.1420409E-01
+5.2138138E+00,+1.1421788E-01
+5.2197700E+00,+1.1423165E-01
+5.2257257E+00,+1.1424540E-01
+5.2316818E+00,+1.1425914E-01
+5.2376375E+00,+1.1427286E-01
+5.2435937E+00,+1.1428656E-01
+5.2495494E+00,+1.1430024E-01
+5.2555056E+00,+1.1431391E-01
+5.2614613E+00,+1.1432755E-01
+5.2674174E+00,+1.1434118E-01
+5.2733736E+00,+1.1435478E-01
+5.2793293E+00,+1.1436837E-01
+5.2852855E+00,+1.1438195E-01
+5.2912412E+00,+1.1439549E-01
+5.2971973E+00,+1.1440902E-01
+5.3031530E+00,+1.1442253E-01
+5.3091092E+00,+1.1443602E-01
+5.3150649E+00,+1.1444949E-01
+5.3210211E+00,+1.1446294E-01
+5.3269768E+00,+1.1447638E-01
+5.3329329E+00,+1.1448979E-01
+5.3388891E+00,+1.1450318E-01
+5.3448448E+00,+1.1451654E-01
+5.3508010E+00,+1.1452989E-01
+5.3567567E+00,+1.1454321E-01
+5.3627129E+00,+1.1455652E-01
+5.3686686E+00,+1.1456980E-01
+5.3746247E+00,+1.1458306E-01
+5.3805804E+00,+1.1459630E-01
+5.3865366E+00,+1.1460952E-01
+5.3924923E+00,+1.1462272E-01
+5.3984485E+00,+1.1463589E-01
+5.4044046E+00,+1.1464904E-01
+5.4103603E+00,+1.1466217E-01
+5.4163165E+00,+1.1467528E-01
+5.4222722E+00,+1.1468836E-01
+5.4282284E+00,+1.1470142E-01
+5.4341841E+00,+1.1471446E-01
+5.4401402E+00,+1.1472747E-01
+5.4460959E+00,+1.1474047E-01
+5.4468775E+00,+1.1474217E-01
+5.4520521E+00,+1.1475343E-01
+5.4580078E+00,+1.1476638E-01
+5.4639640E+00,+1.1477930E-01
+5.4699197E+00,+1.1479220E-01
+5.4758759E+00,+1.1480507E-01
+5.4818320E+00,+1.1481792E-01
+5.4877877E+00,+1.1483075E-01
+5.4937439E+00,+1.1484355E-01
+5.4996996E+00,+1.1485633E-01
+5.5056558E+00,+1.1486907E-01
+5.5116115E+00,+1.1488181E-01
+5.5175676E+00,+1.1489450E-01
+5.5235233E+00,+1.1490718E-01
+5.5294795E+00,+1.1491983E-01
+5.5354352E+00,+1.1493246E-01
+5.5413914E+00,+1.1494506E-01
+5.5473475E+00,+1.1495764E-01
+5.5533032E+00,+1.1497019E-01
+5.5592594E+00,+1.1498272E-01
+5.5652151E+00,+1.1499522E-01
+5.5711713E+00,+1.1500769E-01
+5.5771270E+00,+1.1502014E-01
+5.5830832E+00,+1.1503256E-01
+5.5890388E+00,+1.1504496E-01
+5.5949950E+00,+1.1505733E-01
+5.6009507E+00,+1.1506967E-01
+5.6069069E+00,+1.1508198E-01
+5.6128631E+00,+1.1509427E-01
+5.6188188E+00,+1.1510654E-01
+5.6247749E+00,+1.1511877E-01
+5.6307306E+00,+1.1513098E-01
+5.6366868E+00,+1.1514316E-01
+5.6426425E+00,+1.1515532E-01
+5.6485987E+00,+1.1516744E-01
+5.6545544E+00,+1.1517954E-01
+5.6605105E+00,+1.1519162E-01
+5.6664662E+00,+1.1520366E-01
+5.6724224E+00,+1.1521567E-01
+5.6783786E+00,+1.1522766E-01
+5.6843343E+00,+1.1523962E-01
+5.6902905E+00,+1.1525156E-01
+5.6962461E+00,+1.1526346E-01
+5.7022023E+00,+1.1527534E-01
+5.7081580E+00,+1.1528718E-01
+5.7141142E+00,+1.1529900E-01
+5.7167530E+00,+1.1530423E-01
+5.7200699E+00,+1.1531080E-01
+5.7260261E+00,+1.1532255E-01
+5.7319818E+00,+1.1533429E-01
+5.7379379E+00,+1.1534599E-01
+5.7438941E+00,+1.1535767E-01
+5.7498498E+00,+1.1536931E-01
+5.7558060E+00,+1.1538093E-01
+5.7617617E+00,+1.1539252E-01
+5.7677178E+00,+1.1540408E-01
+5.7736735E+00,+1.1541560E-01
+5.7796297E+00,+1.1542711E-01
+5.7855854E+00,+1.1543857E-01
+5.7915416E+00,+1.1545002E-01
+5.7974973E+00,+1.1546142E-01
+5.8034534E+00,+1.1547280E-01
+5.8094096E+00,+1.1548416E-01
+5.8153653E+00,+1.1549547E-01
+5.8213215E+00,+1.1550677E-01
+5.8272772E+00,+1.1551803E-01
+5.8332334E+00,+1.1552925E-01
+5.8391891E+00,+1.1554045E-01
+5.8451452E+00,+1.1555162E-01
+5.8511009E+00,+1.1556276E-01
+5.8570571E+00,+1.1557387E-01
+5.8630128E+00,+1.1558495E-01
+5.8689690E+00,+1.1559599E-01
+5.8749251E+00,+1.1560701E-01
+5.8808808E+00,+1.1561799E-01
+5.8868370E+00,+1.1562894E-01
+5.8927927E+00,+1.1563987E-01
+5.8987489E+00,+1.1565076E-01
+5.9047046E+00,+1.1566161E-01
+5.9106607E+00,+1.1567244E-01
+5.9166164E+00,+1.1568324E-01
+5.9225726E+00,+1.1569400E-01
+5.9285283E+00,+1.1570474E-01
+5.9344845E+00,+1.1571544E-01
+5.9404407E+00,+1.1572611E-01
+5.9463964E+00,+1.1573675E-01
+5.9523525E+00,+1.1574735E-01
+5.9583082E+00,+1.1575793E-01
+5.9642644E+00,+1.1576847E-01
+5.9702201E+00,+1.1577898E-01
+5.9761763E+00,+1.1578946E-01
+5.9821320E+00,+1.1579990E-01
+5.9880881E+00,+1.1581031E-01
+5.9940438E+00,+1.1582070E-01
+6.0000000E+00,+1.1583105E-01
