+5.0000000E-02,+2.3805190E-01,+3.2107852E+01
+5.5950000E-02,+2.5248916E-01,+2.5998111E+01
+6.1900000E-02,+2.6372514E-01,+2.0083206E+01
+6.7850000E-02,+2.7192162E-01,+1.4355522E+01
+7.3800000E-02,+2.7726444E-01,+8.8044712E+00
+7.9750000E-02,+2.7994741E-01,+3.4180691E+00
+8.5700000E-02,+2.8016296E-01,-1.8157495E+00
+9.1650000E-02,+2.7809850E-01,-6.9082926E+00
+9.7600000E-02,+2.7393575E-01,-1.1869846E+01
+1.0355000E-01,+2.6785086E-01,-1.6709923E+01
+1.0950000E-01,+2.6001353E-01,-2.1437843E+01
+1.1545000E-01,+2.5058437E-01,-2.6063397E+01
+1.2140000E-01,+2.3971111E-01,-3.0597345E+01
+1.2735000E-01,+2.2752467E-01,-3.5051580E+01
+1.3330000E-01,+2.1413640E-01,-3.9438884E+01
+1.3925000E-01,+1.9963734E-01,-4.3772264E+01
+1.4520000E-01,+1.8409982E-01,-4.8063936E+01
+1.5115000E-01,+1.6758119E-01,-5.2323969E+01
+1.5710000E-01,+1.5012889E-01,-5.6558463E+01
+1.6305000E-01,+1.3178622E-01,-6.0766795E+01
+1.6900000E-01,+1.1259768E-01,-6.4936582E+01
+1.7495000E-01,+9.2613275E-02,-6.9032241E+01
+1.8090000E-01,+7.1891467E-02,-7.2962777E+01
+1.8685000E-01,+5.0501860E-02,-7.6463221E+01
+1.9280000E-01,+2.8540554E-02,-7.8410168E+01
+1.9875000E-01,+6.5310688E-03,-6.1812954E+01
+2.0470000E-01,+1.7510686E-02,+7.6401192E+01
+2.1065000E-01,+4.0845123E-02,+7.7216491E+01
+2.1660000E-01,+6.4641627E-02,+7.3813887E+01
+2.2255000E-01,+8.8727138E-02,+6.9419648E+01
+2.2850000E-01,+1.1295660E-01,+6.4519187E+01
+2.3445000E-01,+1.3712314E-01,+5.9236691E+01
+2.4040000E-01,+1.6092549E-01,+5.3607554E+01
+2.4635000E-01,+1.8394982E-01,+4.7642926E+01
+2.5230000E-01,+2.0566766E-01,+4.1351519E+01
+2.5825000E-01,+2.2545289E-01,+3.4748227E+01
+2.6420000E-01,+2.4261740E-01,+2.7857293E+01
+2.7015000E-01,+2.5646219E-01,+2.0712810E+01
+2.7610000E-01,+2.6633767E-01,+1.3357934E+01
+2.8205000E-01,+2.7170566E-01,+5.8435872E+00
+2.8800000E-01,+2.7219517E-01,-1.7728840E+00
+2.9395000E-01,+2.6764479E-01,-9.4288584E+00
+2.9990000E-01,+2.5812595E-01,-1.7057296E+01
+3.0585000E-01,+2.4394371E-01,-2.4587243E+01
+3.1180000E-01,+2.2561405E-01,-3.1943847E+01
+3.1775000E-01,+2.0381968E-01,-3.9047479E+01
+3.2370000E-01,+1.7934921E-01,-4.5810754E+01
+3.2965000E-01,+1.5302713E-01,-5.2130254E+01
+3.3560000E-01,+1.2564475E-01,-5.7863922E+01
+3.4155000E-01,+9.7904790E-02,-6.2765651E+01
+3.4750000E-01,+7.0400010E-02,-6.6265637E+01
+3.5345000E-01,+4.3692816E-02,-6.6478361E+01
+3.5940000E-01,+1.9178011E-02,-5.1967878E+01
+3.6535000E-01,+1.4557989E-02,+4.0724210E+01
+3.7130000E-01,+3.6129657E-02,+6.6137554E+01
+3.7725000E-01,+5.9235009E-02,+6.8095519E+01
+3.8320000E-01,+8.1734354E-02,+6.6176134E+01
+3.8915000E-01,+1.0330720E-01,+6.3014769E+01
+3.9510000E-01,+1.2380720E-01,+5.9328666E+01
+4.0105000E-01,+1.4313579E-01,+5.5394972E+01
+4.0700000E-01,+1.6123224E-01,+5.1344308E+01
+4.1295000E-01,+1.7807482E-01,+4.7242715E+01
+4.1890000E-01,+1.9367290E-01,+4.3119904E+01
+4.2485000E-01,+2.0804756E-01,+3.8981965E+01
+4.3080000E-01,+2.2120599E-01,+3.4819992E+01
+4.3675000E-01,+2.3311911E-01,+3.0617855E+01
+4.4270000E-01,+2.4371046E-01,+2.6359247E+01
+4.4865000E-01,+2.5286092E-01,+2.2032987E+01
+4.5460000E-01,+2.6042712E-01,+1.7635616E+01
+4.6055000E-01,+2.6626669E-01,+1.3171006E+01
+4.6650000E-01,+2.7026111E-01,+8.6475072E+00
+4.7245000E-01,+2.7232788E-01,+4.0737081E+00
+4.7840000E-01,+2.7241787E-01,-5.4583430E-01
+4.8435000E-01,+2.7049845E-01,-5.2136257E+00
+4.9030000E-01,+2.6652830E-01,-9.9400396E+00
+4.9625000E-01,+2.6043265E-01,-1.4741421E+01
+5.0220000E-01,+2.5208831E-01,-1.9635603E+01
+5.0815000E-01,+2.4132483E-01,-2.4635418E+01
+5.1410000E-01,+2.2794372E-01,-2.9740801E+01
+5.2005000E-01,+2.1175254E-01,-3.4929323E+01
+5.2600000E-01,+1.9260758E-01,-4.0143020E+01
+5.3195000E-01,+1.7045902E-01,-4.5264922E+01
+5.3790000E-01,+1.4539675E-01,-5.0066968E+01
+5.4385000E-01,+1.1770772E-01,-5.4072790E+01
+5.4980000E-01,+8.8001145E-02,-5.6121862E+01
+5.5575000E-01,+5.7709910E-02,-5.2578602E+01
+5.6170000E-01,+3.2417135E-02,-2.8218358E+01
+5.6765000E-01,+3.4537538E-02,+2.8110523E+01
+5.7360000E-01,+6.1980196E-02,+4.8607671E+01
+5.7955000E-01,+9.4066028E-02,+5.0738645E+01
+5.8550000E-01,+1.2580884E-01,+4.7674165E+01
+5.9145000E-01,+1.5552097E-01,+4.2622407E+01
+5.9740000E-01,+1.8217139E-01,+3.6659818E+01
+6.0335000E-01,+2.0501294E-01,+3.0262583E+01
+6.0930000E-01,+2.2352883E-01,+2.3691669E+01
+6.1525000E-01,+2.3743927E-01,+1.7116649E+01
+6.2120000E-01,+2.4671237E-01,+1.0661858E+01
+6.2715000E-01,+2.5155973E-01,+4.4238939E+00
+6.3310000E-01,+2.5240788E-01,-1.5236016E+00
+6.3905000E-01,+2.4984176E-01,-7.1315765E+00
+6.4500000E-01,+2.4452311E-01,-1.2379867E+01
+6.5095000E-01,+2.3709361E-01,-1.7280632E+01
+6.5690000E-01,+2.2808124E-01,-2.1877149E+01
+6.6285000E-01,+2.1783247E-01,-2.6235014E+01
+6.6880000E-01,+2.0649091E-01,-3.0425383E+01
+6.7475000E-01,+1.9402990E-01,-3.4503302E+01
+6.8070000E-01,+1.8032864E-01,-3.8486109E+01
+6.8665000E-01,+1.6526722E-01,-4.2335294E+01
+6.9260000E-01,+1.4881250E-01,-4.5940531E+01
+6.9855000E-01,+1.3107622E-01,-4.9097795E+01
+7.0450000E-01,+1.1234331E-01,-5.1463551E+01
+7.1045000E-01,+9.3090482E-02,-5.2445649E+01
+7.1640000E-01,+7.4053376E-02,-5.0938928E+01
+7.2235000E-01,+5.6493113E-02,-4.4722916E+01
+7.2830000E-01,+4.3000622E-02,-2.9768219E+01
+7.3425000E-01,+3.8349936E-02,-4.5491374E+00
+7.4020000E-01,+4.5131899E-02,+1.8689049E+01
+7.4615000E-01,+5.9164906E-02,+3.0981632E+01
+7.5210000E-01,+7.6031103E-02,+3.5543228E+01
+7.5805000E-01,+9.3522605E-02,+3.5951786E+01
+7.6400000E-01,+1.1044575E-01,+3.4047075E+01
+7.6995000E-01,+1.2594277E-01,+3.0756825E+01
+7.7590000E-01,+1.3929037E-01,+2.6608643E+01
+7.8185000E-01,+1.4987911E-01,+2.1952952E+01
+7.8780000E-01,+1.5725464E-01,+1.7059980E+01
+7.9375000E-01,+1.6117149E-01,+1.2164278E+01
+7.9970000E-01,+1.6163524E-01,+7.4861153E+00
+8.0565000E-01,+1.5891965E-01,+3.2410694E+00
+8.1160000E-01,+1.5355210E-01,-3.5874492E-01
+8.1755000E-01,+1.4626536E-01,-3.1120488E+00
+8.2350000E-01,+1.3791819E-01,-4.8458955E+00
+8.2945000E-01,+1.2939265E-01,-5.4429731E+00
+8.3540000E-01,+1.2148492E-01,-4.8724683E+00
+8.4135000E-01,+1.1481602E-01,-3.2106034E+00
+8.4730000E-01,+1.0979311E-01,-6.3672355E-01
+8.5325000E-01,+1.0663429E-01,+2.5940203E+00
+8.5920000E-01,+1.0543172E-01,+6.1815441E+00
+8.6515000E-01,+1.0619830E-01,+9.8000129E+00
+8.7110000E-01,+1.0885826E-01,+1.3117541E+01
+8.7705000E-01,+1.1319733E-01,+1.5838338E+01
+8.8300000E-01,+1.1882930E-01,+1.7760595E+01
+8.8895000E-01,+1.2522302E-01,+1.8815308E+01
+8.9490000E-01,+1.3178682E-01,+1.9062857E+01
+9.0085000E-01,+1.3797453E-01,+1.8656098E+01
+9.0680000E-01,+1.4337636E-01,+1.7793109E+01
+9.1275000E-01,+1.4777280E-01,+1.6675726E+01
+9.1870000E-01,+1.5114346E-01,+1.5478782E+01
+9.2465000E-01,+1.5363222E-01,+1.4329719E+01
+9.3060000E-01,+1.5547866E-01,+1.3298609E+01
+9.3655000E-01,+1.5693427E-01,+1.2400293E+01
+9.4250000E-01,+1.5818933E-01,+1.1609400E+01
+9.4845000E-01,+1.5933451E-01,+1.0884579E+01
+9.5440000E-01,+1.6036873E-01,+1.0193163E+01
+9.6035000E-01,+1.6124456E-01,+9.5265307E+00
+9.6630000E-01,+1.6192713E-01,+8.9009468E+00
+9.7225000E-01,+1.6243862E-01,+8.3455321E+00
+9.7820000E-01,+1.6286985E-01,+7.8840645E+00
+9.8415000E-01,+1.6335548E-01,+7.5191398E+00
+9.9010000E-01,+1.6402591E-01,+7.2259474E+00
+9.9605000E-01,+1.6495874E-01,+6.9587853E+00
+1.0020000E+00,+1.6615351E-01,+6.6672591E+00
+1.0079500E+00,+1.6754146E-01,+6.3139020E+00
+1.0139000E+00,+1.6902427E-01,+5.8843170E+00
+1.0198500E+00,+1.7052156E-01,+5.3854289E+00
+1.0258000E+00,+1.7200378E-01,+4.8337461E+00
+1.0317500E+00,+1.7349534E-01,+4.2399914E+00
+1.0377000E+00,+1.7504680E-01,+3.5976062E+00
+1.0436500E+00,+1.7668947E-01,+2.8806738E+00
+1.0496000E+00,+1.7839421E-01,+2.0524607E+00
+1.0555500E+00,+1.8005460E-01,+1.0806094E+00
+1.0615000E+00,+1.8150342E-01,-4.8230357E-02
+1.0674500E+00,+1.8255551E-01,-1.3208581E+00
+1.0734000E+00,+1.8305875E-01,-2.6997002E+00
+1.0793500E+00,+1.8293282E-01,-4.1330213E+00
+1.0853000E+00,+1.8218117E-01,-5.5688409E+00
+1.0912500E+00,+1.8087303E-01,-6.9674891E+00
+1.0972000E+00,+1.7910365E-01,-8.3083223E+00
+1.1031500E+00,+1.7694980E-01,-9.5878820E+00
+1.1091000E+00,+1.7444075E-01,-1.0809830E+01
+1.1150500E+00,+1.7155897E-01,-1.1970651E+01
+1.1210000E+00,+1.6827206E-01,-1.3047575E+01
+1.1269500E+00,+1.6458303E-01,-1.3994970E+01
+1.1329000E+00,+1.6057608E-01,-1.4752686E+01
+1.1388500E+00,+1.5643458E-01,-1.5265847E+01
+1.1448000E+00,+1.5241515E-01,-1.5510854E+01
+1.1507500E+00,+1.4877799E-01,-1.5517295E+01
+1.1567000E+00,+1.4569399E-01,-1.5372133E+01
+1.1626500E+00,+1.4316830E-01,-1.5196857E+01
+1.1686000E+00,+1.4102156E-01,-1.5102460E+01
+1.1745500E+00,+1.3894633E-01,-1.5142402E+01
+1.1805000E+00,+1.3661974E-01,-1.5285684E+01
+1.1864500E+00,+1.3382956E-01,-1.5419992E+01
+1.1924000E+00,+1.3056984E-01,-1.5382146E+01
+1.1983500E+00,+1.2707546E-01,-1.5009095E+01
+1.2043000E+00,+1.2377797E-01,-1.4202231E+01
+1.2102500E+00,+1.2117984E-01,-1.2989281E+01
+1.2162000E+00,+1.1967284E-01,-1.1550932E+01
+1.2221500E+00,+1.1936868E-01,-1.0177243E+01
+1.2281000E+00,+1.2002978E-01,-9.1598168E+00
+1.2340500E+00,+1.2114106E-01,-8.6815819E+00
+1.2400000E+00,+1.2207875E-01,-8.7669920E+00
+1.2459500E+00,+1.2228884E-01,-9.2999461E+00
+1.2519000E+00,+1.2141261E-01,-1.0074803E+01
+1.2578500E+00,+1.1934140E-01,-1.0848364E+01
+1.2638000E+00,+1.1620971E-01,-1.1381341E+01
+1.2697500E+00,+1.1234287E-01,-1.1471196E+01
+1.2757000E+00,+1.0817494E-01,-1.0979880E+01
+1.2816500E+00,+1.0415447E-01,-9.8546250E+00
+1.2876000E+00,+1.0065918E-01,-8.1338822E+00
+1.2935500E+00,+9.7942791E-02,-5.9311629E+00
+1.2995000E+00,+9.6128157E-02,-3.4005681E+00
+1.3054500E+00,+9.5240143E-02,-7.0106453E-01
+1.3114000E+00,+9.5251325E-02,+2.0231010E+00
+1.3173500E+00,+9.6110944E-02,+4.6437685E+00
+1.3233000E+00,+9.7745278E-02,+7.0452831E+00
+1.3292500E+00,+1.0004117E-01,+9.1296650E+00
+1.3352000E+00,+1.0283582E-01,+1.0831616E+01
+1.3411500E+00,+1.0592913E-01,+1.2132768E+01
+1.3471000E+00,+1.0911778E-01,+1.3064054E+01
+1.3530500E+00,+1.1223635E-01,+1.3693328E+01
+1.3590000E+00,+1.1518724E-01,+1.4103492E+01
+1.3649500E+00,+1.1794715E-01,+1.4369485E+01
+1.3709000E+00,+1.2054779E-01,+1.4541634E+01
+1.3768500E+00,+1.2303896E-01,+1.4640251E+01
+1.3828000E+00,+1.2544951E-01,+1.4662619E+01
+1.3887500E+00,+1.2776336E-01,+1.4598866E+01
+1.3947000E+00,+1.2992134E-01,+1.4449407E+01
+1.4006500E+00,+1.3184786E-01,+1.4236139E+01
+1.4066000E+00,+1.3349038E-01,+1.4002756E+01
+1.4125500E+00,+1.3485418E-01,+1.3804338E+01
+1.4185000E+00,+1.3601689E-01,+1.3690280E+01
+1.4244500E+00,+1.3711488E-01,+1.3686875E+01
+1.4304000E+00,+1.3830432E-01,+1.3786575E+01
+1.4363500E+00,+1.3971090E-01,+1.3949496E+01
+1.4423000E+00,+1.4138924E-01,+1.4118131E+01
+1.4482500E+00,+1.4331076E-01,+1.4239596E+01
+1.4542000E+00,+1.4538672E-01,+1.4285205E+01
+1.4601500E+00,+1.4751678E-01,+1.4258410E+01
+1.4661000E+00,+1.4964234E-01,+1.4188094E+01
+1.4720500E+00,+1.5178200E-01,+1.4110625E+01
+1.4780000E+00,+1.5403404E-01,+1.4047957E+01
+1.4839500E+00,+1.5654267E-01,+1.3990333E+01
+1.4899000E+00,+1.5943833E-01,+1.3891115E+01
+1.4958500E+00,+1.6277449E-01,+1.3677195E+01
+1.5018000E+00,+1.6648640E-01,+1.3271572E+01
+1.5077500E+00,+1.7038956E-01,+1.2618446E+01
+1.5137000E+00,+1.7421797E-01,+1.1700376E+01
+1.5196500E+00,+1.7768682E-01,+1.0542175E+01
+1.5256000E+00,+1.8055745E-01,+9.2028485E+00
+1.5315500E+00,+1.8268594E-01,+7.7605510E+00
+1.5375000E+00,+1.8404453E-01,+6.2956638E+00
+1.5434500E+00,+1.8471357E-01,+4.8756255E+00
+1.5494000E+00,+1.8484825E-01,+3.5439770E+00
+1.5553500E+00,+1.8463019E-01,+2.3154662E+00
+1.5613000E+00,+1.8421739E-01,+1.1783303E+00
+1.5672500E+00,+1.8370664E-01,+1.0329554E-01
+1.5732000E+00,+1.8311897E-01,-9.4337755E-01
+1.5791500E+00,+1.8241050E-01,-1.9870906E+00
+1.5851000E+00,+1.8150248E-01,-3.0364489E+00
+1.5910500E+00,+1.8031831E-01,-4.0812735E+00
+1.5970000E+00,+1.7881514E-01,-5.0966929E+00
+1.6029500E+00,+1.7700094E-01,-6.0511413E+00
+1.6089000E+00,+1.7493433E-01,-6.9154683E+00
+1.6148500E+00,+1.7270930E-01,-7.6705869E+00
+1.6208000E+00,+1.7043124E-01,-8.3117476E+00
+1.6267500E+00,+1.6819230E-01,-8.8485019E+00
+1.6327000E+00,+1.6605356E-01,-9.3006621E+00
+1.6386500E+00,+1.6403863E-01,-9.6918264E+00
+1.6446000E+00,+1.6213915E-01,-1.0042828E+01
+1.6505500E+00,+1.6032865E-01,-1.0367333E+01
+1.6565000E+00,+1.5857881E-01,-1.0670821E+01
+1.6624500E+00,+1.5687226E-01,-1.0952849E+01
+1.6684000E+00,+1.5520796E-01,-1.1211348E+01
+1.6743500E+00,+1.5359795E-01,-1.1447186E+01
+1.6803000E+00,+1.5205753E-01,-1.1667229E+01
+1.6862500E+00,+1.5059262E-01,-1.1884675E+01
+1.6922000E+00,+1.4918907E-01,-1.2116340E+01
+1.6981500E+00,+1.4780829E-01,-1.2377650E+01
+1.7041000E+00,+1.4639131E-01,-1.2676910E+01
+1.7100500E+00,+1.4487095E-01,-1.3010803E+01
+1.7160000E+00,+1.4318895E-01,-1.3362713E+01
+1.7219500E+00,+1.4131343E-01,-1.3704719E+01
+1.7279000E+00,+1.3925120E-01,-1.4003230E+01
+1.7338500E+00,+1.3705069E-01,-1.4227333E+01
+1.7398000E+00,+1.3479274E-01,-1.4358117E+01
+1.7457500E+00,+1.3256966E-01,-1.4396420E+01
+1.7517000E+00,+1.3045679E-01,-1.4365929E+01
+1.7576500E+00,+1.2848418E-01,-1.4309191E+01
+1.7636000E+00,+1.2661791E-01,-1.4276132E+01
+1.7695500E+00,+1.2475879E-01,-1.4307794E+01
+1.7755000E+00,+1.2276065E-01,-1.4420182E+01
+1.7814500E+00,+1.2046436E-01,-1.4593001E+01
+1.7874000E+00,+1.1773845E-01,-1.4765806E+01
+1.7933500E+00,+1.1451711E-01,-1.4841603E+01
+1.7993000E+00,+1.1082740E-01,-1.4696789E+01
+1.8052500E+00,+1.0680083E-01,-1.4196843E+01
+1.8112000E+00,+1.0266633E-01,-1.3218118E+01
+1.8171500E+00,+9.8723146E-02,-1.1675677E+01
+1.8231000E+00,+9.5294502E-02,-9.5534129E+00
+1.8290500E+00,+9.2667898E-02,-6.9258310E+00
+1.8350000E+00,+9.1036268E-02,-3.9559983E+00
+1.8409500E+00,+9.0460892E-02,-8.6075655E-01
+1.8469000E+00,+9.0872538E-02,+2.1457612E+00
+1.8528500E+00,+9.2109729E-02,+4.9024877E+00
+1.8588000E+00,+9.3974419E-02,+7.3228519E+00
+1.8647500E+00,+9.6280773E-02,+9.3858415E+00
+1.8707000E+00,+9.8882602E-02,+1.1111323E+01
+1.8766500E+00,+1.0167839E-01,+1.2535368E+01
+1.8826000E+00,+1.0460123E-01,+1.3694064E+01
+1.8885500E+00,+1.0760328E-01,+1.4617054E+01
+1.8945000E+00,+1.1064244E-01,+1.5328104E+01
+1.9004500E+00,+1.1367551E-01,+1.5848787E+01
+1.9064000E+00,+1.1665843E-01,+1.6202003E+01
+1.9123500E+00,+1.1955125E-01,+1.6413464E+01
+1.9183000E+00,+1.2232445E-01,+1.6510783E+01
+1.9242500E+00,+1.2496320E-01,+1.6520914E+01
+1.9302000E+00,+1.2746777E-01,+1.6467167E+01
+1.9361500E+00,+1.2984974E-01,+1.6367014E+01
+1.9421000E+00,+1.3212559E-01,+1.6231463E+01
+1.9480500E+00,+1.3430993E-01,+1.6066190E+01
+1.9540000E+00,+1.3641100E-01,+1.5873976E+01
+1.9599500E+00,+1.3842991E-01,+1.5657519E+01
+1.9659000E+00,+1.4036400E-01,+1.5421557E+01
+1.9718500E+00,+1.4221274E-01,+1.5173504E+01
+1.9778000E+00,+1.4398382E-01,+1.4922334E+01
+1.9837500E+00,+1.4569670E-01,+1.4676122E+01
+1.9897000E+00,+1.4738162E-01,+1.4439149E+01
+1.9956500E+00,+1.4907404E-01,+1.4209760E+01
+2.0016000E+00,+1.5080574E-01,+1.3979942E+01
+2.0075500E+00,+1.5259599E-01,+1.3737046E+01
+2.0135000E+00,+1.5444603E-01,+1.3467205E+01
+2.0194500E+00,+1.5633957E-01,+1.3159245E+01
+2.0254000E+00,+1.5824922E-01,+1.2807580E+01
+2.0313500E+00,+1.6014689E-01,+1.2412912E+01
+2.0373000E+00,+1.6201388E-01,+1.1980413E+01
+2.0432500E+00,+1.6384635E-01,+1.1516091E+01
+2.0492000E+00,+1.6565342E-01,+1.1022804E+01
+2.0551500E+00,+1.6744774E-01,+1.0497689E+01
+2.0611000E+00,+1.6923207E-01,+9.9323642E+00
+2.0670500E+00,+1.7098730E-01,+9.3162887E+00
+2.0730000E+00,+1.7266822E-01,+8.6422991E+00
+2.0789500E+00,+1.7421062E-01,+7.9122871E+00
+2.0849000E+00,+1.7554973E-01,+7.1406426E+00
+2.0908500E+00,+1.7664505E-01,+6.3536676E+00
+2.0968000E+00,+1.7750364E-01,+5.5843336E+00
+2.1027500E+00,+1.7819302E-01,+4.8631121E+00
+2.1087000E+00,+1.7883646E-01,+4.2069375E+00
+2.1146500E+00,+1.7958793E-01,+3.6095435E+00
+2.1206000E+00,+1.8059041E-01,+3.0370354E+00
+2.1265500E+00,+1.8192851E-01,+2.4317638E+00
+2.1325000E+00,+1.8359107E-01,+1.7247912E+00
+2.1384500E+00,+1.8545771E-01,+8.5337775E-01
+2.1444000E+00,+1.8731562E-01,-2.2263090E-01
+2.1503500E+00,+1.8890158E-01,-1.5109648E+00
+2.1563000E+00,+1.8995623E-01,-2.9858172E+00
+2.1622500E+00,+1.9027518E-01,-4.5942015E+00
+2.1682000E+00,+1.8974513E-01,-6.2667971E+00
+2.1741500E+00,+1.8835821E-01,-7.9303289E+00
+2.1801000E+00,+1.8620339E-01,-9.5192565E+00
+2.1860500E+00,+1.8343858E-01,-1.0985093E+01
+2.1920000E+00,+1.8025076E-01,-1.2301861E+01
+2.1979500E+00,+1.7681420E-01,-1.3466446E+01
+2.2039000E+00,+1.7325783E-01,-1.4493477E+01
+2.2098500E+00,+1.6965024E-01,-1.5406000E+01
+2.2158000E+00,+1.6600505E-01,-1.6224847E+01
+2.2217500E+00,+1.6230266E-01,-1.6960306E+01
+2.2277000E+00,+1.5851870E-01,-1.7608770E+01
+2.2336500E+00,+1.5464841E-01,-1.8155032E+01
+2.2396000E+00,+1.5071875E-01,-1.8578818E+01
+2.2455500E+00,+1.4678554E-01,-1.8862809E+01
+2.2515000E+00,+1.4291865E-01,-1.8999072E+01
+2.2574500E+00,+1.3918242E-01,-1.8991503E+01
+2.2634000E+00,+1.3561955E-01,-1.8853419E+01
+2.2693500E+00,+1.3224512E-01,-1.8601496E+01
+2.2753000E+00,+1.2905234E-01,-1.8248919E+01
+2.2812500E+00,+1.2602657E-01,-1.7801040E+01
+2.2872000E+00,+1.2316061E-01,-1.7255561E+01
+2.2931500E+00,+1.2046401E-01,-1.6607141E+01
+2.2991000E+00,+1.1796250E-01,-1.5854160E+01
+2.3050500E+00,+1.1568805E-01,-1.5004357E+01
+2.3110000E+00,+1.1366456E-01,-1.4076419E+01
+2.3169500E+00,+1.1189594E-01,-1.3096473E+01
+2.3229000E+00,+1.1036238E-01,-1.2090904E+01
+2.3288500E+00,+1.0902648E-01,-1.1078935E+01
+2.3348000E+00,+1.0784611E-01,-1.0068447E+01
+2.3407500E+00,+1.0678793E-01,-9.0568512E+00
+2.3467000E+00,+1.0583560E-01,-8.0362473E+00
+2.3526500E+00,+1.0498936E-01,-7.0001268E+00
+2.3586000E+00,+1.0425793E-01,-5.9483352E+00
+2.3645500E+00,+1.0364720E-01,-4.8879369E+00
+2.3705000E+00,+1.0315142E-01,-3.8296801E+00
+2.3764500E+00,+1.0275140E-01,-2.7819736E+00
+2.3824000E+00,+1.0242049E-01,-1.7455605E+00
+2.3883500E+00,+1.0213562E-01,-7.1170765E-01
+2.3943000E+00,+1.0188770E-01,+3.3504181E-01
+2.4002500E+00,+1.0168662E-01,+1.4107124E+00
+2.4062000E+00,+1.0155783E-01,+2.5251267E+00
+2.4121500E+00,+1.0153195E-01,+3.6777525E+00
+2.4181000E+00,+1.0163169E-01,+4.8584279E+00
+2.4240500E+00,+1.0186254E-01,+6.0530805E+00
+2.4300000E+00,+1.0221219E-01,+7.2520734E+00
+2.4359500E+00,+1.0266013E-01,+8.4572580E+00
+2.4419000E+00,+1.0319458E-01,+9.6840749E+00
+2.4478500E+00,+1.0383031E-01,+1.0956931E+01
+2.4538000E+00,+1.0461996E-01,+1.2298625E+01
+2.4597500E+00,+1.0565331E-01,+1.3716933E+01
+2.4657000E+00,+1.0704203E-01,+1.5193098E+01
+2.4716500E+00,+1.0889293E-01,+1.6677354E+01
+2.4776000E+00,+1.1127722E-01,+1.8094858E+01
+2.4835500E+00,+1.1420606E-01,+1.9361242E+01
+2.4895000E+00,+1.1762126E-01,+2.0402376E+01
+2.4954500E+00,+1.2140406E-01,+2.1170850E+01
+2.5014000E+00,+1.2539838E-01,+2.1653905E+01
+2.5073500E+00,+1.2944106E-01,+2.1871922E+01
+2.5133000E+00,+1.3339080E-01,+2.1870152E+01
+2.5192500E+00,+1.3715026E-01,+2.1707378E+01
+2.5252000E+00,+1.4067814E-01,+2.1444390E+01
+2.5311500E+00,+1.4399035E-01,+2.1133970E+01
+2.5371000E+00,+1.4715087E-01,+2.0813277E+01
+2.5430500E+00,+1.5025396E-01,+2.0499323E+01
+2.5490000E+00,+1.5340095E-01,+2.0188142E+01
+2.5549500E+00,+1.5667604E-01,+1.9857995E+01
+2.5609000E+00,+1.6012642E-01,+1.9476096E+01
+2.5668500E+00,+1.6375121E-01,+1.9007329E+01
+2.5728000E+00,+1.6750185E-01,+1.8422688E+01
+2.5787500E+00,+1.7129302E-01,+1.7705288E+01
+2.5847000E+00,+1.7502064E-01,+1.6852735E+01
+2.5906500E+00,+1.7858174E-01,+1.5875873E+01
+2.5966000E+00,+1.8189136E-01,+1.4794922E+01
+2.6025500E+00,+1.8489277E-01,+1.3634434E+01
+2.6085000E+00,+1.8755974E-01,+1.2418426E+01
+2.6144500E+00,+1.8989162E-01,+1.1166733E+01
+2.6204000E+00,+1.9190354E-01,+9.8931552E+00
+2.6263500E+00,+1.9361528E-01,+8.6055012E+00
+2.6323000E+00,+1.9504221E-01,+7.3071551E+00
+2.6382500E+00,+1.9619056E-01,+5.9994419E+00
+2.6442000E+00,+1.9705784E-01,+4.6839236E+00
+2.6501500E+00,+1.9763724E-01,+3.3638953E+00
+2.6561000E+00,+1.9792366E-01,+2.0447149E+00
+2.6620500E+00,+1.9791867E-01,+7.3305034E-01
+2.6680000E+00,+1.9763253E-01,-5.6449956E-01
+2.6739500E+00,+1.9708274E-01,-1.8427846E+00
+2.6799000E+00,+1.9628980E-01,-3.0989185E+00
+2.6858500E+00,+1.9527227E-01,-4.3322300E+00
+2.6918000E+00,+1.9404304E-01,-5.5434110E+00
+2.6977500E+00,+1.9260827E-01,-6.7332393E+00
+2.7037000E+00,+1.9096919E-01,-7.9014082E+00
+2.7096500E+00,+1.8912568E-01,-9.0459212E+00
+2.7156000E+00,+1.8708011E-01,-1.0163246E+01
+2.7215500E+00,+1.8483949E-01,-1.1249090E+01
+2.7275000E+00,+1.8241529E-01,-1.2299389E+01
+2.7334500E+00,+1.7982119E-01,-1.3311040E+01
+2.7394000E+00,+1.7706981E-01,-1.4281996E+01
+2.7453500E+00,+1.7417028E-01,-1.5210670E+01
+2.7513000E+00,+1.7112775E-01,-1.6094890E+01
+2.7572500E+00,+1.6794524E-01,-1.6930874E+01
+2.7632000E+00,+1.6462703E-01,-1.7712718E+01
+2.7691500E+00,+1.6118208E-01,-1.8432667E+01
+2.7751000E+00,+1.5762587E-01,-1.9082100E+01
+2.7810500E+00,+1.5397976E-01,-1.9652841E+01
+2.7870000E+00,+1.5026809E-01,-2.0138228E+01
+2.7929500E+00,+1.4651428E-01,-2.0533414E+01
+2.7989000E+00,+1.4273753E-01,-2.0834737E+01
+2.8048500E+00,+1.3895182E-01,-2.1038354E+01
+2.8108000E+00,+1.3516751E-01,-2.1138733E+01
+2.8167500E+00,+1.3139490E-01,-2.1127723E+01
+2.8227000E+00,+1.2764805E-01,-2.0994640E+01
+2.8286500E+00,+1.2394713E-01,-2.0727424E+01
+2.8346000E+00,+1.2031817E-01,-2.0314330E+01
+2.8405500E+00,+1.1679055E-01,-1.9745366E+01
+2.8465000E+00,+1.1339362E-01,-1.9012758E+01
+2.8524500E+00,+1.1015460E-01,-1.8110226E+01
+2.8584000E+00,+1.0709913E-01,-1.7031613E+01
+2.8643500E+00,+1.0425471E-01,-1.5770011E+01
+2.8703000E+00,+1.0165544E-01,-1.4318616E+01
+2.8762500E+00,+9.9345483E-02,-1.2673894E+01
+2.8822000E+00,+9.7378773E-02,-1.0840503E+01
+2.8881500E+00,+9.5814265E-02,-8.8362171E+00
+2.8941000E+00,+9.4708004E-02,-6.6946625E+00
+2.9000500E+00,+9.4105209E-02,-4.4644270E+00
+2.9060000E+00,+9.4035539E-02,-2.2049506E+00
+2.9119500E+00,+9.4512690E-02,+1.8619954E-02
+2.9179000E+00,+9.5536327E-02,+2.1391125E+00
+2.9238500E+00,+9.7092224E-02,+4.0887033E+00
+2.9298000E+00,+9.9147001E-02,+5.7995952E+00
+2.9357500E+00,+1.0163723E-01,+7.2068728E+00
+2.9417000E+00,+1.0445694E-01,+8.2553098E+00
+2.9476500E+00,+1.0745016E-01,+8.9091870E+00
+2.9536000E+00,+1.1041455E-01,+9.1619211E+00
+2.9595500E+00,+1.1311815E-01,+9.0421344E+00
+2.9655000E+00,+1.1532738E-01,+8.6145206E+00
+2.9714500E+00,+1.1684068E-01,+7.9759295E+00
+2.9774000E+00,+1.1752175E-01,+7.2481276E+00
+2.9833500E+00,+1.1732625E-01,+6.5684352E+00
+2.9893000E+00,+1.1631760E-01,+6.0784693E+00
+2.9952500E+00,+1.1466818E-01,+5.9103646E+00
+3.0012000E+00,+1.1264376E-01,+6.1698590E+00
+3.0071500E+00,+1.1057055E-01,+6.9172130E+00
+3.0131000E+00,+1.0878758E-01,+8.1502365E+00
+3.0190500E+00,+1.0759232E-01,+9.7972028E+00
+3.0250000E+00,+1.0719345E-01,+1.1727317E+01
+3.0309500E+00,+1.0768593E-01,+1.3779364E+01
+3.0369000E+00,+1.0905681E-01,+1.5798195E+01
+3.0428500E+00,+1.1121653E-01,+1.7663306E+01
+3.0488000E+00,+1.1403981E-01,+1.9299578E+01
+3.0547500E+00,+1.1739944E-01,+2.0671610E+01
+3.0607000E+00,+1.2118411E-01,+2.1770343E+01
+3.0666500E+00,+1.2530102E-01,+2.2600451E+01
+3.0726000E+00,+1.2966991E-01,+2.3172688E+01
+3.0785500E+00,+1.3421574E-01,+2.3501154E+01
+3.0845000E+00,+1.3886525E-01,+2.3603263E+01
+3.0904500E+00,+1.4354838E-01,+2.3500029E+01
+3.0964000E+00,+1.4820278E-01,+2.3215305E+01
+3.1023500E+00,+1.5277839E-01,+2.2773819E+01
+3.1083000E+00,+1.5723923E-01,+2.2198742E+01
+3.1142500E+00,+1.6156160E-01,+2.1509697E+01
+3.1202000E+00,+1.6572929E-01,+2.0721916E+01
+3.1261500E+00,+1.6972799E-01,+1.9846711E+01
+3.1321000E+00,+1.7354115E-01,+1.8892882E+01
+3.1380500E+00,+1.7714874E-01,+1.7868408E+01
+3.1440000E+00,+1.8052908E-01,+1.6781724E+01
+3.1499500E+00,+1.8366246E-01,+1.5642150E+01
+3.1559000E+00,+1.8653476E-01,+1.4459446E+01
+3.1618500E+00,+1.8913929E-01,+1.3242829E+01
+3.1678000E+00,+1.9147608E-01,+1.1999940E+01
+3.1737500E+00,+1.9354894E-01,+1.0736265E+01
+3.1797000E+00,+1.9536158E-01,+9.4552396E+00
+3.1856500E+00,+1.9691456E-01,+8.1589983E+00
+3.1916000E+00,+1.9820416E-01,+6.8494467E+00
+3.1975500E+00,+1.9922370E-01,+5.5292173E+00
+3.2035000E+00,+1.9996650E-01,+4.2021433E+00
+3.2094500E+00,+2.0042916E-01,+2.8730967E+00
+3.2154000E+00,+2.0061369E-01,+1.5473077E+00
+3.2213500E+00,+2.0052765E-01,+2.2948599E-01
+3.2273000E+00,+2.0018215E-01,-1.0768665E+00
+3.2332500E+00,+1.9958875E-01,-2.3696572E+00
+3.2392000E+00,+1.9875661E-01,-3.6478348E+00
+3.2451500E+00,+1.9769101E-01,-4.9106069E+00
+3.2511000E+00,+1.9639398E-01,-6.1565774E+00
+3.2570500E+00,+1.9486654E-01,-7.3831617E+00
+3.2630000E+00,+1.9311173E-01,-8.5865216E+00
+3.2689500E+00,+1.9113684E-01,-9.7620353E+00
+3.2749000E+00,+1.8895412E-01,-1.0905095E+01
+3.2808500E+00,+1.8657941E-01,-1.2011885E+01
+3.2868000E+00,+1.8402952E-01,-1.3079796E+01
+3.2927500E+00,+1.8131940E-01,-1.4107295E+01
+3.2987000E+00,+1.7846027E-01,-1.5093276E+01
+3.3046500E+00,+1.7545971E-01,-1.6036171E+01
+3.3106000E+00,+1.7232340E-01,-1.6933193E+01
+3.3165500E+00,+1.6905787E-01,-1.7780034E+01
+3.3225000E+00,+1.6567298E-01,-1.8571165E+01
+3.3284500E+00,+1.6218303E-01,-1.9300599E+01
+3.3344000E+00,+1.5860593E-01,-1.9962804E+01
+3.3403500E+00,+1.5496102E-01,-2.0553342E+01
+3.3463000E+00,+1.5126622E-01,-2.1068936E+01
+3.3522500E+00,+1.4753607E-01,-2.1506897E+01
+3.3582000E+00,+1.4378141E-01,-2.1864132E+01
+3.3641500E+00,+1.4001086E-01,-2.2136173E+01
+3.3701000E+00,+1.3623356E-01,-2.2316668E+01
+3.3760500E+00,+1.3246173E-01,-2.2397629E+01
+3.3820000E+00,+1.2871209E-01,-2.2370367E+01
+3.3879500E+00,+1.2500527E-01,-2.2226765E+01
+3.3939000E+00,+1.2136358E-01,-2.1960344E+01
+3.3998500E+00,+1.1780803E-01,-2.1566619E+01
+3.4058000E+00,+1.1435602E-01,-2.1042560E+01
+3.4117500E+00,+1.1102078E-01,-2.0385391E+01
+3.4177000E+00,+1.0781282E-01,-1.9591297E+01
+3.4236500E+00,+1.0474282E-01,-1.8654759E+01
+3.4296000E+00,+1.0182451E-01,-1.7568972E+01
+3.4355500E+00,+9.9076398E-02,-1.6327345E+01
+3.4415000E+00,+9.6521291E-02,-1.4925557E+01
+3.4474500E+00,+9.4184122E-02,-1.3363342E+01
+3.4534000E+00,+9.2088975E-02,-1.1645274E+01
+3.4593500E+00,+9.0256893E-02,-9.7803186E+00
+3.4653000E+00,+8.8705504E-02,-7.7806158E+00
+3.4712500E+00,+8.7450539E-02,-5.6604099E+00
+3.4772000E+00,+8.6508225E-02,-3.4360116E+00
+3.4831500E+00,+8.5896946E-02,-1.1270290E+00
+3.4891000E+00,+8.5636840E-02,+1.2417863E+00
+3.4950500E+00,+8.5747036E-02,+3.6393494E+00
+3.5010000E+00,+8.6241542E-02,+6.0288774E+00
+3.5069500E+00,+8.7125587E-02,+8.3706639E+00
+3.5129000E+00,+8.8394092E-02,+1.0626154E+01
+3.5188500E+00,+9.0032898E-02,+1.2761756E+01
+3.5248000E+00,+9.2021986E-02,+1.4751006E+01
+3.5307500E+00,+9.4339040E-02,+1.6574603E+01
+3.5367000E+00,+9.6961677E-02,+1.8218924E+01
+3.5426500E+00,+9.9867546E-02,+1.9674161E+01
+3.5486000E+00,+1.0303264E-01,+2.0933119E+01
+3.5545500E+00,+1.0642903E-01,+2.1991081E+01
+3.5605000E+00,+1.1002336E-01,+2.2846447E+01
+3.5664500E+00,+1.1377687E-01,+2.3501491E+01
+3.5724000E+00,+1.1764702E-01,+2.3962605E+01
+3.5783500E+00,+1.2158973E-01,+2.4239822E+01
+3.5843000E+00,+1.2556131E-01,+2.4345785E+01
+3.5902500E+00,+1.2951937E-01,+2.4294650E+01
+3.5962000E+00,+1.3342263E-01,+2.4101380E+01
+3.6021500E+00,+1.3723044E-01,+2.3781659E+01
+3.6081000E+00,+1.4090299E-01,+2.3352323E+01
+3.6140500E+00,+1.4440299E-01,+2.2831947E+01
+3.6200000E+00,+1.4769924E-01,+2.2241111E+01
+3.6259500E+00,+1.5077131E-01,+2.1601936E+01
+3.6319000E+00,+1.5361402E-01,+2.0936774E+01
+3.6378500E+00,+1.5624018E-01,+2.0266184E+01
+3.6438000E+00,+1.5868025E-01,+1.9606647E+01
+3.6497500E+00,+1.6097840E-01,+1.8968590E+01
+3.6557000E+00,+1.6318570E-01,+1.8355310E+01
+3.6616500E+00,+1.6535172E-01,+1.7763152E+01
+3.6676000E+00,+1.6751701E-01,+1.7182968E+01
+3.6735500E+00,+1.6970793E-01,+1.6602450E+01
+3.6795000E+00,+1.7193522E-01,+1.6008704E+01
+3.6854500E+00,+1.7419596E-01,+1.5390344E+01
+3.6914000E+00,+1.7647767E-01,+1.4738663E+01
+3.6973500E+00,+1.7876292E-01,+1.4047802E+01
+3.7033000E+00,+1.8103278E-01,+1.3314187E+01
+3.7092500E+00,+1.8326849E-01,+1.2535713E+01
+3.7152000E+00,+1.8545132E-01,+1.1711083E+01
+3.7211500E+00,+1.8756169E-01,+1.0839568E+01
+3.7271000E+00,+1.8957840E-01,+9.9211464E+00
+3.7330500E+00,+1.9147892E-01,+8.9568308E+00
+3.7390000E+00,+1.9324076E-01,+7.9488874E+00
+3.7449500E+00,+1.9484344E-01,+6.9007585E+00
+3.7509000E+00,+1.9627029E-01,+5.8166396E+00
+3.7568500E+00,+1.9750918E-01,+4.7008496E+00
+3.7628000E+00,+1.9855190E-01,+3.5572239E+00
+3.7687500E+00,+1.9939249E-01,+2.3887648E+00
+3.7747000E+00,+2.0002516E-01,+1.1976700E+00
+3.7806500E+00,+2.0044271E-01,-1.4289426E-02
+3.7866000E+00,+2.0063616E-01,-1.2452187E+00
+3.7925500E+00,+2.0059566E-01,-2.4926149E+00
+3.7985000E+00,+2.0031228E-01,-3.7531542E+00
+3.8044500E+00,+1.9977985E-01,-5.0228342E+00
+3.8104000E+00,+1.9899605E-01,-6.2974035E+00
+3.8163500E+00,+1.9796227E-01,-7.5728883E+00
+3.8223000E+00,+1.9668227E-01,-8.8459864E+00
+3.8282500E+00,+1.9516029E-01,-1.0114153E+01
+3.8342000E+00,+1.9339931E-01,-1.1375333E+01
+3.8401500E+00,+1.9140029E-01,-1.2627430E+01
+3.8461000E+00,+1.8916281E-01,-1.3867742E+01
+3.8520500E+00,+1.8668652E-01,-1.5092569E+01
+3.8580000E+00,+1.8397320E-01,-1.6297169E+01
+3.8639500E+00,+1.8102808E-01,-1.7476055E+01
+3.8699000E+00,+1.7786024E-01,-1.8623510E+01
+3.8758500E+00,+1.7448166E-01,-1.9734083E+01
+3.8818000E+00,+1.7090542E-01,-2.0802825E+01
+3.8877500E+00,+1.6714387E-01,-2.1825130E+01
+3.8937000E+00,+1.6320751E-01,-2.2796195E+01
+3.8996500E+00,+1.5910521E-01,-2.3710282E+01
+3.9056000E+00,+1.5484556E-01,-2.4560048E+01
+3.9115500E+00,+1.5043892E-01,-2.5336192E+01
+3.9175000E+00,+1.4589932E-01,-2.6027541E+01
+3.9234500E+00,+1.4124528E-01,-2.6621515E+01
+3.9294000E+00,+1.3649944E-01,-2.7104720E+01
+3.9353500E+00,+1.3168705E-01,-2.7463364E+01
+3.9413000E+00,+1.2683415E-01,-2.7683215E+01
+3.9472500E+00,+1.2196642E-01,-2.7749015E+01
+3.9532000E+00,+1.1710922E-01,-2.7643500E+01
+3.9591500E+00,+1.1228924E-01,-2.7346444E+01
+3.9651000E+00,+1.0753702E-01,-2.6834193E+01
+3.9710500E+00,+1.0288946E-01,-2.6080147E+01
+3.9770000E+00,+9.8391338E-02,-2.5056366E+01
+3.9829500E+00,+9.4094993E-02,-2.3736176E+01
+3.9889000E+00,+9.0058292E-02,-2.2097337E+01
+3.9948500E+00,+8.6341492E-02,-2.0125251E+01
+4.0008000E+00,+8.3004022E-02,-1.7815767E+01
+4.0067500E+00,+8.0102104E-02,-1.5177478E+01
+4.0127000E+00,+7.7687402E-02,-1.2233714E+01
+4.0186500E+00,+7.5806102E-02,-9.0243773E+00
+4.0246000E+00,+7.4497280E-02,-5.6072198E+00
+4.0305500E+00,+7.3789762E-02,-2.0573307E+00
+4.0365000E+00,+7.3697736E-02,+1.5367427E+00
+4.0424500E+00,+7.4216726E-02,+5.0809003E+00
+4.0484000E+00,+7.5322051E-02,+8.4860801E+00
+4.0543500E+00,+7.6971138E-02,+1.1678381E+01
+4.0603000E+00,+7.9109354E-02,+1.4605414E+01
+4.0662500E+00,+8.1677407E-02,+1.7237314E+01
+4.0722000E+00,+8.4617828E-02,+1.9563221E+01
+4.0781500E+00,+8.7878739E-02,+2.1585541E+01
+4.0841000E+00,+9.1414480E-02,+2.3314428E+01
+4.0900500E+00,+9.5183958E-02,+2.4763935E+01
+4.0960000E+00,+9.9148304E-02,+2.5950170E+01
+4.1019500E+00,+1.0326930E-01,+2.6890823E+01
+4.1079000E+00,+1.0750935E-01,+2.7605171E+01
+4.1138500E+00,+1.1183293E-01,+2.8113822E+01
+4.1198000E+00,+1.1620852E-01,+2.8437872E+01
+4.1257500E+00,+1.2061014E-01,+2.8597661E+01
+4.1317000E+00,+1.2501746E-01,+2.8611526E+01
+4.1376500E+00,+1.2941457E-01,+2.8494995E+01
+4.1436000E+00,+1.3378763E-01,+2.8260685E+01
+4.1495500E+00,+1.3812262E-01,+2.7918876E+01
+4.1555000E+00,+1.4240392E-01,+2.7478469E+01
+4.1614500E+00,+1.4661426E-01,+2.6947940E+01
+4.1674000E+00,+1.5073603E-01,+2.6335927E+01
+4.1733500E+00,+1.5475318E-01,+2.5651281E+01
+4.1793000E+00,+1.5865290E-01,+2.4902651E+01
+4.1852500E+00,+1.6242616E-01,+2.4097843E+01
+4.1912000E+00,+1.6606703E-01,+2.3243284E+01
+4.1971500E+00,+1.6957090E-01,+2.2343835E+01
+4.2031000E+00,+1.7293250E-01,+2.1403050E+01
+4.2090500E+00,+1.7614448E-01,+2.0423770E+01
+4.2150000E+00,+1.7919719E-01,+1.9408824E+01
+4.2209500E+00,+1.8207981E-01,+1.8361559E+01
+4.2269000E+00,+1.8478215E-01,+1.7285996E+01
+4.2328500E+00,+1.8729661E-01,+1.6186597E+01
+4.2388000E+00,+1.8961913E-01,+1.5067746E+01
+4.2447500E+00,+1.9174909E-01,+1.3933197E+01
+4.2507000E+00,+1.9368788E-01,+1.2785715E+01
+4.2566500E+00,+1.9543703E-01,+1.1627066E+01
+4.2626000E+00,+1.9699660E-01,+1.0458343E+01
+4.2685500E+00,+1.9836445E-01,+9.2805007E+00
+4.2745000E+00,+1.9953691E-01,+8.0948542E+00
+4.2804500E+00,+2.0051027E-01,+6.9033361E+00
+4.2864000E+00,+2.0128257E-01,+5.7084106E+00
+4.2923500E+00,+2.0185488E-01,+4.5126796E+00
+4.2983000E+00,+2.0223128E-01,+3.3183572E+00
+4.3042500E+00,+2.0241778E-01,+2.1268392E+00
+4.3102000E+00,+2.0242027E-01,+9.3855790E-01
+4.3161500E+00,+2.0224263E-01,-2.4680229E-01
+4.3221000E+00,+2.0188560E-01,-1.4298084E+00
+4.3280500E+00,+2.0134689E-01,-2.6106952E+00
+4.3340000E+00,+2.0062263E-01,-3.7889269E+00
+4.3399500E+00,+1.9970927E-01,-4.9630765E+00
+4.3459000E+00,+1.9860535E-01,-6.1310571E+00
+4.3518500E+00,+1.9731224E-01,-7.2905948E+00
+4.3578000E+00,+1.9583363E-01,-8.4397266E+00
+4.3637500E+00,+1.9417401E-01,-9.5770955E+00
+4.3697000E+00,+1.9233679E-01,-1.0701899E+01
+4.3756500E+00,+1.9032304E-01,-1.1813492E+01
+4.3816000E+00,+1.8813135E-01,-1.2910792E+01
+4.3875500E+00,+1.8575895E-01,-1.3991736E+01
+4.3935000E+00,+1.8320378E-01,-1.5052995E+01
+4.3994500E+00,+1.8046648E-01,-1.6090092E+01
+4.4054000E+00,+1.7755164E-01,-1.7097847E+01
+4.4113500E+00,+1.7446777E-01,-1.8070982E+01
+4.4173000E+00,+1.7122601E-01,-1.9004613E+01
+4.4232500E+00,+1.6783820E-01,-1.9894410E+01
+4.4292000E+00,+1.6431526E-01,-2.0736326E+01
+4.4351500E+00,+1.6066650E-01,-2.1526014E+01
+4.4411000E+00,+1.5690034E-01,-2.2258157E+01
+4.4470500E+00,+1.5302601E-01,-2.2926019E+01
+4.4530000E+00,+1.4905564E-01,-2.3521464E+01
+4.4589500E+00,+1.4500552E-01,-2.4035470E+01
+4.4649000E+00,+1.4089613E-01,-2.4458978E+01
+4.4708500E+00,+1.3675056E-01,-2.4783752E+01
+4.4768000E+00,+1.3259202E-01,-2.5002864E+01
+4.4827500E+00,+1.2844125E-01,-2.5110549E+01
+4.4887000E+00,+1.2431504E-01,-2.5101429E+01
+4.4946500E+00,+1.2022632E-01,-2.4969343E+01
+4.5006000E+00,+1.1618590E-01,-2.4706256E+01
+4.5065500E+00,+1.1220500E-01,-2.4301676E+01
+4.5125000E+00,+1.0829763E-01,-2.3742823E+01
+4.5184500E+00,+1.0448186E-01,-2.3015477E+01
+4.5244000E+00,+1.0077956E-01,-2.2105100E+01
+4.5303500E+00,+9.7215123E-02,-2.0997735E+01
+4.5363000E+00,+9.3814091E-02,-1.9680304E+01
+4.5422500E+00,+9.0602748E-02,-1.8140367E+01
+4.5482000E+00,+8.7609313E-02,-1.6365863E+01
+4.5541500E+00,+8.4866381E-02,-1.4345743E+01
+4.5601000E+00,+8.2413445E-02,-1.2072283E+01
+4.5660500E+00,+8.0297850E-02,-9.5453057E+00
+4.5720000E+00,+7.8572886E-02,-6.7774931E+00
+4.5779500E+00,+7.7292724E-02,-3.7989997E+00
+4.5839000E+00,+7.6505371E-02,-6.5915552E-01
+4.5898500E+00,+7.6245858E-02,+2.5762135E+00
+4.5958000E+00,+7.6532013E-02,+5.8315584E+00
+4.6017500E+00,+7.7364035E-02,+9.0302972E+00
+4.6077000E+00,+7.8727331E-02,+1.2102519E+01
+4.6136500E+00,+8.0596691E-02,+1.4989730E+01
+4.6196000E+00,+8.2939727E-02,+1.7646496E+01
+4.6255500E+00,+8.5718524E-02,+2.0040189E+01
+4.6315000E+00,+8.8889859E-02,+2.2150225E+01
+4.6374500E+00,+9.2405271E-02,+2.3967448E+01
+4.6434000E+00,+9.6212213E-02,+2.5493457E+01
+4.6493500E+00,+1.0025676E-01,+2.6739332E+01
+4.6553000E+00,+1.0448729E-01,+2.7723432E+01
+4.6612500E+00,+1.0885797E-01,+2.8468444E+01
+4.6672000E+00,+1.1333080E-01,+2.8998276E+01
+4.6731500E+00,+1.1787552E-01,+2.9335490E+01
+4.6791000E+00,+1.2246769E-01,+2.9499801E+01
+4.6850500E+00,+1.2708575E-01,+2.9507785E+01
+4.6910000E+00,+1.3170838E-01,+2.9373544E+01
+4.6969500E+00,+1.3631313E-01,+2.9109805E+01
+4.7029000E+00,+1.4087688E-01,+2.8728896E+01
+4.7088500E+00,+1.4537753E-01,+2.8243192E+01
+4.7148000E+00,+1.4979618E-01,+2.7664907E+01
+4.7207500E+00,+1.5411856E-01,+2.7005431E+01
+4.7267000E+00,+1.5833508E-01,+2.6274555E+01
+4.7326500E+00,+1.6243936E-01,+2.5479978E+01
+4.7386000E+00,+1.6642582E-01,+2.4627316E+01
+4.7445500E+00,+1.7028734E-01,+2.3720640E+01
+4.7505000E+00,+1.7401397E-01,+2.2763322E+01
+4.7564500E+00,+1.7759319E-01,+2.1758864E+01
+4.7624000E+00,+1.8101154E-01,+2.0711403E+01
+4.7683500E+00,+1.8425695E-01,+1.9625726E+01
+4.7743000E+00,+1.8732062E-01,+1.8506838E+01
+4.7802500E+00,+1.9019770E-01,+1.7359302E+01
+4.7862000E+00,+1.9288645E-01,+1.6186661E+01
+4.7921500E+00,+1.9538622E-01,+1.4991187E+01
+4.7981000E+00,+1.9769513E-01,+1.3774070E+01
+4.8040500E+00,+1.9980844E-01,+1.2535972E+01
+4.8100000E+00,+2.0171833E-01,+1.1277717E+01
+4.8159500E+00,+2.0341516E-01,+1.0000835E+01
+4.8219000E+00,+2.0488971E-01,+8.7077423E+00
+4.8278500E+00,+2.0613531E-01,+7.4015071E+00
+4.8338000E+00,+2.0714917E-01,+6.0852990E+00
+4.8397500E+00,+2.0793200E-01,+4.7617741E+00
+4.8457000E+00,+2.0848642E-01,+3.4326545E+00
+4.8516500E+00,+2.0881456E-01,+2.0986848E+00
+4.8576000E+00,+2.0891607E-01,+7.5999200E-01
+4.8635500E+00,+2.0878725E-01,-5.8329673E-01
+4.8695000E+00,+2.0842184E-01,-1.9304282E+00
+4.8754500E+00,+2.0781295E-01,-3.2796449E+00
+4.8814000E+00,+2.0695549E-01,-4.6282052E+00
+4.8873500E+00,+2.0584791E-01,-5.9727851E+00
+4.8933000E+00,+2.0449261E-01,-7.3100844E+00
+4.8992500E+00,+2.0289475E-01,-8.6373704E+00
+4.9052000E+00,+2.0106009E-01,-9.9527130E+00
+4.9111500E+00,+1.9899267E-01,-1.1254785E+01
+4.9171000E+00,+1.9669353E-01,-1.2542278E+01
+4.9230500E+00,+1.9416098E-01,-1.3813155E+01
+4.9290000E+00,+1.9139237E-01,-1.5064019E+01
+4.9349500E+00,+1.8838680E-01,-1.6289854E+01
+4.9409000E+00,+1.8514760E-01,-1.7484237E+01
+4.9468500E+00,+1.8168360E-01,-1.8639927E+01
+4.9528000E+00,+1.7800878E-01,-1.9749582E+01
+4.9587500E+00,+1.7414051E-01,-2.0806300E+01
+4.9647000E+00,+1.7009712E-01,-2.1803728E+01
+4.9706500E+00,+1.6589603E-01,-2.2735681E+01
+4.9766000E+00,+1.6155322E-01,-2.3595402E+01
+4.9825500E+00,+1.5708433E-01,-2.4374799E+01
+4.9885000E+00,+1.5250683E-01,-2.5064004E+01
+4.9944500E+00,+1.4784239E-01,-2.5651528E+01
+5.0004000E+00,+1.4311803E-01,-2.6125017E+01
+5.0063500E+00,+1.3836553E-01,-2.6472380E+01
+5.0123000E+00,+1.3361906E-01,-2.6682836E+01
+5.0182500E+00,+1.2891184E-01,-2.6747412E+01
+5.0242000E+00,+1.2427316E-01,-2.6658615E+01
+5.0301500E+00,+1.1972715E-01,-2.6409320E+01
+5.0361000E+00,+1.1529378E-01,-2.5991340E+01
+5.0420500E+00,+1.1099176E-01,-2.5394366E+01
+5.0480000E+00,+1.0684213E-01,-2.4605915E+01
+5.0539500E+00,+1.0287091E-01,-2.3612598E+01
+5.0599000E+00,+9.9109578E-02,-2.2402436E+01
+5.0658500E+00,+9.5593015E-02,-2.0967479E+01
+5.0718000E+00,+9.2355951E-02,-1.9305761E+01
+5.0777500E+00,+8.9429427E-02,-1.7421885E+01
+5.0837000E+00,+8.6839012E-02,-1.5326230E+01
+5.0896500E+00,+8.4605566E-02,-1.3033610E+01
+5.0956000E+00,+8.2747909E-02,-1.0562628E+01
+5.1015500E+00,+8.1285584E-02,-7.9366137E+00
+5.1075000E+00,+8.0239628E-02,-5.1859350E+00
+5.1134500E+00,+7.9630177E-02,-2.3502085E+00
+5.1194000E+00,+7.9471509E-02,+5.2161811E-01
+5.1253500E+00,+7.9766702E-02,+3.3745783E+00
+5.1313000E+00,+8.0504650E-02,+6.1538642E+00
+5.1372500E+00,+8.1661098E-02,+8.8115917E+00
+5.1432000E+00,+8.3203337E-02,+1.1311427E+01
+5.1491500E+00,+8.5096408E-02,+1.3629530E+01
+5.1551000E+00,+8.7308026E-02,+1.5752218E+01
+5.1610500E+00,+8.9810366E-02,+1.7672189E+01
+5.1670000E+00,+9.2578566E-02,+1.9385385E+01
+5.1729500E+00,+9.5587410E-02,+2.0889721E+01
+5.1789000E+00,+9.8808401E-02,+2.2185618E+01
+5.1848500E+00,+1.0220900E-01,+2.3277346E+01
+5.1908000E+00,+1.0575452E-01,+2.4173894E+01
+5.1967500E+00,+1.0941188E-01,+2.4888553E+01
+5.2027000E+00,+1.1315331E-01,+2.5437166E+01
+5.2086500E+00,+1.1695842E-01,+2.5835700E+01
+5.2146000E+00,+1.2081361E-01,+2.6098047E+01
+5.2205500E+00,+1.2470914E-01,+2.6234856E+01
+5.2265000E+00,+1.2863517E-01,+2.6253684E+01
+5.2324500E+00,+1.3257850E-01,+2.6160232E+01
+5.2384000E+00,+1.3652140E-01,+2.5959992E+01
+5.2443500E+00,+1.4044290E-01,+2.5659551E+01
+5.2503000E+00,+1.4432178E-01,+2.5267029E+01
+5.2562500E+00,+1.4813996E-01,+2.4791547E+01
+5.2622000E+00,+1.5188449E-01,+2.4242052E+01
+5.2681500E+00,+1.5554734E-01,+2.3626073E+01
+5.2741000E+00,+1.5912311E-01,+2.2948980E+01
+5.2800500E+00,+1.6260556E-01,+2.2214053E+01
+5.2860000E+00,+1.6598458E-01,+2.1423338E+01
+5.2919500E+00,+1.6924499E-01,+2.0578906E+01
+5.2979000E+00,+1.7236771E-01,+1.9683995E+01
+5.3038500E+00,+1.7533295E-01,+1.8743571E+01
+5.3098000E+00,+1.7812390E-01,+1.7764110E+01
+5.3157500E+00,+1.8072968E-01,+1.6752719E+01
+5.3217000E+00,+1.8314610E-01,+1.5715983E+01
+5.3276500E+00,+1.8537415E-01,+1.4659020E+01
+5.3336000E+00,+1.8741680E-01,+1.3585093E+01
+5.3395500E+00,+1.8927564E-01,+1.2495935E+01
+5.3455000E+00,+1.9094873E-01,+1.1392605E+01
+5.3514500E+00,+1.9243057E-01,+1.0276485E+01
+5.3574000E+00,+1.9371426E-01,+9.1499956E+00
+5.3633500E+00,+1.9479466E-01,+8.0167074E+00
+5.3693000E+00,+1.9567126E-01,+6.8808191E+00
+5.3752500E+00,+1.9634926E-01,+5.7462196E+00
+5.3812000E+00,+1.9683831E-01,+4.6155508E+00
+5.3871500E+00,+1.9714941E-01,+3.4896815E+00
+5.3931000E+00,+1.9729109E-01,+2.3678414E+00
+5.3990500E+00,+1.9726662E-01,+1.2483871E+00
+5.4050000E+00,+1.9707332E-01,+1.2989986E-01
+5.4109500E+00,+1.9670438E-01,-9.8783140E-01
+5.4169000E+00,+1.9615236E-01,-2.1033463E+00
+5.4228500E+00,+1.9541288E-01,-3.2137550E+00
+5.4288000E+00,+1.9448685E-01,-4.3155733E+00
+5.4347500E+00,+1.9338041E-01,-5.4057873E+00
+5.4407000E+00,+1.9210244E-01,-6.4826782E+00
+5.4466500E+00,+1.9066084E-01,-7.5460331E+00
+5.4526000E+00,+1.8905918E-01,-8.5966171E+00
+5.4585500E+00,+1.8729534E-01,-9.6351001E+00
+5.4645000E+00,+1.8536263E-01,-1.0660874E+01
+5.4704500E+00,+1.8325323E-01,-1.1671259E+01
+5.4764000E+00,+1.8096234E-01,-1.2661434E+01
+5.4823500E+00,+1.7849136E-01,-1.3625147E+01
+5.4883000E+00,+1.7584889E-01,-1.4555895E+01
+5.4942500E+00,+1.7304886E-01,-1.5448093E+01
+5.5002000E+00,+1.7010703E-01,-1.6297719E+01
+5.5061500E+00,+1.6703704E-01,-1.7102116E+01
+5.5121000E+00,+1.6384818E-01,-1.7859031E+01
+5.5180500E+00,+1.6054561E-01,-1.8565276E+01
+5.5240000E+00,+1.5713320E-01,-1.9215619E+01
+5.5299500E+00,+1.5361761E-01,-1.9802467E+01
+5.5359000E+00,+1.5001176E-01,-2.0316545E+01
+5.5418500E+00,+1.4633585E-01,-2.0748393E+01
+5.5478000E+00,+1.4261545E-01,-2.1090059E+01
+5.5537500E+00,+1.3887706E-01,-2.1336242E+01
+5.5597000E+00,+1.3514306E-01,-2.1484257E+01
+5.5656500E+00,+1.3142823E-01,-2.1532672E+01
+5.5716000E+00,+1.2773962E-01,-2.1479045E+01
+5.5775500E+00,+1.2407985E-01,-2.1317680E+01
+5.5835000E+00,+1.2045284E-01,-2.1038389E+01
+5.5894500E+00,+1.1686944E-01,-2.0626943E+01
+5.5954000E+00,+1.1335070E-01,-2.0067169E+01
+5.6013500E+00,+1.0992734E-01,-1.9343973E+01
+5.6073000E+00,+1.0663579E-01,-1.8446090E+01
+5.6132500E+00,+1.0351256E-01,-1.7367447E+01
+5.6192000E+00,+1.0058975E-01,-1.6106626E+01
+5.6251500E+00,+9.7893810E-02,-1.4664941E+01
+5.6311000E+00,+9.5448019E-02,-1.3044521E+01
+5.6370500E+00,+9.3277365E-02,-1.1248058E+01
+5.6430000E+00,+9.1412706E-02,-9.2811493E+00
+5.6489500E+00,+8.9891339E-02,-7.1567034E+00
+5.6549000E+00,+8.8752606E-02,-4.8993633E+00
+5.6608500E+00,+8.8029736E-02,-2.5472504E+00
+5.6668000E+00,+8.7741365E-02,-1.4921653E-01
+5.6727500E+00,+8.7886774E-02,+2.2419844E+00
+5.6787000E+00,+8.8447248E-02,+4.5778513E+00
+5.6846500E+00,+8.9392890E-02,+6.8200421E+00
+5.6906000E+00,+9.0691468E-02,+8.9417968E+00
+5.6965500E+00,+9.2315055E-02,+1.0925203E+01
+5.7025000E+00,+9.4241676E-02,+1.2756715E+01
+5.7084500E+00,+9.6451923E-02,+1.4423799E+01
+5.7144000E+00,+9.8923127E-02,+1.5914432E+01
+5.7203500E+00,+1.0162471E-01,+1.7219271E+01
+5.7263000E+00,+1.0451754E-01,+1.8334806E+01
+5.7322500E+00,+1.0755789E-01,+1.9265389E+01
+5.7382000E+00,+1.1070422E-01,+2.0022835E+01
+5.7441500E+00,+1.1392363E-01,+2.0623623E+01
+5.7501000E+00,+1.1719506E-01,+2.1084876E+01
+5.7560500E+00,+1.2050796E-01,+2.1420767E+01
+5.7620000E+00,+1.2385703E-01,+2.1640675E+01
+5.7679500E+00,+1.2723550E-01,+2.1749616E+01
+5.7739000E+00,+1.3063004E-01,+2.1750465E+01
+5.7798500E+00,+1.3401951E-01,+2.1646799E+01
+5.7858000E+00,+1.3737789E-01,+2.1444995E+01
+5.7917500E+00,+1.4068010E-01,+2.1154717E+01
+5.7977000E+00,+1.4390774E-01,+2.0787671E+01
+5.8036500E+00,+1.4705229E-01,+2.0355280E+01
+5.8096000E+00,+1.5011418E-01,+1.9866349E+01
+5.8155500E+00,+1.5309811E-01,+1.9325730E+01
+5.8215000E+00,+1.5600672E-01,+1.8734531E+01
+5.8274500E+00,+1.5883525E-01,+1.8091748E+01
+5.8334000E+00,+1.6156978E-01,+1.7396586E+01
+5.8393500E+00,+1.6418946E-01,+1.6650459E+01
+5.8453000E+00,+1.6667211E-01,+1.5857854E+01
+5.8512500E+00,+1.6900026E-01,+1.5025738E+01
+5.8572000E+00,+1.7116531E-01,+1.4161851E+01
+5.8631500E+00,+1.7316770E-01,+1.3272645E+01
+5.8691000E+00,+1.7501313E-01,+1.2361785E+01
+5.8750500E+00,+1.7670645E-01,+1.1429848E+01
+5.8810000E+00,+1.7824588E-01,+1.0475365E+01
+5.8869500E+00,+1.7962027E-01,+9.4967599E+00
+5.8929000E+00,+1.8081046E-01,+8.4943630E+00
+5.8988500E+00,+1.8179461E-01,+7.4716589E+00
+5.9048000E+00,+1.8255482E-01,+6.4352483E+00
+5.9107500E+00,+1.8308265E-01,+5.3935688E+00
+5.9167000E+00,+1.8338094E-01,+4.3549218E+00
+5.9226500E+00,+1.8346128E-01,+3.3256345E+00
+5.9286000E+00,+1.8333830E-01,+2.3091302E+00
+5.9345500E+00,+1.8302325E-01,+1.3063055E+00
+5.9405000E+00,+1.8251979E-01,+3.1706407E-01
+5.9464500E+00,+1.8182395E-01,-6.5765211E-01
+5.9524000E+00,+1.8092829E-01,-1.6142277E+00
+5.9583500E+00,+1.7982868E-01,-2.5458824E+00
+5.9643000E+00,+1.7853044E-01,-3.4435960E+00
+5.9702500E+00,+1.7705135E-01,-4.2981239E+00
+5.9762000E+00,+1.7541983E-01,-5.1023052E+00
+5.9821500E+00,+1.7366888E-01,-5.8526964E+00
+5.9881000E+00,+1.7182834E-01,-6.5497986E+00
+5.9940500E+00,+1.6991854E-01,-7.1967100E+00
+6.0000000E+00,+1.6794832E-01,-7.7967304E+00
