+5.0000001E-02,+3.1895412E-03
+5.2477341E-02,+3.2122515E-03
+5.5077430E-02,+3.2357045E-03
+5.5955958E-02,+3.2434745E-03
+5.7806343E-02,+3.2595061E-03
+6.0670465E-02,+3.2832474E-03
+6.1911911E-02,+3.2930740E-03
+6.3676499E-02,+3.3065116E-03
+6.6831470E-02,+3.3288810E-03
+6.7867868E-02,+3.3357448E-03
+7.0142753E-02,+3.3499456E-03
+7.3618107E-02,+3.3693125E-03
+7.3823825E-02,+3.3703705E-03
+7.7265650E-02,+3.3866132E-03
+7.9779781E-02,+3.3967670E-03
+8.1093922E-02,+3.4015134E-03
+8.5111871E-02,+3.4137217E-03
+8.5735738E-02,+3.4153156E-03
+8.9328900E-02,+3.4229960E-03
+9.1691695E-02,+3.4267160E-03
+9.3754865E-02,+3.4291514E-03
+9.7647645E-02,+3.4318210E-03
+9.8400123E-02,+3.4320636E-03
+1.0327554E-01,+3.4316743E-03
+1.0360360E-01,+3.4315332E-03
+1.0839251E-01,+3.4279914E-03
+1.0955956E-01,+3.4267365E-03
+1.1376303E-01,+3.4210891E-03
+1.1551552E-01,+3.4182584E-03
+1.1939962E-01,+3.4111070E-03
+1.2147147E-01,+3.4068492E-03
+1.2531550E-01,+3.3982440E-03
+1.2742743E-01,+3.3931737E-03
+1.3152449E-01,+3.3827550E-03
+1.3338338E-01,+3.3778104E-03
+1.3804111E-01,+3.3649427E-03
+1.3933934E-01,+3.3612547E-03
+1.4488061E-01,+3.3451505E-03
+1.4529529E-01,+3.3439265E-03
+1.5125126E-01,+3.3261769E-03
+1.5205899E-01,+3.3237536E-03
+1.5720721E-01,+3.3082957E-03
+1.5959305E-01,+3.3011513E-03
+1.6316317E-01,+3.2905214E-03
+1.6750038E-01,+3.2777563E-03
+1.6911912E-01,+3.2730454E-03
+1.7507507E-01,+3.2560213E-03
+1.7579949E-01,+3.2539875E-03
+1.8103103E-01,+3.2395690E-03
+1.8450980E-01,+3.2302618E-03
+1.8698698E-01,+3.2237810E-03
+1.9294295E-01,+3.2087264E-03
+1.9365168E-01,+3.2069862E-03
+1.9889890E-01,+3.1944548E-03
+2.0324650E-01,+3.1845516E-03
+2.0485486E-01,+3.1810000E-03
+2.1081081E-01,+3.1683824E-03
+2.1331674E-01,+3.1633263E-03
+2.1676676E-01,+3.1566112E-03
+2.2272272E-01,+3.1456873E-03
+2.2388591E-01,+3.1436523E-03
+2.2867867E-01,+3.1356043E-03
+2.3463464E-01,+3.1263500E-03
+2.3497875E-01,+3.1258403E-03
+2.4059059E-01,+3.1179078E-03
+2.4654655E-01,+3.1102572E-03
+2.4662121E-01,+3.1101664E-03
+2.5250250E-01,+3.1033759E-03
+2.5845847E-01,+3.0972387E-03
+2.5884050E-01,+3.0968699E-03
+2.6441440E-01,+3.0918194E-03
+2.7037036E-01,+3.0870906E-03
+2.7166525E-01,+3.0861513E-03
+2.7632633E-01,+3.0830246E-03
+2.8228229E-01,+3.0795929E-03
+2.8512540E-01,+3.0781706E-03
+2.8823823E-01,+3.0767678E-03
+2.9419419E-01,+3.0745210E-03
+2.9925248E-01,+3.0730464E-03
+3.0015016E-01,+3.0728248E-03
+3.0610612E-01,+3.0716520E-03
+3.1206205E-01,+3.0709761E-03
+3.1407949E-01,+3.0708553E-03
+3.1801802E-01,+3.0707710E-03
+3.2397398E-01,+3.0710113E-03
+3.2964113E-01,+3.0716311E-03
+3.2992992E-01,+3.0716725E-03
+3.3588588E-01,+3.0727310E-03
+3.4184185E-01,+3.0741636E-03
+3.4597382E-01,+3.0753657E-03
+3.4779781E-01,+3.0759482E-03
+3.5375375E-01,+3.0780635E-03
+3.5970971E-01,+3.0804889E-03
+3.6311573E-01,+3.0820076E-03
+3.6566567E-01,+3.0832044E-03
+3.7162161E-01,+3.0861914E-03
+3.7757757E-01,+3.0894314E-03
+3.8110697E-01,+3.0914636E-03
+3.8353354E-01,+3.0929071E-03
+3.8948950E-01,+3.0966015E-03
+3.9544544E-01,+3.1004988E-03
+3.9998963E-01,+3.1035992E-03
+4.0140140E-01,+3.1045836E-03
+4.0735736E-01,+3.1088414E-03
+4.1331330E-01,+3.1132579E-03
+4.1926926E-01,+3.1178198E-03
+4.1980785E-01,+3.1182391E-03
+4.2522523E-01,+3.1225143E-03
+4.3118119E-01,+3.1273295E-03
+4.3713713E-01,+3.1322534E-03
+4.4060802E-01,+3.1351685E-03
+4.4309309E-01,+3.1372749E-03
+4.4904906E-01,+3.1423836E-03
+4.5500502E-01,+3.1475695E-03
+4.6096095E-01,+3.1528228E-03
+4.6243876E-01,+3.1541358E-03
+4.6691692E-01,+3.1581346E-03
+4.7287288E-01,+3.1634960E-03
+4.7882882E-01,+3.1688989E-03
+4.8478478E-01,+3.1743352E-03
+4.8535115E-01,+3.1748535E-03
+4.9074075E-01,+3.1797977E-03
+4.9669671E-01,+3.1852794E-03
+5.0265265E-01,+3.1907733E-03
+5.0860858E-01,+3.1962735E-03
+5.0939876E-01,+3.1970032E-03
+5.1456457E-01,+3.2017734E-03
+5.2052051E-01,+3.2072677E-03
+5.2647650E-01,+3.2127509E-03
+5.3243244E-01,+3.2182178E-03
+5.3463787E-01,+3.2202371E-03
+5.3838837E-01,+3.2236637E-03
+5.4434437E-01,+3.2290840E-03
+5.5030030E-01,+3.2344745E-03
+5.5625623E-01,+3.2398310E-03
+5.6112748E-01,+3.2441842E-03
+5.6221223E-01,+3.2451497E-03
+5.6816816E-01,+3.2504273E-03
+5.7412410E-01,+3.2556602E-03
+5.8008009E-01,+3.2608453E-03
+5.8603603E-01,+3.2659797E-03
+5.8892959E-01,+3.2684549E-03
+5.9199202E-01,+3.2710605E-03
+5.9794796E-01,+3.2760852E-03
+6.0390389E-01,+3.2810518E-03
+6.0985988E-01,+3.2859573E-03
+6.1581582E-01,+3.2908004E-03
+6.1810917E-01,+3.2926479E-03
+6.2177175E-01,+3.2955785E-03
+6.2772775E-01,+3.3002903E-03
+6.3368368E-01,+3.3049341E-03
+6.3963962E-01,+3.3095086E-03
+6.4559561E-01,+3.3140120E-03
+6.4873457E-01,+3.3163563E-03
+6.5155154E-01,+3.3184432E-03
+6.5750748E-01,+3.3228013E-03
+6.6346347E-01,+3.3270852E-03
+6.6941941E-01,+3.3312938E-03
+6.7537540E-01,+3.3354266E-03
+6.8087733E-01,+3.3391763E-03
+6.8133134E-01,+3.3394827E-03
+6.8728727E-01,+3.3434615E-03
+6.9324327E-01,+3.3473629E-03
+6.9919920E-01,+3.3511857E-03
+7.0515513E-01,+3.3549303E-03
+7.1111113E-01,+3.3585960E-03
+7.1461266E-01,+3.3607141E-03
+7.1706706E-01,+3.3621828E-03
+7.2302300E-01,+3.3656901E-03
+7.2897899E-01,+3.3691186E-03
+7.3493493E-01,+3.3724678E-03
+7.4089092E-01,+3.3757379E-03
+7.4684685E-01,+3.3789289E-03
+7.5001943E-01,+3.3805964E-03
+7.5280279E-01,+3.3820411E-03
+7.5875878E-01,+3.3850747E-03
+7.6471472E-01,+3.3880298E-03
+7.7067065E-01,+3.3909068E-03
+7.7662665E-01,+3.3937064E-03
+7.8258258E-01,+3.3964287E-03
+7.8718054E-01,+3.3984776E-03
+7.8853852E-01,+3.3990738E-03
+7.9449451E-01,+3.4016427E-03
+8.0045044E-01,+3.4041358E-03
+8.0640638E-01,+3.4065535E-03
+8.1236237E-01,+3.4088963E-03
+8.1831831E-01,+3.4111650E-03
+8.2427430E-01,+3.4133603E-03
+8.2618290E-01,+3.4140481E-03
+8.3023024E-01,+3.4154824E-03
+8.3618617E-01,+3.4175324E-03
+8.4214216E-01,+3.4195108E-03
+8.4809810E-01,+3.4214184E-03
+8.5405403E-01,+3.4232559E-03
+8.6001003E-01,+3.4250240E-03
+8.6596596E-01,+3.4267234E-03
+8.6711764E-01,+3.4270443E-03
+8.7192190E-01,+3.4283551E-03
+8.7787789E-01,+3.4299197E-03
+8.8383383E-01,+3.4314182E-03
+8.8978976E-01,+3.4328511E-03
+8.9574575E-01,+3.4342194E-03
+9.0170169E-01,+3.4355239E-03
+9.0765768E-01,+3.4367656E-03
+9.1008061E-01,+3.4372529E-03
+9.1361362E-01,+3.4379452E-03
+9.1956955E-01,+3.4390634E-03
+9.2552555E-01,+3.4401212E-03
+9.3148148E-01,+3.4411196E-03
+9.3743742E-01,+3.4420593E-03
+9.4339341E-01,+3.4429412E-03
+9.4934934E-01,+3.4437662E-03
+9.5517224E-01,+3.4445184E-03
+9.5530528E-01,+3.4445352E-03
+9.6126127E-01,+3.4452488E-03
+9.6721721E-01,+3.4459082E-03
+9.7317320E-01,+3.4465143E-03
+9.7912914E-01,+3.4470677E-03
+9.8508507E-01,+3.4475692E-03
+9.9104106E-01,+3.4480202E-03
+9.9699700E-01,+3.4484211E-03
+1.0024980E+00,+3.4487478E-03
+1.0029529E+00,+3.4487729E-03
+1.0089089E+00,+3.4490763E-03
+1.0148649E+00,+3.4493324E-03
+1.0208209E+00,+3.4495420E-03
+1.0267768E+00,+3.4497059E-03
+1.0327327E+00,+3.4498249E-03
+1.0386887E+00,+3.4498998E-03
+1.0446446E+00,+3.4499317E-03
+1.0506006E+00,+3.4499210E-03
+1.0521686E+00,+3.4499115E-03
+1.0565566E+00,+3.4498689E-03
+1.0625125E+00,+3.4497760E-03
+1.0684685E+00,+3.4496433E-03
+1.0744244E+00,+3.4494712E-03
+1.0803804E+00,+3.4492610E-03
+1.0863364E+00,+3.4490132E-03
+1.0922923E+00,+3.4487285E-03
+1.0982482E+00,+3.4484079E-03
+1.1042042E+00,+3.4480519E-03
+1.1043003E+00,+3.4480458E-03
+1.1101601E+00,+3.4476616E-03
+1.1161162E+00,+3.4472374E-03
+1.1220721E+00,+3.4467804E-03
+1.1280280E+00,+3.4462910E-03
+1.1339840E+00,+3.4457701E-03
+1.1399399E+00,+3.4452183E-03
+1.1458958E+00,+3.4446365E-03
+1.1518519E+00,+3.4440253E-03
+1.1578078E+00,+3.4433852E-03
+1.1590148E+00,+3.4432521E-03
+1.1637638E+00,+3.4427173E-03
+1.1697197E+00,+3.4420218E-03
+1.1756756E+00,+3.4412998E-03
+1.1816317E+00,+3.4405517E-03
+1.1875876E+00,+3.4397782E-03
+1.1935436E+00,+3.4389801E-03
+1.1994995E+00,+3.4381577E-03
+1.2054554E+00,+3.4373119E-03
+1.2114114E+00,+3.4364432E-03
+1.2164404E+00,+3.4356923E-03
+1.2173674E+00,+3.4355524E-03
+1.2233233E+00,+3.4346397E-03
+1.2292793E+00,+3.4337060E-03
+1.2352352E+00,+3.4327519E-03
+1.2411911E+00,+3.4317779E-03
+1.2471472E+00,+3.4307844E-03
+1.2531031E+00,+3.4297723E-03
+1.2590591E+00,+3.4287418E-03
+1.2650150E+00,+3.4276939E-03
+1.2709709E+00,+3.4266287E-03
+1.2767112E+00,+3.4255863E-03
+1.2769269E+00,+3.4255467E-03
+1.2828829E+00,+3.4244487E-03
+1.2888389E+00,+3.4233353E-03
+1.2947948E+00,+3.4222065E-03
+1.3007507E+00,+3.4210631E-03
+1.3067067E+00,+3.4199057E-03
+1.3126627E+00,+3.4187348E-03
+1.3186187E+00,+3.4175506E-03
+1.3245746E+00,+3.4163536E-03
+1.3305305E+00,+3.4151443E-03
+1.3364865E+00,+3.4139233E-03
+1.3399682E+00,+3.4132043E-03
+1.3424424E+00,+3.4126909E-03
+1.3483984E+00,+3.4114476E-03
+1.3543544E+00,+3.4101938E-03
+1.3603103E+00,+3.4089300E-03
+1.3662663E+00,+3.4076564E-03
+1.3722222E+00,+3.4063736E-03
+1.3781781E+00,+3.4050818E-03
+1.3841342E+00,+3.4037817E-03
+1.3900901E+00,+3.4024734E-03
+1.3960460E+00,+3.4011574E-03
+1.4020020E+00,+3.3998340E-03
+1.4063594E+00,+3.3988613E-03
+1.4079579E+00,+3.3985036E-03
+1.4139140E+00,+3.3971665E-03
+1.4198699E+00,+3.3958233E-03
+1.4258258E+00,+3.3944740E-03
+1.4317818E+00,+3.3931192E-03
+1.4377377E+00,+3.3917592E-03
+1.4436936E+00,+3.3903942E-03
+1.4496497E+00,+3.3890244E-03
+1.4556056E+00,+3.3876505E-03
+1.4615616E+00,+3.3862726E-03
+1.4675175E+00,+3.3848907E-03
+1.4734734E+00,+3.3835056E-03
+1.4760401E+00,+3.3829079E-03
+1.4794295E+00,+3.3821175E-03
+1.4853854E+00,+3.3807266E-03
+1.4913414E+00,+3.3793328E-03
+1.4972973E+00,+3.3779370E-03
+1.5032532E+00,+3.3765391E-03
+1.5092092E+00,+3.3751396E-03
+1.5151652E+00,+3.3737384E-03
+1.5211211E+00,+3.3723360E-03
+1.5270771E+00,+3.3709328E-03
+1.5330330E+00,+3.3695288E-03
+1.5389889E+00,+3.3681241E-03
+1.5449450E+00,+3.3667192E-03
+1.5491732E+00,+3.3657220E-03
+1.5509009E+00,+3.3653143E-03
+1.5568569E+00,+3.3639097E-03
+1.5628128E+00,+3.3625052E-03
+1.5687687E+00,+3.3611017E-03
+1.5747247E+00,+3.3596987E-03
+1.5806807E+00,+3.3582968E-03
+1.5866367E+00,+3.3568961E-03
+1.5925926E+00,+3.3554968E-03
+1.5985485E+00,+3.3540993E-03
+1.6045045E+00,+3.3527035E-03
+1.6104605E+00,+3.3513096E-03
+1.6164165E+00,+3.3499179E-03
+1.6223724E+00,+3.3485286E-03
+1.6259300E+00,+3.3477000E-03
+1.6283283E+00,+3.3471417E-03
+1.6342843E+00,+3.3457575E-03
+1.6402402E+00,+3.3443763E-03
+1.6461962E+00,+3.3429980E-03
+1.6521522E+00,+3.3416229E-03
+1.6581081E+00,+3.3402510E-03
+1.6640640E+00,+3.3388825E-03
+1.6700200E+00,+3.3375178E-03
+1.6759759E+00,+3.3361567E-03
+1.6819320E+00,+3.3347998E-03
+1.6878879E+00,+3.3334466E-03
+1.6938438E+00,+3.3320975E-03
+1.6997998E+00,+3.3307530E-03
+1.7057557E+00,+3.3294128E-03
+1.7064896E+00,+3.3292479E-03
+1.7117118E+00,+3.3280770E-03
+1.7176677E+00,+3.3267459E-03
+1.7236236E+00,+3.3254197E-03
+1.7295796E+00,+3.3240984E-03
+1.7355355E+00,+3.3227820E-03
+1.7414914E+00,+3.3214707E-03
+1.7474475E+00,+3.3201647E-03
+1.7534034E+00,+3.3188639E-03
+1.7593594E+00,+3.3175687E-03
+1.7653153E+00,+3.3162788E-03
+1.7712712E+00,+3.3149947E-03
+1.7772273E+00,+3.3137163E-03
+1.7831832E+00,+3.3124436E-03
+1.7891392E+00,+3.3111768E-03
+1.7910408E+00,+3.3107735E-03
+1.7950951E+00,+3.3099158E-03
+1.8010510E+00,+3.3086610E-03
+1.8070070E+00,+3.3074124E-03
+1.8129630E+00,+3.3061700E-03
+1.8189189E+00,+3.3049337E-03
+1.8248749E+00,+3.3037039E-03
+1.8308308E+00,+3.3024806E-03
+1.8367867E+00,+3.3012636E-03
+1.8427428E+00,+3.3000533E-03
+1.8486987E+00,+3.2988496E-03
+1.8546547E+00,+3.2976524E-03
+1.8606106E+00,+3.2964621E-03
+1.8665665E+00,+3.2952786E-03
+1.8725225E+00,+3.2941019E-03
+1.8784785E+00,+3.2929324E-03
+1.8797812E+00,+3.2926775E-03
+1.8844345E+00,+3.2917697E-03
+1.8903904E+00,+3.2906139E-03
+1.8963463E+00,+3.2894651E-03
+1.9023023E+00,+3.2883238E-03
+1.9082582E+00,+3.2871894E-03
+1.9142143E+00,+3.2860623E-03
+1.9201702E+00,+3.2849424E-03
+1.9261261E+00,+3.2838297E-03
+1.9320821E+00,+3.2827244E-03
+1.9380380E+00,+3.2816264E-03
+1.9439940E+00,+3.2805360E-03
+1.9499500E+00,+3.2794529E-03
+1.9559059E+00,+3.2783772E-03
+1.9618618E+00,+3.2773092E-03
+1.9678178E+00,+3.2762487E-03
+1.9729185E+00,+3.2753465E-03
+1.9737737E+00,+3.2751958E-03
+1.9797298E+00,+3.2741504E-03
+1.9856857E+00,+3.2731127E-03
+1.9916416E+00,+3.2720824E-03
+1.9975976E+00,+3.2710601E-03
+2.0035536E+00,+3.2700452E-03
+2.0095096E+00,+3.2690382E-03
+2.0154655E+00,+3.2680389E-03
+2.0214214E+00,+3.2670475E-03
+2.0273774E+00,+3.2660635E-03
+2.0333333E+00,+3.2650875E-03
+2.0392892E+00,+3.2641194E-03
+2.0452452E+00,+3.2631590E-03
+2.0512011E+00,+3.2622064E-03
+2.0571570E+00,+3.2612616E-03
+2.0631132E+00,+3.2603247E-03
+2.0690691E+00,+3.2593957E-03
+2.0706704E+00,+3.2591473E-03
+2.0750251E+00,+3.2584746E-03
+2.0809810E+00,+3.2575612E-03
+2.0869370E+00,+3.2566560E-03
+2.0928929E+00,+3.2557584E-03
+2.0988488E+00,+3.2548688E-03
+2.1048048E+00,+3.2539871E-03
+2.1107607E+00,+3.2531135E-03
+2.1167166E+00,+3.2522476E-03
+2.1226726E+00,+3.2513896E-03
+2.1286287E+00,+3.2505395E-03
+2.1345847E+00,+3.2496974E-03
+2.1405406E+00,+3.2488632E-03
+2.1464965E+00,+3.2480368E-03
+2.1524525E+00,+3.2472184E-03
+2.1584084E+00,+3.2464077E-03
+2.1643643E+00,+3.2456052E-03
+2.1703203E+00,+3.2448105E-03
+2.1732657E+00,+3.2444203E-03
+2.1762762E+00,+3.2440235E-03
+2.1822321E+00,+3.2432447E-03
+2.1881881E+00,+3.2424736E-03
+2.1941442E+00,+3.2417104E-03
+2.2001002E+00,+3.2409551E-03
+2.2060561E+00,+3.2402077E-03
+2.2120121E+00,+3.2394680E-03
+2.2179680E+00,+3.2387362E-03
+2.2239239E+00,+3.2380123E-03
+2.2298799E+00,+3.2372961E-03
+2.2358358E+00,+3.2365879E-03
+2.2417917E+00,+3.2358873E-03
+2.2477477E+00,+3.2351946E-03
+2.2537036E+00,+3.2345096E-03
+2.2596598E+00,+3.2338323E-03
+2.2656157E+00,+3.2331629E-03
+2.2715716E+00,+3.2325012E-03
+2.2775276E+00,+3.2318472E-03
+2.2809441E+00,+3.2314754E-03
+2.2834835E+00,+3.2312009E-03
+2.2894394E+00,+3.2305622E-03
+2.2953954E+00,+3.2299312E-03
+2.3013513E+00,+3.2293077E-03
+2.3073072E+00,+3.2286921E-03
+2.3132632E+00,+3.2280840E-03
+2.3192191E+00,+3.2274835E-03
+2.3251753E+00,+3.2268907E-03
+2.3311312E+00,+3.2263054E-03
+2.3370872E+00,+3.2257277E-03
+2.3430431E+00,+3.2251573E-03
+2.3489990E+00,+3.2245945E-03
+2.3549550E+00,+3.2240395E-03
+2.3609109E+00,+3.2234916E-03
+2.3668668E+00,+3.2229512E-03
+2.3728228E+00,+3.2224185E-03
+2.3787787E+00,+3.2218930E-03
+2.3847346E+00,+3.2213747E-03
+2.3906908E+00,+3.2208641E-03
+2.3939576E+00,+3.2205870E-03
+2.3966467E+00,+3.2203605E-03
+2.4026027E+00,+3.2198646E-03
+2.4085586E+00,+3.2193756E-03
+2.4145145E+00,+3.2188941E-03
+2.4204705E+00,+3.2184198E-03
+2.4264264E+00,+3.2179530E-03
+2.4323823E+00,+3.2174932E-03
+2.4383383E+00,+3.2170403E-03
+2.4442942E+00,+3.2165949E-03
+2.4502501E+00,+3.2161565E-03
+2.4562063E+00,+3.2157253E-03
+2.4621623E+00,+3.2153011E-03
+2.4681182E+00,+3.2148841E-03
+2.4740741E+00,+3.2144741E-03
+2.4800301E+00,+3.2140710E-03
+2.4859860E+00,+3.2136750E-03
+2.4919419E+00,+3.2132857E-03
+2.4978979E+00,+3.2129036E-03
+2.5038538E+00,+3.2125283E-03
+2.5098097E+00,+3.2121600E-03
+2.5125706E+00,+3.2119916E-03
+2.5157657E+00,+3.2117984E-03
+2.5217218E+00,+3.2114438E-03
+2.5276778E+00,+3.2110959E-03
+2.5336337E+00,+3.2107548E-03
+2.5395896E+00,+3.2104205E-03
+2.5455456E+00,+3.2100929E-03
+2.5515015E+00,+3.2097718E-03
+2.5574574E+00,+3.2094575E-03
+2.5634134E+00,+3.2091499E-03
+2.5693693E+00,+3.2088491E-03
+2.5753253E+00,+3.2085546E-03
+2.5812812E+00,+3.2082668E-03
+2.5872371E+00,+3.2079855E-03
+2.5931933E+00,+3.2077106E-03
+2.5991492E+00,+3.2074424E-03
+2.6051052E+00,+3.2071804E-03
+2.6110611E+00,+3.2069250E-03
+2.6170170E+00,+3.2066759E-03
+2.6229730E+00,+3.2064333E-03
+2.6289289E+00,+3.2061969E-03
+2.6348848E+00,+3.2059669E-03
+2.6370606E+00,+3.2058845E-03
+2.6408408E+00,+3.2057432E-03
+2.6467967E+00,+3.2055257E-03
+2.6527526E+00,+3.2053145E-03
+2.6587088E+00,+3.2051094E-03
+2.6646647E+00,+3.2049106E-03
+2.6706207E+00,+3.2047178E-03
+2.6765766E+00,+3.2045313E-03
+2.6825325E+00,+3.2043506E-03
+2.6884885E+00,+3.2041762E-03
+2.6944444E+00,+3.2040076E-03
+2.7004004E+00,+3.2038454E-03
+2.7063563E+00,+3.2036889E-03
+2.7123122E+00,+3.2035382E-03
+2.7182682E+00,+3.2033937E-03
+2.7242243E+00,+3.2032549E-03
+2.7301803E+00,+3.2031222E-03
+2.7361362E+00,+3.2029951E-03
+2.7420921E+00,+3.2028737E-03
+2.7480481E+00,+3.2027583E-03
+2.7540040E+00,+3.2026486E-03
+2.7599599E+00,+3.2025448E-03
+2.7659159E+00,+3.2024463E-03
+2.7677188E+00,+3.2024176E-03
+2.7718718E+00,+3.2023536E-03
+2.7778277E+00,+3.2022668E-03
+2.7837837E+00,+3.2021853E-03
+2.7897398E+00,+3.2021094E-03
+2.7956958E+00,+3.2020390E-03
+2.8016517E+00,+3.2019743E-03
+2.8076077E+00,+3.2019150E-03
+2.8135636E+00,+3.2018612E-03
+2.8195195E+00,+3.2018127E-03
+2.8254755E+00,+3.2017697E-03
+2.8314314E+00,+3.2017322E-03
+2.8373873E+00,+3.2016998E-03
+2.8433433E+00,+3.2016728E-03
+2.8492992E+00,+3.2016512E-03
+2.8552554E+00,+3.2016346E-03
+2.8612113E+00,+3.2016234E-03
+2.8671672E+00,+3.2016174E-03
+2.8731232E+00,+3.2016167E-03
+2.8790791E+00,+3.2016209E-03
+2.8850350E+00,+3.2016304E-03
+2.8909910E+00,+3.2016449E-03
+2.8969469E+00,+3.2016647E-03
+2.9029028E+00,+3.2016891E-03
+2.9048505E+00,+3.2016982E-03
+2.9088588E+00,+3.2017187E-03
+2.9148147E+00,+3.2017534E-03
+2.9207709E+00,+3.2017929E-03
+2.9267268E+00,+3.2018374E-03
+2.9326828E+00,+3.2018868E-03
+2.9386387E+00,+3.2019410E-03
+2.9445946E+00,+3.2020002E-03
+2.9505506E+00,+3.2020640E-03
+2.9565065E+00,+3.2021326E-03
+2.9624624E+00,+3.2022060E-03
+2.9684184E+00,+3.2022842E-03
+2.9743743E+00,+3.2023671E-03
+2.9803302E+00,+3.2024544E-03
+2.9862864E+00,+3.2025466E-03
+2.9922423E+00,+3.2026435E-03
+2.9981983E+00,+3.2027448E-03
+3.0041542E+00,+3.2028507E-03
+3.0101101E+00,+3.2029613E-03
+3.0160661E+00,+3.2030761E-03
+3.0220220E+00,+3.2031958E-03
+3.0279779E+00,+3.2033196E-03
+3.0339339E+00,+3.2034479E-03
+3.0398898E+00,+3.2035806E-03
+3.0458457E+00,+3.2037178E-03
+3.0487766E+00,+3.2037869E-03
+3.0518019E+00,+3.2038591E-03
+3.0577579E+00,+3.2040051E-03
+3.0637138E+00,+3.2041550E-03
+3.0696697E+00,+3.2043094E-03
+3.0756257E+00,+3.2044679E-03
+3.0815816E+00,+3.2046307E-03
+3.0875375E+00,+3.2047976E-03
+3.0934935E+00,+3.2049688E-03
+3.0994494E+00,+3.2051441E-03
+3.1054053E+00,+3.2053236E-03
+3.1113613E+00,+3.2055071E-03
+3.1173172E+00,+3.2056945E-03
+3.1232734E+00,+3.2058861E-03
+3.1292293E+00,+3.2060817E-03
+3.1351852E+00,+3.2062812E-03
+3.1411412E+00,+3.2064847E-03
+3.1470971E+00,+3.2066922E-03
+3.1530530E+00,+3.2069033E-03
+3.1590090E+00,+3.2071187E-03
+3.1649649E+00,+3.2073378E-03
+3.1709208E+00,+3.2075606E-03
+3.1768768E+00,+3.2077874E-03
+3.1828327E+00,+3.2080177E-03
+3.1887889E+00,+3.2082519E-03
+3.1947448E+00,+3.2084899E-03
+3.1998341E+00,+3.2086961E-03
+3.2007008E+00,+3.2087315E-03
+3.2066567E+00,+3.2089769E-03
+3.2126126E+00,+3.2092258E-03
+3.2185686E+00,+3.2094785E-03
+3.2245245E+00,+3.2097348E-03
+3.2304804E+00,+3.2099944E-03
+3.2364364E+00,+3.2102580E-03
+3.2423923E+00,+3.2105248E-03
+3.2483482E+00,+3.2107951E-03
+3.2543044E+00,+3.2110689E-03
+3.2602603E+00,+3.2113462E-03
+3.2662163E+00,+3.2116270E-03
+3.2721722E+00,+3.2119113E-03
+3.2781281E+00,+3.2121988E-03
+3.2840841E+00,+3.2124897E-03
+3.2900400E+00,+3.2127840E-03
+3.2959960E+00,+3.2130815E-03
+3.3019519E+00,+3.2133823E-03
+3.3079078E+00,+3.2136864E-03
+3.3138638E+00,+3.2139937E-03
+3.3198199E+00,+3.2143043E-03
+3.3257759E+00,+3.2146182E-03
+3.3317318E+00,+3.2149351E-03
+3.3376877E+00,+3.2152552E-03
+3.3436437E+00,+3.2155784E-03
+3.3495996E+00,+3.2159048E-03
+3.3555555E+00,+3.2162343E-03
+3.3583758E+00,+3.2163912E-03
+3.3615115E+00,+3.2165668E-03
+3.3674674E+00,+3.2169023E-03
+3.3734233E+00,+3.2172408E-03
+3.3793793E+00,+3.2175824E-03
+3.3853354E+00,+3.2179267E-03
+3.3912914E+00,+3.2182743E-03
+3.3972473E+00,+3.2186245E-03
+3.4032032E+00,+3.2189779E-03
+3.4091592E+00,+3.2193339E-03
+3.4151151E+00,+3.2196930E-03
+3.4210711E+00,+3.2200550E-03
+3.4270270E+00,+3.2204196E-03
+3.4329829E+00,+3.2207870E-03
+3.4389389E+00,+3.2211572E-03
+3.4448948E+00,+3.2215302E-03
+3.4508510E+00,+3.2219060E-03
+3.4568069E+00,+3.2222844E-03
+3.4627628E+00,+3.2226655E-03
+3.4687188E+00,+3.2230492E-03
+3.4746747E+00,+3.2234357E-03
+3.4806306E+00,+3.2238248E-03
+3.4865866E+00,+3.2242164E-03
+3.4925425E+00,+3.2246106E-03
+3.4984984E+00,+3.2250073E-03
+3.5044544E+00,+3.2254066E-03
+3.5104103E+00,+3.2258085E-03
+3.5163665E+00,+3.2262129E-03
+3.5223224E+00,+3.2266197E-03
+3.5247726E+00,+3.2267878E-03
+3.5282784E+00,+3.2270290E-03
+3.5342343E+00,+3.2274406E-03
+3.5401902E+00,+3.2278548E-03
+3.5461462E+00,+3.2282714E-03
+3.5521021E+00,+3.2286902E-03
+3.5580580E+00,+3.2291117E-03
+3.5640140E+00,+3.2295352E-03
+3.5699699E+00,+3.2299610E-03
+3.5759258E+00,+3.2303892E-03
+3.5818820E+00,+3.2308197E-03
+3.5878379E+00,+3.2312525E-03
+3.5937939E+00,+3.2316875E-03
+3.5997498E+00,+3.2321247E-03
+3.6057057E+00,+3.2325641E-03
+3.6116617E+00,+3.2330058E-03
+3.6176176E+00,+3.2334495E-03
+3.6235735E+00,+3.2338954E-03
+3.6295295E+00,+3.2343434E-03
+3.6354854E+00,+3.2347937E-03
+3.6414413E+00,+3.2352458E-03
+3.6473973E+00,+3.2357001E-03
+3.6533535E+00,+3.2361564E-03
+3.6593094E+00,+3.2366146E-03
+3.6652653E+00,+3.2370752E-03
+3.6712213E+00,+3.2375376E-03
+3.6771772E+00,+3.2380018E-03
+3.6831331E+00,+3.2384682E-03
+3.6890891E+00,+3.2389364E-03
+3.6950450E+00,+3.2394065E-03
+3.6994140E+00,+3.2397525E-03
+3.7010009E+00,+3.2398785E-03
+3.7069569E+00,+3.2403525E-03
+3.7129128E+00,+3.2408282E-03
+3.7188690E+00,+3.2413059E-03
+3.7248249E+00,+3.2417853E-03
+3.7307808E+00,+3.2422666E-03
+3.7367368E+00,+3.2427497E-03
+3.7426927E+00,+3.2432345E-03
+3.7486486E+00,+3.2437211E-03
+3.7546046E+00,+3.2442096E-03
+3.7605605E+00,+3.2446997E-03
+3.7665164E+00,+3.2451914E-03
+3.7724724E+00,+3.2456848E-03
+3.7784283E+00,+3.2461800E-03
+3.7843845E+00,+3.2466769E-03
+3.7903404E+00,+3.2471754E-03
+3.7962964E+00,+3.2476755E-03
+3.8022523E+00,+3.2481770E-03
+3.8082082E+00,+3.2486804E-03
+3.8141642E+00,+3.2491852E-03
+3.8201201E+00,+3.2496916E-03
+3.8260760E+00,+3.2501996E-03
+3.8320320E+00,+3.2507090E-03
+3.8379879E+00,+3.2512199E-03
+3.8439438E+00,+3.2517323E-03
+3.8499000E+00,+3.2522464E-03
+3.8558559E+00,+3.2527617E-03
+3.8618119E+00,+3.2532786E-03
+3.8677678E+00,+3.2537968E-03
+3.8737237E+00,+3.2543165E-03
+3.8796797E+00,+3.2548376E-03
+3.8827083E+00,+3.2551030E-03
+3.8856356E+00,+3.2553601E-03
+3.8915915E+00,+3.2558837E-03
+3.8975475E+00,+3.2564090E-03
+3.9035034E+00,+3.2569354E-03
+3.9094594E+00,+3.2574632E-03
+3.9154155E+00,+3.2579922E-03
+3.9213715E+00,+3.2585226E-03
+3.9273274E+00,+3.2590544E-03
+3.9332833E+00,+3.2595873E-03
+3.9392393E+00,+3.2601214E-03
+3.9451952E+00,+3.2606567E-03
+3.9511511E+00,+3.2611934E-03
+3.9571071E+00,+3.2617310E-03
+3.9630630E+00,+3.2622700E-03
+3.9690189E+00,+3.2628102E-03
+3.9749749E+00,+3.2633515E-03
+3.9809310E+00,+3.2638938E-03
+3.9868870E+00,+3.2644374E-03
+3.9928429E+00,+3.2649820E-03
+3.9987988E+00,+3.2655278E-03
+4.0047545E+00,+3.2660745E-03
+4.0107107E+00,+3.2666225E-03
+4.0166669E+00,+3.2671713E-03
+4.0226226E+00,+3.2677213E-03
+4.0285788E+00,+3.2682724E-03
+4.0345345E+00,+3.2688242E-03
+4.0404906E+00,+3.2693772E-03
+4.0464463E+00,+3.2699313E-03
+4.0524025E+00,+3.2704861E-03
+4.0583582E+00,+3.2710421E-03
+4.0643144E+00,+3.2715988E-03
+4.0702701E+00,+3.2721567E-03
+4.0750842E+00,+3.2726082E-03
+4.0762262E+00,+3.2727153E-03
+4.0821824E+00,+3.2732747E-03
+4.0881381E+00,+3.2738352E-03
+4.0940943E+00,+3.2743965E-03
+4.1000500E+00,+3.2749586E-03
+4.1060061E+00,+3.2755216E-03
+4.1119618E+00,+3.2760855E-03
+4.1179180E+00,+3.2766501E-03
+4.1238737E+00,+3.2772156E-03
+4.1298299E+00,+3.2777819E-03
+4.1357856E+00,+3.2783488E-03
+4.1417418E+00,+3.2789167E-03
+4.1476979E+00,+3.2794853E-03
+4.1536536E+00,+3.2800545E-03
+4.1596098E+00,+3.2806245E-03
+4.1655655E+00,+3.2811952E-03
+4.1715217E+00,+3.2817665E-03
+4.1774774E+00,+3.2823388E-03
+4.1834335E+00,+3.2829116E-03
+4.1893892E+00,+3.2834851E-03
+4.1953454E+00,+3.2840590E-03
+4.2013011E+00,+3.2846339E-03
+4.2072573E+00,+3.2852092E-03
+4.2132134E+00,+3.2857852E-03
+4.2191691E+00,+3.2863619E-03
+4.2251253E+00,+3.2869391E-03
+4.2310810E+00,+3.2875168E-03
+4.2370372E+00,+3.2880951E-03
+4.2429929E+00,+3.2886739E-03
+4.2489491E+00,+3.2892535E-03
+4.2549047E+00,+3.2898334E-03
+4.2608609E+00,+3.2904139E-03
+4.2668166E+00,+3.2909948E-03
+4.2727728E+00,+3.2915764E-03
+4.2769918E+00,+3.2919885E-03
+4.2787290E+00,+3.2921585E-03
+4.2846847E+00,+3.2927408E-03
+4.2906408E+00,+3.2933238E-03
+4.2965965E+00,+3.2939070E-03
+4.3025527E+00,+3.2944910E-03
+4.3085084E+00,+3.2950751E-03
+4.3144646E+00,+3.2956598E-03
+4.3204203E+00,+3.2962449E-03
+4.3263764E+00,+3.2968305E-03
+4.3323321E+00,+3.2974163E-03
+4.3382883E+00,+3.2980023E-03
+4.3442445E+00,+3.2985890E-03
+4.3502002E+00,+3.2991760E-03
+4.3561563E+00,+3.2997632E-03
+4.3621120E+00,+3.3003509E-03
+4.3680682E+00,+3.3009388E-03
+4.3740239E+00,+3.3015269E-03
+4.3799801E+00,+3.3021155E-03
+4.3859358E+00,+3.3027043E-03
+4.3918920E+00,+3.3032934E-03
+4.3978477E+00,+3.3038829E-03
+4.4038038E+00,+3.3044724E-03
+4.4097595E+00,+3.3050622E-03
+4.4157157E+00,+3.3056524E-03
+4.4216719E+00,+3.3062426E-03
+4.4276276E+00,+3.3068333E-03
+4.4335837E+00,+3.3074240E-03
+4.4395394E+00,+3.3080149E-03
+4.4454956E+00,+3.3086061E-03
+4.4514513E+00,+3.3091975E-03
+4.4574075E+00,+3.3097889E-03
+4.4633632E+00,+3.3103805E-03
+4.4693193E+00,+3.3109724E-03
+4.4752750E+00,+3.3115642E-03
+4.4812312E+00,+3.3121563E-03
+4.4871874E+00,+3.3127484E-03
+4.4889035E+00,+3.3129191E-03
+4.4931431E+00,+3.3133407E-03
+4.4990993E+00,+3.3139330E-03
+4.5050550E+00,+3.3145256E-03
+4.5110111E+00,+3.3151181E-03
+4.5169668E+00,+3.3157107E-03
+4.5229230E+00,+3.3163032E-03
+4.5288787E+00,+3.3168960E-03
+4.5348349E+00,+3.3174888E-03
+4.5407906E+00,+3.3180816E-03
+4.5467467E+00,+3.3186744E-03
+4.5527029E+00,+3.3192672E-03
+4.5586586E+00,+3.3198600E-03
+4.5646148E+00,+3.3204530E-03
+4.5705705E+00,+3.3210458E-03
+4.5765266E+00,+3.3216386E-03
+4.5824823E+00,+3.3222314E-03
+4.5884385E+00,+3.3228241E-03
+4.5943942E+00,+3.3234167E-03
+4.6003504E+00,+3.3240092E-03
+4.6063061E+00,+3.3246018E-03
+4.6122622E+00,+3.3251944E-03
+4.6182184E+00,+3.3257867E-03
+4.6241741E+00,+3.3263790E-03
+4.6301303E+00,+3.3269713E-03
+4.6360860E+00,+3.3275634E-03
+4.6420422E+00,+3.3281555E-03
+4.6479979E+00,+3.3287473E-03
+4.6539540E+00,+3.3293390E-03
+4.6599097E+00,+3.3299306E-03
+4.6658659E+00,+3.3305220E-03
+4.6718216E+00,+3.3311134E-03
+4.6777778E+00,+3.3317045E-03
+4.6837339E+00,+3.3322955E-03
+4.6896896E+00,+3.3328861E-03
+4.6956458E+00,+3.3334766E-03
+4.7016015E+00,+3.3340671E-03
+4.7075577E+00,+3.3346573E-03
+4.7113147E+00,+3.3350294E-03
+4.7135134E+00,+3.3352473E-03
+4.7194695E+00,+3.3358368E-03
+4.7254252E+00,+3.3364263E-03
+4.7313814E+00,+3.3370156E-03
+4.7373371E+00,+3.3376047E-03
+4.7432933E+00,+3.3381935E-03
+4.7492495E+00,+3.3387819E-03
+4.7552052E+00,+3.3393702E-03
+4.7611613E+00,+3.3399581E-03
+4.7671170E+00,+3.3405458E-03
+4.7730732E+00,+3.3411332E-03
+4.7790289E+00,+3.3417204E-03
+4.7849851E+00,+3.3423072E-03
+4.7909408E+00,+3.3428937E-03
+4.7968969E+00,+3.3434797E-03
+4.8028526E+00,+3.3440655E-03
+4.8088088E+00,+3.3446511E-03
+4.8147650E+00,+3.3452362E-03
+4.8207207E+00,+3.3458211E-03
+4.8266768E+00,+3.3464055E-03
+4.8326325E+00,+3.3469896E-03
+4.8385887E+00,+3.3475733E-03
+4.8445444E+00,+3.3481566E-03
+4.8505006E+00,+3.3487396E-03
+4.8564563E+00,+3.3493221E-03
+4.8624125E+00,+3.3499044E-03
+4.8683681E+00,+3.3504860E-03
+4.8743243E+00,+3.3510674E-03
+4.8802805E+00,+3.3516483E-03
+4.8862362E+00,+3.3522290E-03
+4.8921924E+00,+3.3528090E-03
+4.8981481E+00,+3.3533887E-03
+4.9041042E+00,+3.3539678E-03
+4.9100599E+00,+3.3545466E-03
+4.9160161E+00,+3.3551250E-03
+4.9219718E+00,+3.3557029E-03
+4.9279280E+00,+3.3562800E-03
+4.9338837E+00,+3.3568570E-03
+4.9398398E+00,+3.3574335E-03
+4.9447455E+00,+3.3579078E-03
+4.9457960E+00,+3.3580093E-03
+4.9517517E+00,+3.3585848E-03
+4.9577079E+00,+3.3591597E-03
+4.9636636E+00,+3.3597341E-03
+4.9696198E+00,+3.3603080E-03
+4.9755754E+00,+3.3608812E-03
+4.9815316E+00,+3.3614542E-03
+4.9874873E+00,+3.3620265E-03
+4.9934435E+00,+3.3625984E-03
+4.9993992E+00,+3.3631695E-03
+5.0053554E+00,+3.3637402E-03
+5.0113115E+00,+3.3643104E-03
+5.0172672E+00,+3.3648799E-03
+5.0232234E+00,+3.3654489E-03
+5.0291791E+00,+3.3660172E-03
+5.0351353E+00,+3.3665851E-03
+5.0410910E+00,+3.3671523E-03
+5.0470471E+00,+3.3677190E-03
+5.0530028E+00,+3.3682850E-03
+5.0589590E+00,+3.3688506E-03
+5.0649147E+00,+3.3694154E-03
+5.0708709E+00,+3.3699796E-03
+5.0768270E+00,+3.3705432E-03
+5.0827827E+00,+3.3711062E-03
+5.0887389E+00,+3.3716687E-03
+5.0946946E+00,+3.3722303E-03
+5.1006508E+00,+3.3727915E-03
+5.1066065E+00,+3.3733519E-03
+5.1125627E+00,+3.3739118E-03
+5.1185184E+00,+3.3744709E-03
+5.1244745E+00,+3.3750294E-03
+5.1304302E+00,+3.3755871E-03
+5.1363864E+00,+3.3761442E-03
+5.1423426E+00,+3.3767007E-03
+5.1482983E+00,+3.3772564E-03
+5.1542544E+00,+3.3778115E-03
+5.1602101E+00,+3.3783659E-03
+5.1661663E+00,+3.3789198E-03
+5.1721220E+00,+3.3794728E-03
+5.1780782E+00,+3.3800250E-03
+5.1840339E+00,+3.3805766E-03
+5.1897421E+00,+3.3811044E-03
+5.1899900E+00,+3.3811275E-03
+5.1959457E+00,+3.3816774E-03
+5.2019019E+00,+3.3822269E-03
+5.2078581E+00,+3.3827755E-03
+5.2138138E+00,+3.3833236E-03
+5.2197700E+00,+3.3838707E-03
+5.2257257E+00,+3.3844172E-03
+5.2316818E+00,+3.3849629E-03
+5.2376375E+00,+3.3855077E-03
+5.2435937E+00,+3.3860519E-03
+5.2495494E+00,+3.3865953E-03
+5.2555056E+00,+3.3871380E-03
+5.2614613E+00,+3.3876798E-03
+5.2674174E+00,+3.3882209E-03
+5.2733736E+00,+3.3887611E-03
+5.2793293E+00,+3.3893005E-03
+5.2852855E+00,+3.3898393E-03
+5.2912412E+00,+3.3903772E-03
+5.2971973E+00,+3.3909143E-03
+5.3031530E+00,+3.3914507E-03
+5.3091092E+00,+3.3919860E-03
+5.3150649E+00,+3.3925208E-03
+5.3210211E+00,+3.3930547E-03
+5.3269768E+00,+3.3935877E-03
+5.3329329E+00,+3.3941199E-03
+5.3388891E+00,+3.3946512E-03
+5.3448448E+00,+3.3951818E-03
+5.3508010E+00,+3.3957115E-03
+5.3567567E+00,+3.3962403E-03
+5.3627129E+00,+3.3967684E-03
+5.3686686E+00,+3.3972955E-03
+5.3746247E+00,+3.3978217E-03
+5.3805804E+00,+3.3983472E-03
+5.3865366E+00,+3.3988717E-03
+5.3924923E+00,+3.3993954E-03
+5.3984485E+00,+3.3999183E-03
+5.4044046E+00,+3.4004401E-03
+5.4103603E+00,+3.4009612E-03
+5.4163165E+00,+3.4014813E-03
+5.4222722E+00,+3.4020008E-03
+5.4282284E+00,+3.4025190E-03
+5.4341841E+00,+3.4030366E-03
+5.4401402E+00,+3.4035533E-03
+5.4460959E+00,+3.4040690E-03
+5.4468775E+00,+3.4041365E-03
+5.4520521E+00,+3.4045838E-03
+5.4580078E+00,+3.4050976E-03
+5.4639640E+00,+3.4056106E-03
+5.4699197E+00,+3.4061226E-03
+5.4758759E+00,+3.4066336E-03
+5.4818320E+00,+3.4071440E-03
+5.4877877E+00,+3.4076532E-03
+5.4937439E+00,+3.4081615E-03
+5.4996996E+00,+3.4086688E-03
+5.5056558E+00,+3.4091754E-03
+5.5116115E+00,+3.4096809E-03
+5.5175676E+00,+3.4101855E-03
+5.5235233E+00,+3.4106891E-03
+5.5294795E+00,+3.4111917E-03
+5.5354352E+00,+3.4116935E-03
+5.5413914E+00,+3.4121943E-03
+5.5473475E+00,+3.4126940E-03
+5.5533032E+00,+3.4131929E-03
+5.5592594E+00,+3.4136907E-03
+5.5652151E+00,+3.4141876E-03
+5.5711713E+00,+3.4146835E-03
+5.5771270E+00,+3.4151785E-03
+5.5830832E+00,+3.4156723E-03
+5.5890388E+00,+3.4161655E-03
+5.5949950E+00,+3.4166574E-03
+5.6009507E+00,+3.4171483E-03
+5.6069069E+00,+3.4176384E-03
+5.6128631E+00,+3.4181273E-03
+5.6188188E+00,+3.4186153E-03
+5.6247749E+00,+3.4191022E-03
+5.6307306E+00,+3.4195883E-03
+5.6366868E+00,+3.4200733E-03
+5.6426425E+00,+3.4205571E-03
+5.6485987E+00,+3.4210400E-03
+5.6545544E+00,+3.4215220E-03
+5.6605105E+00,+3.4220030E-03
+5.6664662E+00,+3.4224829E-03
+5.6724224E+00,+3.4229618E-03
+5.6783786E+00,+3.4234396E-03
+5.6843343E+00,+3.4239164E-03
+5.6902905E+00,+3.4243921E-03
+5.6962461E+00,+3.4248668E-03
+5.7022023E+00,+3.4253404E-03
+5.7081580E+00,+3.4258130E-03
+5.7141142E+00,+3.4262848E-03
+5.7167530E+00,+3.4264934E-03
+5.7200699E+00,+3.4267553E-03
+5.7260261E+00,+3.4272247E-03
+5.7319818E+00,+3.4276932E-03
+5.7379379E+00,+3.4281604E-03
+5.7438941E+00,+3.4286268E-03
+5.7498498E+00,+3.4290920E-03
+5.7558060E+00,+3.4295563E-03
+5.7617617E+00,+3.4300194E-03
+5.7677178E+00,+3.4304815E-03
+5.7736735E+00,+3.4309425E-03
+5.7796297E+00,+3.4314024E-03
+5.7855854E+00,+3.4318613E-03
+5.7915416E+00,+3.4323190E-03
+5.7974973E+00,+3.4327756E-03
+5.8034534E+00,+3.4332313E-03
+5.8094096E+00,+3.4336857E-03
+5.8153653E+00,+3.4341391E-03
+5.8213215E+00,+3.4345915E-03
+5.8272772E+00,+3.4350427E-03
+5.8332334E+00,+3.4354930E-03
+5.8391891E+00,+3.4359419E-03
+5.8451452E+00,+3.4363898E-03
+5.8511009E+00,+3.4368366E-03
+5.8570571E+00,+3.4372825E-03
+5.8630128E+00,+3.4377270E-03
+5.8689690E+00,+3.4381705E-03
+5.8749251E+00,+3.4386131E-03
+5.8808808E+00,+3.4390544E-03
+5.8868370E+00,+3.4394946E-03
+5.8927927E+00,+3.4399335E-03
+5.8987489E+00,+3.4403715E-03
+5.9047046E+00,+3.4408083E-03
+5.9106607E+00,+3.4412441E-03
+5.9166164E+00,+3.4416786E-03
+5.9225726E+00,+3.4421121E-03
+5.9285283E+00,+3.4425445E-03
+5.9344845E+00,+3.4429757E-03
+5.9404407E+00,+3.4434057E-03
+5.9463964E+00,+3.4438346E-03
+5.9523525E+00,+3.4442625E-03
+5.9583082E+00,+3.4446891E-03
+5.9642644E+00,+3.4451147E-03
+5.9702201E+00,+3.4455389E-03
+5.9761763E+00,+3.4459622E-03
+5.9821320E+00,+3.4463843E-03
+5.9880881E+00,+3.4468053E-03
+5.9940438E+00,+3.4472251E-03
+6.0000000E+00,+3.4476437E-03
