+5.0000001E-02,+1.5577213E+00
+5.2477341E-02,+1.5575755E+00
+5.5077430E-02,+1.5574249E+00
+5.5955958E-02,+1.5573747E+00
+5.7806343E-02,+1.5572697E+00
+6.0670465E-02,+1.5571096E+00
+6.1911911E-02,+1.5570410E+00
+6.3676499E-02,+1.5569446E+00
+6.6831470E-02,+1.5567750E+00
+6.7867868E-02,+1.5567200E+00
+7.0142753E-02,+1.5566008E+00
+7.3618107E-02,+1.5564224E+00
+7.3823825E-02,+1.5564119E+00
+7.7265650E-02,+1.5562401E+00
+7.9779781E-02,+1.5561174E+00
+8.1093922E-02,+1.5560544E+00
+8.5111871E-02,+1.5558658E+00
+8.5735738E-02,+1.5558372E+00
+8.9328900E-02,+1.5556750E+00
+9.1691695E-02,+1.5555712E+00
+9.3754865E-02,+1.5554825E+00
+9.7647645E-02,+1.5553199E+00
+9.8400123E-02,+1.5552891E+00
+1.0327554E-01,+1.5550956E+00
+1.0360360E-01,+1.5550829E+00
+1.0839251E-01,+1.5549024E+00
+1.0955956E-01,+1.5548599E+00
+1.1376303E-01,+1.5547105E+00
+1.1551552E-01,+1.5546502E+00
+1.1939962E-01,+1.5545205E+00
+1.2147147E-01,+1.5544535E+00
+1.2531550E-01,+1.5543330E+00
+1.2742743E-01,+1.5542688E+00
+1.3152449E-01,+1.5541486E+00
+1.3338338E-01,+1.5540956E+00
+1.3804111E-01,+1.5539677E+00
+1.3933934E-01,+1.5539331E+00
+1.4488061E-01,+1.5537908E+00
+1.4529529E-01,+1.5537806E+00
+1.5125126E-01,+1.5536371E+00
+1.5205899E-01,+1.5536183E+00
+1.5720721E-01,+1.5535023E+00
+1.5959305E-01,+1.5534506E+00
+1.6316317E-01,+1.5533754E+00
+1.6750038E-01,+1.5532875E+00
+1.6911912E-01,+1.5532557E+00
+1.7507507E-01,+1.5531428E+00
+1.7579949E-01,+1.5531294E+00
+1.8103103E-01,+1.5530360E+00
+1.8450980E-01,+1.5529763E+00
+1.8698698E-01,+1.5529349E+00
+1.9294295E-01,+1.5528389E+00
+1.9365168E-01,+1.5528278E+00
+1.9889890E-01,+1.5527478E+00
+2.0324650E-01,+1.5526841E+00
+2.0485486E-01,+1.5526611E+00
+2.1081081E-01,+1.5525784E+00
+2.1331674E-01,+1.5525447E+00
+2.1676676E-01,+1.5524994E+00
+2.2272272E-01,+1.5524238E+00
+2.2388591E-01,+1.5524095E+00
+2.2867867E-01,+1.5523515E+00
+2.3463464E-01,+1.5522820E+00
+2.3497875E-01,+1.5522780E+00
+2.4059059E-01,+1.5522150E+00
+2.4654655E-01,+1.5521506E+00
+2.4662121E-01,+1.5521498E+00
+2.5250250E-01,+1.5520884E+00
+2.5845847E-01,+1.5520283E+00
+2.5884050E-01,+1.5520245E+00
+2.6441440E-01,+1.5519700E+00
+2.7037036E-01,+1.5519135E+00
+2.7166525E-01,+1.5519015E+00
+2.7632633E-01,+1.5518587E+00
+2.8228229E-01,+1.5518054E+00
+2.8512540E-01,+1.5517803E+00
+2.8823823E-01,+1.5517534E+00
+2.9419419E-01,+1.5517027E+00
+2.9925248E-01,+1.5516605E+00
+3.0015016E-01,+1.5516531E+00
+3.0610612E-01,+1.5516047E+00
+3.1206205E-01,+1.5515573E+00
+3.1407949E-01,+1.5515416E+00
+3.1801802E-01,+1.5515109E+00
+3.2397398E-01,+1.5514653E+00
+3.2964113E-01,+1.5514226E+00
+3.2992992E-01,+1.5514205E+00
+3.3588588E-01,+1.5513765E+00
+3.4184185E-01,+1.5513331E+00
+3.4597382E-01,+1.5513034E+00
+3.4779781E-01,+1.5512904E+00
+3.5375375E-01,+1.5512482E+00
+3.5970971E-01,+1.5512067E+00
+3.6311573E-01,+1.5511831E+00
+3.6566567E-01,+1.5511657E+00
+3.7162161E-01,+1.5511250E+00
+3.7757757E-01,+1.5510850E+00
+3.8110697E-01,+1.5510614E+00
+3.8353354E-01,+1.5510453E+00
+3.8948950E-01,+1.5510061E+00
+3.9544544E-01,+1.5509671E+00
+3.9998963E-01,+1.5509377E+00
+4.0140140E-01,+1.5509286E+00
+4.0735736E-01,+1.5508903E+00
+4.1331330E-01,+1.5508524E+00
+4.1926926E-01,+1.5508149E+00
+4.1980785E-01,+1.5508114E+00
+4.2522523E-01,+1.5507774E+00
+4.3118119E-01,+1.5507404E+00
+4.3713713E-01,+1.5507035E+00
+4.4060802E-01,+1.5506822E+00
+4.4309309E-01,+1.5506669E+00
+4.4904906E-01,+1.5506306E+00
+4.5500502E-01,+1.5505943E+00
+4.6096095E-01,+1.5505584E+00
+4.6243876E-01,+1.5505495E+00
+4.6691692E-01,+1.5505226E+00
+4.7287288E-01,+1.5504870E+00
+4.7882882E-01,+1.5504516E+00
+4.8478478E-01,+1.5504164E+00
+4.8535115E-01,+1.5504130E+00
+4.9074075E-01,+1.5503813E+00
+4.9669671E-01,+1.5503464E+00
+5.0265265E-01,+1.5503116E+00
+5.0860858E-01,+1.5502769E+00
+5.0939876E-01,+1.5502723E+00
+5.1456457E-01,+1.5502424E+00
+5.2052051E-01,+1.5502081E+00
+5.2647650E-01,+1.5501739E+00
+5.3243244E-01,+1.5501399E+00
+5.3463787E-01,+1.5501273E+00
+5.3838837E-01,+1.5501059E+00
+5.4434437E-01,+1.5500722E+00
+5.5030030E-01,+1.5500386E+00
+5.5625623E-01,+1.5500050E+00
+5.6112748E-01,+1.5499777E+00
+5.6221223E-01,+1.5499716E+00
+5.6816816E-01,+1.5499383E+00
+5.7412410E-01,+1.5499052E+00
+5.8008009E-01,+1.5498722E+00
+5.8603603E-01,+1.5498393E+00
+5.8892959E-01,+1.5498233E+00
+5.9199202E-01,+1.5498065E+00
+5.9794796E-01,+1.5497738E+00
+6.0390389E-01,+1.5497413E+00
+6.0985988E-01,+1.5497088E+00
+6.1581582E-01,+1.5496765E+00
+6.1810917E-01,+1.5496641E+00
+6.2177175E-01,+1.5496445E+00
+6.2772775E-01,+1.5496124E+00
+6.3368368E-01,+1.5495805E+00
+6.3963962E-01,+1.5495486E+00
+6.4559561E-01,+1.5495170E+00
+6.4873457E-01,+1.5495003E+00
+6.5155154E-01,+1.5494854E+00
+6.5750748E-01,+1.5494540E+00
+6.6346347E-01,+1.5494227E+00
+6.6941941E-01,+1.5493915E+00
+6.7537540E-01,+1.5493605E+00
+6.8087733E-01,+1.5493319E+00
+6.8133134E-01,+1.5493295E+00
+6.8728727E-01,+1.5492988E+00
+6.9324327E-01,+1.5492681E+00
+6.9919920E-01,+1.5492376E+00
+7.0515513E-01,+1.5492072E+00
+7.1111113E-01,+1.5491769E+00
+7.1461266E-01,+1.5491592E+00
+7.1706706E-01,+1.5491468E+00
+7.2302300E-01,+1.5491167E+00
+7.2897899E-01,+1.5490868E+00
+7.3493493E-01,+1.5490570E+00
+7.4089092E-01,+1.5490274E+00
+7.4684685E-01,+1.5489980E+00
+7.5001943E-01,+1.5489823E+00
+7.5280279E-01,+1.5489686E+00
+7.5875878E-01,+1.5489393E+00
+7.6471472E-01,+1.5489103E+00
+7.7067065E-01,+1.5488813E+00
+7.7662665E-01,+1.5488526E+00
+7.8258258E-01,+1.5488238E+00
+7.8718054E-01,+1.5488018E+00
+7.8853852E-01,+1.5487953E+00
+7.9449451E-01,+1.5487669E+00
+8.0045044E-01,+1.5487386E+00
+8.0640638E-01,+1.5487105E+00
+8.1236237E-01,+1.5486825E+00
+8.1831831E-01,+1.5486547E+00
+8.2427430E-01,+1.5486269E+00
+8.2618290E-01,+1.5486181E+00
+8.3023024E-01,+1.5485994E+00
+8.3618617E-01,+1.5485719E+00
+8.4214216E-01,+1.5485446E+00
+8.4809810E-01,+1.5485175E+00
+8.5405403E-01,+1.5484904E+00
+8.6001003E-01,+1.5484636E+00
+8.6596596E-01,+1.5484369E+00
+8.6711764E-01,+1.5484316E+00
+8.7192190E-01,+1.5484103E+00
+8.7787789E-01,+1.5483838E+00
+8.8383383E-01,+1.5483575E+00
+8.8978976E-01,+1.5483314E+00
+8.9574575E-01,+1.5483053E+00
+9.0170169E-01,+1.5482794E+00
+9.0765768E-01,+1.5482537E+00
+9.1008061E-01,+1.5482433E+00
+9.1361362E-01,+1.5482280E+00
+9.1956955E-01,+1.5482026E+00
+9.2552555E-01,+1.5481772E+00
+9.3148148E-01,+1.5481521E+00
+9.3743742E-01,+1.5481271E+00
+9.4339341E-01,+1.5481021E+00
+9.4934934E-01,+1.5480773E+00
+9.5517224E-01,+1.5480533E+00
+9.5530528E-01,+1.5480528E+00
+9.6126127E-01,+1.5480282E+00
+9.6721721E-01,+1.5480039E+00
+9.7317320E-01,+1.5479797E+00
+9.7912914E-01,+1.5479556E+00
+9.8508507E-01,+1.5479318E+00
+9.9104106E-01,+1.5479079E+00
+9.9699700E-01,+1.5478843E+00
+1.0024980E+00,+1.5478626E+00
+1.0029529E+00,+1.5478609E+00
+1.0089089E+00,+1.5478375E+00
+1.0148649E+00,+1.5478142E+00
+1.0208209E+00,+1.5477911E+00
+1.0267768E+00,+1.5477682E+00
+1.0327327E+00,+1.5477453E+00
+1.0386887E+00,+1.5477227E+00
+1.0446446E+00,+1.5477002E+00
+1.0506006E+00,+1.5476778E+00
+1.0521686E+00,+1.5476718E+00
+1.0565566E+00,+1.5476555E+00
+1.0625125E+00,+1.5476333E+00
+1.0684685E+00,+1.5476112E+00
+1.0744244E+00,+1.5475894E+00
+1.0803804E+00,+1.5475676E+00
+1.0863364E+00,+1.5475460E+00
+1.0922923E+00,+1.5475246E+00
+1.0982482E+00,+1.5475031E+00
+1.1042042E+00,+1.5474819E+00
+1.1043003E+00,+1.5474815E+00
+1.1101601E+00,+1.5474608E+00
+1.1161162E+00,+1.5474398E+00
+1.1220721E+00,+1.5474191E+00
+1.1280280E+00,+1.5473983E+00
+1.1339840E+00,+1.5473777E+00
+1.1399399E+00,+1.5473573E+00
+1.1458958E+00,+1.5473369E+00
+1.1518519E+00,+1.5473167E+00
+1.1578078E+00,+1.5472966E+00
+1.1590148E+00,+1.5472926E+00
+1.1637638E+00,+1.5472767E+00
+1.1697197E+00,+1.5472568E+00
+1.1756756E+00,+1.5472372E+00
+1.1816317E+00,+1.5472175E+00
+1.1875876E+00,+1.5471981E+00
+1.1935436E+00,+1.5471787E+00
+1.1994995E+00,+1.5471594E+00
+1.2054554E+00,+1.5471404E+00
+1.2114114E+00,+1.5471214E+00
+1.2164404E+00,+1.5471054E+00
+1.2173674E+00,+1.5471025E+00
+1.2233233E+00,+1.5470837E+00
+1.2292793E+00,+1.5470651E+00
+1.2352352E+00,+1.5470465E+00
+1.2411911E+00,+1.5470282E+00
+1.2471472E+00,+1.5470098E+00
+1.2531031E+00,+1.5469917E+00
+1.2590591E+00,+1.5469736E+00
+1.2650150E+00,+1.5469557E+00
+1.2709709E+00,+1.5469378E+00
+1.2767112E+00,+1.5469207E+00
+1.2769269E+00,+1.5469201E+00
+1.2828829E+00,+1.5469024E+00
+1.2888389E+00,+1.5468849E+00
+1.2947948E+00,+1.5468675E+00
+1.3007507E+00,+1.5468502E+00
+1.3067067E+00,+1.5468330E+00
+1.3126627E+00,+1.5468159E+00
+1.3186187E+00,+1.5467989E+00
+1.3245746E+00,+1.5467820E+00
+1.3305305E+00,+1.5467653E+00
+1.3364865E+00,+1.5467486E+00
+1.3399682E+00,+1.5467389E+00
+1.3424424E+00,+1.5467321E+00
+1.3483984E+00,+1.5467156E+00
+1.3543544E+00,+1.5466992E+00
+1.3603103E+00,+1.5466830E+00
+1.3662663E+00,+1.5466667E+00
+1.3722222E+00,+1.5466508E+00
+1.3781781E+00,+1.5466348E+00
+1.3841342E+00,+1.5466189E+00
+1.3900901E+00,+1.5466031E+00
+1.3960460E+00,+1.5465875E+00
+1.4020020E+00,+1.5465719E+00
+1.4063594E+00,+1.5465605E+00
+1.4079579E+00,+1.5465564E+00
+1.4139140E+00,+1.5465410E+00
+1.4198699E+00,+1.5465257E+00
+1.4258258E+00,+1.5465105E+00
+1.4317818E+00,+1.5464953E+00
+1.4377377E+00,+1.5464803E+00
+1.4436936E+00,+1.5464654E+00
+1.4496497E+00,+1.5464506E+00
+1.4556056E+00,+1.5464358E+00
+1.4615616E+00,+1.5464212E+00
+1.4675175E+00,+1.5464066E+00
+1.4734734E+00,+1.5463921E+00
+1.4760401E+00,+1.5463859E+00
+1.4794295E+00,+1.5463777E+00
+1.4853854E+00,+1.5463634E+00
+1.4913414E+00,+1.5463492E+00
+1.4972973E+00,+1.5463350E+00
+1.5032532E+00,+1.5463209E+00
+1.5092092E+00,+1.5463070E+00
+1.5151652E+00,+1.5462930E+00
+1.5211211E+00,+1.5462792E+00
+1.5270771E+00,+1.5462655E+00
+1.5330330E+00,+1.5462519E+00
+1.5389889E+00,+1.5462383E+00
+1.5449450E+00,+1.5462248E+00
+1.5491732E+00,+1.5462153E+00
+1.5509009E+00,+1.5462114E+00
+1.5568569E+00,+1.5461980E+00
+1.5628128E+00,+1.5461848E+00
+1.5687687E+00,+1.5461715E+00
+1.5747247E+00,+1.5461584E+00
+1.5806807E+00,+1.5461454E+00
+1.5866367E+00,+1.5461324E+00
+1.5925926E+00,+1.5461196E+00
+1.5985485E+00,+1.5461068E+00
+1.6045045E+00,+1.5460941E+00
+1.6104605E+00,+1.5460814E+00
+1.6164165E+00,+1.5460688E+00
+1.6223724E+00,+1.5460563E+00
+1.6259300E+00,+1.5460489E+00
+1.6283283E+00,+1.5460439E+00
+1.6342843E+00,+1.5460315E+00
+1.6402402E+00,+1.5460192E+00
+1.6461962E+00,+1.5460069E+00
+1.6521522E+00,+1.5459948E+00
+1.6581081E+00,+1.5459826E+00
+1.6640640E+00,+1.5459706E+00
+1.6700200E+00,+1.5459586E+00
+1.6759759E+00,+1.5459467E+00
+1.6819320E+00,+1.5459349E+00
+1.6878879E+00,+1.5459231E+00
+1.6938438E+00,+1.5459114E+00
+1.6997998E+00,+1.5458997E+00
+1.7057557E+00,+1.5458882E+00
+1.7064896E+00,+1.5458868E+00
+1.7117118E+00,+1.5458766E+00
+1.7176677E+00,+1.5458652E+00
+1.7236236E+00,+1.5458539E+00
+1.7295796E+00,+1.5458425E+00
+1.7355355E+00,+1.5458312E+00
+1.7414914E+00,+1.5458200E+00
+1.7474475E+00,+1.5458089E+00
+1.7534034E+00,+1.5457978E+00
+1.7593594E+00,+1.5457867E+00
+1.7653153E+00,+1.5457758E+00
+1.7712712E+00,+1.5457648E+00
+1.7772273E+00,+1.5457540E+00
+1.7831832E+00,+1.5457432E+00
+1.7891392E+00,+1.5457324E+00
+1.7910408E+00,+1.5457290E+00
+1.7950951E+00,+1.5457218E+00
+1.8010510E+00,+1.5457112E+00
+1.8070070E+00,+1.5457006E+00
+1.8129630E+00,+1.5456901E+00
+1.8189189E+00,+1.5456796E+00
+1.8248749E+00,+1.5456691E+00
+1.8308308E+00,+1.5456587E+00
+1.8367867E+00,+1.5456485E+00
+1.8427428E+00,+1.5456382E+00
+1.8486987E+00,+1.5456280E+00
+1.8546547E+00,+1.5456178E+00
+1.8606106E+00,+1.5456077E+00
+1.8665665E+00,+1.5455977E+00
+1.8725225E+00,+1.5455877E+00
+1.8784785E+00,+1.5455776E+00
+1.8797812E+00,+1.5455755E+00
+1.8844345E+00,+1.5455678E+00
+1.8903904E+00,+1.5455580E+00
+1.8963463E+00,+1.5455481E+00
+1.9023023E+00,+1.5455383E+00
+1.9082582E+00,+1.5455287E+00
+1.9142143E+00,+1.5455190E+00
+1.9201702E+00,+1.5455093E+00
+1.9261261E+00,+1.5454998E+00
+1.9320821E+00,+1.5454903E+00
+1.9380380E+00,+1.5454807E+00
+1.9439940E+00,+1.5454713E+00
+1.9499500E+00,+1.5454619E+00
+1.9559059E+00,+1.5454526E+00
+1.9618618E+00,+1.5454433E+00
+1.9678178E+00,+1.5454340E+00
+1.9729185E+00,+1.5454261E+00
+1.9737737E+00,+1.5454248E+00
+1.9797298E+00,+1.5454156E+00
+1.9856857E+00,+1.5454065E+00
+1.9916416E+00,+1.5453974E+00
+1.9975976E+00,+1.5453883E+00
+2.0035536E+00,+1.5453793E+00
+2.0095096E+00,+1.5453703E+00
+2.0154655E+00,+1.5453614E+00
+2.0214214E+00,+1.5453526E+00
+2.0273774E+00,+1.5453438E+00
+2.0333333E+00,+1.5453349E+00
+2.0392892E+00,+1.5453261E+00
+2.0452452E+00,+1.5453174E+00
+2.0512011E+00,+1.5453087E+00
+2.0571570E+00,+1.5453000E+00
+2.0631132E+00,+1.5452914E+00
+2.0690691E+00,+1.5452828E+00
+2.0706704E+00,+1.5452806E+00
+2.0750251E+00,+1.5452744E+00
+2.0809810E+00,+1.5452658E+00
+2.0869370E+00,+1.5452573E+00
+2.0928929E+00,+1.5452489E+00
+2.0988488E+00,+1.5452405E+00
+2.1048048E+00,+1.5452322E+00
+2.1107607E+00,+1.5452238E+00
+2.1167166E+00,+1.5452156E+00
+2.1226726E+00,+1.5452073E+00
+2.1286287E+00,+1.5451990E+00
+2.1345847E+00,+1.5451909E+00
+2.1405406E+00,+1.5451827E+00
+2.1464965E+00,+1.5451746E+00
+2.1524525E+00,+1.5451665E+00
+2.1584084E+00,+1.5451585E+00
+2.1643643E+00,+1.5451505E+00
+2.1703203E+00,+1.5451425E+00
+2.1732657E+00,+1.5451386E+00
+2.1762762E+00,+1.5451345E+00
+2.1822321E+00,+1.5451266E+00
+2.1881881E+00,+1.5451187E+00
+2.1941442E+00,+1.5451108E+00
+2.2001002E+00,+1.5451031E+00
+2.2060561E+00,+1.5450952E+00
+2.2120121E+00,+1.5450875E+00
+2.2179680E+00,+1.5450797E+00
+2.2239239E+00,+1.5450721E+00
+2.2298799E+00,+1.5450643E+00
+2.2358358E+00,+1.5450567E+00
+2.2417917E+00,+1.5450491E+00
+2.2477477E+00,+1.5450414E+00
+2.2537036E+00,+1.5450339E+00
+2.2596598E+00,+1.5450264E+00
+2.2656157E+00,+1.5450189E+00
+2.2715716E+00,+1.5450114E+00
+2.2775276E+00,+1.5450040E+00
+2.2809441E+00,+1.5449997E+00
+2.2834835E+00,+1.5449965E+00
+2.2894394E+00,+1.5449891E+00
+2.2953954E+00,+1.5449818E+00
+2.3013513E+00,+1.5449744E+00
+2.3073072E+00,+1.5449672E+00
+2.3132632E+00,+1.5449599E+00
+2.3192191E+00,+1.5449526E+00
+2.3251753E+00,+1.5449454E+00
+2.3311312E+00,+1.5449382E+00
+2.3370872E+00,+1.5449309E+00
+2.3430431E+00,+1.5449238E+00
+2.3489990E+00,+1.5449166E+00
+2.3549550E+00,+1.5449096E+00
+2.3609109E+00,+1.5449024E+00
+2.3668668E+00,+1.5448954E+00
+2.3728228E+00,+1.5448884E+00
+2.3787787E+00,+1.5448813E+00
+2.3847346E+00,+1.5448744E+00
+2.3906908E+00,+1.5448674E+00
+2.3939576E+00,+1.5448636E+00
+2.3966467E+00,+1.5448605E+00
+2.4026027E+00,+1.5448536E+00
+2.4085586E+00,+1.5448467E+00
+2.4145145E+00,+1.5448399E+00
+2.4204705E+00,+1.5448329E+00
+2.4264264E+00,+1.5448261E+00
+2.4323823E+00,+1.5448194E+00
+2.4383383E+00,+1.5448126E+00
+2.4442942E+00,+1.5448058E+00
+2.4502501E+00,+1.5447991E+00
+2.4562063E+00,+1.5447923E+00
+2.4621623E+00,+1.5447856E+00
+2.4681182E+00,+1.5447789E+00
+2.4740741E+00,+1.5447723E+00
+2.4800301E+00,+1.5447657E+00
+2.4859860E+00,+1.5447590E+00
+2.4919419E+00,+1.5447525E+00
+2.4978979E+00,+1.5447459E+00
+2.5038538E+00,+1.5447394E+00
+2.5098097E+00,+1.5447328E+00
+2.5125706E+00,+1.5447298E+00
+2.5157657E+00,+1.5447263E+00
+2.5217218E+00,+1.5447198E+00
+2.5276778E+00,+1.5447134E+00
+2.5336337E+00,+1.5447068E+00
+2.5395896E+00,+1.5447004E+00
+2.5455456E+00,+1.5446941E+00
+2.5515015E+00,+1.5446876E+00
+2.5574574E+00,+1.5446812E+00
+2.5634134E+00,+1.5446749E+00
+2.5693693E+00,+1.5446686E+00
+2.5753253E+00,+1.5446622E+00
+2.5812812E+00,+1.5446559E+00
+2.5872371E+00,+1.5446496E+00
+2.5931933E+00,+1.5446434E+00
+2.5991492E+00,+1.5446371E+00
+2.6051052E+00,+1.5446309E+00
+2.6110611E+00,+1.5446247E+00
+2.6170170E+00,+1.5446185E+00
+2.6229730E+00,+1.5446123E+00
+2.6289289E+00,+1.5446061E+00
+2.6348848E+00,+1.5445999E+00
+2.6370606E+00,+1.5445977E+00
+2.6408408E+00,+1.5445938E+00
+2.6467967E+00,+1.5445877E+00
+2.6527526E+00,+1.5445815E+00
+2.6587088E+00,+1.5445755E+00
+2.6646647E+00,+1.5445694E+00
+2.6706207E+00,+1.5445634E+00
+2.6765766E+00,+1.5445573E+00
+2.6825325E+00,+1.5445513E+00
+2.6884885E+00,+1.5445453E+00
+2.6944444E+00,+1.5445393E+00
+2.7004004E+00,+1.5445334E+00
+2.7063563E+00,+1.5445274E+00
+2.7123122E+00,+1.5445215E+00
+2.7182682E+00,+1.5445155E+00
+2.7242243E+00,+1.5445095E+00
+2.7301803E+00,+1.5445037E+00
+2.7361362E+00,+1.5444977E+00
+2.7420921E+00,+1.5444919E+00
+2.7480481E+00,+1.5444860E+00
+2.7540040E+00,+1.5444802E+00
+2.7599599E+00,+1.5444744E+00
+2.7659159E+00,+1.5444685E+00
+2.7677188E+00,+1.5444667E+00
+2.7718718E+00,+1.5444627E+00
+2.7778277E+00,+1.5444570E+00
+2.7837837E+00,+1.5444511E+00
+2.7897398E+00,+1.5444454E+00
+2.7956958E+00,+1.5444397E+00
+2.8016517E+00,+1.5444340E+00
+2.8076077E+00,+1.5444282E+00
+2.8135636E+00,+1.5444225E+00
+2.8195195E+00,+1.5444168E+00
+2.8254755E+00,+1.5444111E+00
+2.8314314E+00,+1.5444055E+00
+2.8373873E+00,+1.5443997E+00
+2.8433433E+00,+1.5443941E+00
+2.8492992E+00,+1.5443884E+00
+2.8552554E+00,+1.5443828E+00
+2.8612113E+00,+1.5443772E+00
+2.8671672E+00,+1.5443716E+00
+2.8731232E+00,+1.5443660E+00
+2.8790791E+00,+1.5443605E+00
+2.8850350E+00,+1.5443549E+00
+2.8909910E+00,+1.5443493E+00
+2.8969469E+00,+1.5443438E+00
+2.9029028E+00,+1.5443382E+00
+2.9048505E+00,+1.5443364E+00
+2.9088588E+00,+1.5443327E+00
+2.9148147E+00,+1.5443273E+00
+2.9207709E+00,+1.5443218E+00
+2.9267268E+00,+1.5443163E+00
+2.9326828E+00,+1.5443108E+00
+2.9386387E+00,+1.5443053E+00
+2.9445946E+00,+1.5442998E+00
+2.9505506E+00,+1.5442945E+00
+2.9565065E+00,+1.5442890E+00
+2.9624624E+00,+1.5442836E+00
+2.9684184E+00,+1.5442781E+00
+2.9743743E+00,+1.5442728E+00
+2.9803302E+00,+1.5442674E+00
+2.9862864E+00,+1.5442621E+00
+2.9922423E+00,+1.5442566E+00
+2.9981983E+00,+1.5442513E+00
+3.0041542E+00,+1.5442460E+00
+3.0101101E+00,+1.5442406E+00
+3.0160661E+00,+1.5442352E+00
+3.0220220E+00,+1.5442300E+00
+3.0279779E+00,+1.5442246E+00
+3.0339339E+00,+1.5442194E+00
+3.0398898E+00,+1.5442140E+00
+3.0458457E+00,+1.5442088E+00
+3.0487766E+00,+1.5442061E+00
+3.0518019E+00,+1.5442035E+00
+3.0577579E+00,+1.5441982E+00
+3.0637138E+00,+1.5441929E+00
+3.0696697E+00,+1.5441877E+00
+3.0756257E+00,+1.5441824E+00
+3.0815816E+00,+1.5441773E+00
+3.0875375E+00,+1.5441720E+00
+3.0934935E+00,+1.5441668E+00
+3.0994494E+00,+1.5441616E+00
+3.1054053E+00,+1.5441564E+00
+3.1113613E+00,+1.5441512E+00
+3.1173172E+00,+1.5441461E+00
+3.1232734E+00,+1.5441409E+00
+3.1292293E+00,+1.5441357E+00
+3.1351852E+00,+1.5441306E+00
+3.1411412E+00,+1.5441254E+00
+3.1470971E+00,+1.5441203E+00
+3.1530530E+00,+1.5441152E+00
+3.1590090E+00,+1.5441101E+00
+3.1649649E+00,+1.5441049E+00
+3.1709208E+00,+1.5440998E+00
+3.1768768E+00,+1.5440948E+00
+3.1828327E+00,+1.5440897E+00
+3.1887889E+00,+1.5440845E+00
+3.1947448E+00,+1.5440795E+00
+3.1998341E+00,+1.5440753E+00
+3.2007008E+00,+1.5440744E+00
+3.2066567E+00,+1.5440694E+00
+3.2126126E+00,+1.5440644E+00
+3.2185686E+00,+1.5440593E+00
+3.2245245E+00,+1.5440543E+00
+3.2304804E+00,+1.5440493E+00
+3.2364364E+00,+1.5440443E+00
+3.2423923E+00,+1.5440392E+00
+3.2483482E+00,+1.5440342E+00
+3.2543044E+00,+1.5440292E+00
+3.2602603E+00,+1.5440242E+00
+3.2662163E+00,+1.5440192E+00
+3.2721722E+00,+1.5440143E+00
+3.2781281E+00,+1.5440093E+00
+3.2840841E+00,+1.5440043E+00
+3.2900400E+00,+1.5439994E+00
+3.2959960E+00,+1.5439944E+00
+3.3019519E+00,+1.5439895E+00
+3.3079078E+00,+1.5439845E+00
+3.3138638E+00,+1.5439796E+00
+3.3198199E+00,+1.5439748E+00
+3.3257759E+00,+1.5439699E+00
+3.3317318E+00,+1.5439649E+00
+3.3376877E+00,+1.5439600E+00
+3.3436437E+00,+1.5439551E+00
+3.3495996E+00,+1.5439502E+00
+3.3555555E+00,+1.5439453E+00
+3.3583758E+00,+1.5439430E+00
+3.3615115E+00,+1.5439404E+00
+3.3674674E+00,+1.5439355E+00
+3.3734233E+00,+1.5439308E+00
+3.3793793E+00,+1.5439259E+00
+3.3853354E+00,+1.5439210E+00
+3.3912914E+00,+1.5439161E+00
+3.3972473E+00,+1.5439113E+00
+3.4032032E+00,+1.5439065E+00
+3.4091592E+00,+1.5439017E+00
+3.4151151E+00,+1.5438968E+00
+3.4210711E+00,+1.5438920E+00
+3.4270270E+00,+1.5438873E+00
+3.4329829E+00,+1.5438824E+00
+3.4389389E+00,+1.5438776E+00
+3.4448948E+00,+1.5438728E+00
+3.4508510E+00,+1.5438679E+00
+3.4568069E+00,+1.5438632E+00
+3.4627628E+00,+1.5438584E+00
+3.4687188E+00,+1.5438536E+00
+3.4746747E+00,+1.5438489E+00
+3.4806306E+00,+1.5438441E+00
+3.4865866E+00,+1.5438393E+00
+3.4925425E+00,+1.5438346E+00
+3.4984984E+00,+1.5438299E+00
+3.5044544E+00,+1.5438251E+00
+3.5104103E+00,+1.5438204E+00
+3.5163665E+00,+1.5438156E+00
+3.5223224E+00,+1.5438110E+00
+3.5247726E+00,+1.5438089E+00
+3.5282784E+00,+1.5438062E+00
+3.5342343E+00,+1.5438015E+00
+3.5401902E+00,+1.5437968E+00
+3.5461462E+00,+1.5437921E+00
+3.5521021E+00,+1.5437874E+00
+3.5580580E+00,+1.5437827E+00
+3.5640140E+00,+1.5437779E+00
+3.5699699E+00,+1.5437733E+00
+3.5759258E+00,+1.5437686E+00
+3.5818820E+00,+1.5437639E+00
+3.5878379E+00,+1.5437592E+00
+3.5937939E+00,+1.5437546E+00
+3.5997498E+00,+1.5437499E+00
+3.6057057E+00,+1.5437453E+00
+3.6116617E+00,+1.5437406E+00
+3.6176176E+00,+1.5437360E+00
+3.6235735E+00,+1.5437313E+00
+3.6295295E+00,+1.5437267E+00
+3.6354854E+00,+1.5437220E+00
+3.6414413E+00,+1.5437174E+00
+3.6473973E+00,+1.5437127E+00
+3.6533535E+00,+1.5437081E+00
+3.6593094E+00,+1.5437034E+00
+3.6652653E+00,+1.5436989E+00
+3.6712213E+00,+1.5436943E+00
+3.6771772E+00,+1.5436896E+00
+3.6831331E+00,+1.5436851E+00
+3.6890891E+00,+1.5436804E+00
+3.6950450E+00,+1.5436759E+00
+3.6994140E+00,+1.5436724E+00
+3.7010009E+00,+1.5436713E+00
+3.7069569E+00,+1.5436667E+00
+3.7129128E+00,+1.5436621E+00
+3.7188690E+00,+1.5436575E+00
+3.7248249E+00,+1.5436529E+00
+3.7307808E+00,+1.5436484E+00
+3.7367368E+00,+1.5436438E+00
+3.7426927E+00,+1.5436392E+00
+3.7486486E+00,+1.5436347E+00
+3.7546046E+00,+1.5436301E+00
+3.7605605E+00,+1.5436256E+00
+3.7665164E+00,+1.5436209E+00
+3.7724724E+00,+1.5436164E+00
+3.7784283E+00,+1.5436119E+00
+3.7843845E+00,+1.5436074E+00
+3.7903404E+00,+1.5436028E+00
+3.7962964E+00,+1.5435983E+00
+3.8022523E+00,+1.5435938E+00
+3.8082082E+00,+1.5435892E+00
+3.8141642E+00,+1.5435847E+00
+3.8201201E+00,+1.5435802E+00
+3.8260760E+00,+1.5435756E+00
+3.8320320E+00,+1.5435711E+00
+3.8379879E+00,+1.5435667E+00
+3.8439438E+00,+1.5435622E+00
+3.8499000E+00,+1.5435576E+00
+3.8558559E+00,+1.5435531E+00
+3.8618119E+00,+1.5435487E+00
+3.8677678E+00,+1.5435442E+00
+3.8737237E+00,+1.5435396E+00
+3.8796797E+00,+1.5435352E+00
+3.8827083E+00,+1.5435330E+00
+3.8856356E+00,+1.5435307E+00
+3.8915915E+00,+1.5435262E+00
+3.8975475E+00,+1.5435218E+00
+3.9035034E+00,+1.5435172E+00
+3.9094594E+00,+1.5435128E+00
+3.9154155E+00,+1.5435083E+00
+3.9213715E+00,+1.5435039E+00
+3.9273274E+00,+1.5434995E+00
+3.9332833E+00,+1.5434949E+00
+3.9392393E+00,+1.5434905E+00
+3.9451952E+00,+1.5434861E+00
+3.9511511E+00,+1.5434816E+00
+3.9571071E+00,+1.5434772E+00
+3.9630630E+00,+1.5434728E+00
+3.9690189E+00,+1.5434682E+00
+3.9749749E+00,+1.5434638E+00
+3.9809310E+00,+1.5434594E+00
+3.9868870E+00,+1.5434550E+00
+3.9928429E+00,+1.5434506E+00
+3.9987988E+00,+1.5434462E+00
+4.0047545E+00,+1.5434418E+00
+4.0107107E+00,+1.5434374E+00
+4.0166669E+00,+1.5434328E+00
+4.0226226E+00,+1.5434284E+00
+4.0285788E+00,+1.5434240E+00
+4.0345345E+00,+1.5434196E+00
+4.0404906E+00,+1.5434153E+00
+4.0464463E+00,+1.5434109E+00
+4.0524025E+00,+1.5434065E+00
+4.0583582E+00,+1.5434021E+00
+4.0643144E+00,+1.5433977E+00
+4.0702701E+00,+1.5433933E+00
+4.0750842E+00,+1.5433897E+00
+4.0762262E+00,+1.5433888E+00
+4.0821824E+00,+1.5433846E+00
+4.0881381E+00,+1.5433801E+00
+4.0940943E+00,+1.5433757E+00
+4.1000500E+00,+1.5433713E+00
+4.1060061E+00,+1.5433670E+00
+4.1119618E+00,+1.5433626E+00
+4.1179180E+00,+1.5433582E+00
+4.1238737E+00,+1.5433539E+00
+4.1298299E+00,+1.5433495E+00
+4.1357856E+00,+1.5433451E+00
+4.1417418E+00,+1.5433408E+00
+4.1476979E+00,+1.5433364E+00
+4.1536536E+00,+1.5433321E+00
+4.1596098E+00,+1.5433277E+00
+4.1655655E+00,+1.5433234E+00
+4.1715217E+00,+1.5433190E+00
+4.1774774E+00,+1.5433147E+00
+4.1834335E+00,+1.5433103E+00
+4.1893892E+00,+1.5433060E+00
+4.1953454E+00,+1.5433016E+00
+4.2013011E+00,+1.5432973E+00
+4.2072573E+00,+1.5432930E+00
+4.2132134E+00,+1.5432886E+00
+4.2191691E+00,+1.5432843E+00
+4.2251253E+00,+1.5432800E+00
+4.2310810E+00,+1.5432756E+00
+4.2370372E+00,+1.5432713E+00
+4.2429929E+00,+1.5432670E+00
+4.2489491E+00,+1.5432627E+00
+4.2549047E+00,+1.5432583E+00
+4.2608609E+00,+1.5432540E+00
+4.2668166E+00,+1.5432497E+00
+4.2727728E+00,+1.5432454E+00
+4.2769918E+00,+1.5432423E+00
+4.2787290E+00,+1.5432411E+00
+4.2846847E+00,+1.5432369E+00
+4.2906408E+00,+1.5432326E+00
+4.2965965E+00,+1.5432283E+00
+4.3025527E+00,+1.5432239E+00
+4.3085084E+00,+1.5432196E+00
+4.3144646E+00,+1.5432153E+00
+4.3204203E+00,+1.5432110E+00
+4.3263764E+00,+1.5432067E+00
+4.3323321E+00,+1.5432024E+00
+4.3382883E+00,+1.5431981E+00
+4.3442445E+00,+1.5431938E+00
+4.3502002E+00,+1.5431896E+00
+4.3561563E+00,+1.5431854E+00
+4.3621120E+00,+1.5431811E+00
+4.3680682E+00,+1.5431768E+00
+4.3740239E+00,+1.5431725E+00
+4.3799801E+00,+1.5431682E+00
+4.3859358E+00,+1.5431639E+00
+4.3918920E+00,+1.5431597E+00
+4.3978477E+00,+1.5431554E+00
+4.4038038E+00,+1.5431511E+00
+4.4097595E+00,+1.5431468E+00
+4.4157157E+00,+1.5431426E+00
+4.4216719E+00,+1.5431384E+00
+4.4276276E+00,+1.5431341E+00
+4.4335837E+00,+1.5431298E+00
+4.4395394E+00,+1.5431256E+00
+4.4454956E+00,+1.5431213E+00
+4.4514513E+00,+1.5431170E+00
+4.4574075E+00,+1.5431129E+00
+4.4633632E+00,+1.5431086E+00
+4.4693193E+00,+1.5431043E+00
+4.4752750E+00,+1.5431001E+00
+4.4812312E+00,+1.5430958E+00
+4.4871874E+00,+1.5430917E+00
+4.4889035E+00,+1.5430903E+00
+4.4931431E+00,+1.5430874E+00
+4.4990993E+00,+1.5430832E+00
+4.5050550E+00,+1.5430789E+00
+4.5110111E+00,+1.5430747E+00
+4.5169668E+00,+1.5430704E+00
+4.5229230E+00,+1.5430663E+00
+4.5288787E+00,+1.5430620E+00
+4.5348349E+00,+1.5430578E+00
+4.5407906E+00,+1.5430535E+00
+4.5467467E+00,+1.5430493E+00
+4.5527029E+00,+1.5430452E+00
+4.5586586E+00,+1.5430409E+00
+4.5646148E+00,+1.5430367E+00
+4.5705705E+00,+1.5430324E+00
+4.5765266E+00,+1.5430282E+00
+4.5824823E+00,+1.5430241E+00
+4.5884385E+00,+1.5430198E+00
+4.5943942E+00,+1.5430156E+00
+4.6003504E+00,+1.5430114E+00
+4.6063061E+00,+1.5430073E+00
+4.6122622E+00,+1.5430030E+00
+4.6182184E+00,+1.5429988E+00
+4.6241741E+00,+1.5429946E+00
+4.6301303E+00,+1.5429904E+00
+4.6360860E+00,+1.5429862E+00
+4.6420422E+00,+1.5429820E+00
+4.6479979E+00,+1.5429778E+00
+4.6539540E+00,+1.5429736E+00
+4.6599097E+00,+1.5429695E+00
+4.6658659E+00,+1.5429653E+00
+4.6718216E+00,+1.5429611E+00
+4.6777778E+00,+1.5429568E+00
+4.6837339E+00,+1.5429527E+00
+4.6896896E+00,+1.5429485E+00
+4.6956458E+00,+1.5429443E+00
+4.7016015E+00,+1.5429401E+00
+4.7075577E+00,+1.5429360E+00
+4.7113147E+00,+1.5429333E+00
+4.7135134E+00,+1.5429318E+00
+4.7194695E+00,+1.5429276E+00
+4.7254252E+00,+1.5429235E+00
+4.7313814E+00,+1.5429193E+00
+4.7373371E+00,+1.5429151E+00
+4.7432933E+00,+1.5429109E+00
+4.7492495E+00,+1.5429068E+00
+4.7552052E+00,+1.5429026E+00
+4.7611613E+00,+1.5428984E+00
+4.7671170E+00,+1.5428942E+00
+4.7730732E+00,+1.5428901E+00
+4.7790289E+00,+1.5428860E+00
+4.7849851E+00,+1.5428818E+00
+4.7909408E+00,+1.5428777E+00
+4.7968969E+00,+1.5428735E+00
+4.8028526E+00,+1.5428693E+00
+4.8088088E+00,+1.5428652E+00
+4.8147650E+00,+1.5428611E+00
+4.8207207E+00,+1.5428569E+00
+4.8266768E+00,+1.5428528E+00
+4.8326325E+00,+1.5428486E+00
+4.8385887E+00,+1.5428444E+00
+4.8445444E+00,+1.5428404E+00
+4.8505006E+00,+1.5428362E+00
+4.8564563E+00,+1.5428320E+00
+4.8624125E+00,+1.5428278E+00
+4.8683681E+00,+1.5428238E+00
+4.8743243E+00,+1.5428196E+00
+4.8802805E+00,+1.5428154E+00
+4.8862362E+00,+1.5428114E+00
+4.8921924E+00,+1.5428072E+00
+4.8981481E+00,+1.5428030E+00
+4.9041042E+00,+1.5427990E+00
+4.9100599E+00,+1.5427948E+00
+4.9160161E+00,+1.5427908E+00
+4.9219718E+00,+1.5427866E+00
+4.9279280E+00,+1.5427824E+00
+4.9338837E+00,+1.5427784E+00
+4.9398398E+00,+1.5427742E+00
+4.9447455E+00,+1.5427709E+00
+4.9457960E+00,+1.5427701E+00
+4.9517517E+00,+1.5427660E+00
+4.9577079E+00,+1.5427619E+00
+4.9636636E+00,+1.5427577E+00
+4.9696198E+00,+1.5427537E+00
+4.9755754E+00,+1.5427495E+00
+4.9815316E+00,+1.5427455E+00
+4.9874873E+00,+1.5427413E+00
+4.9934435E+00,+1.5427372E+00
+4.9993992E+00,+1.5427331E+00
+5.0053554E+00,+1.5427290E+00
+5.0113115E+00,+1.5427248E+00
+5.0172672E+00,+1.5427208E+00
+5.0232234E+00,+1.5427167E+00
+5.0291791E+00,+1.5427126E+00
+5.0351353E+00,+1.5427085E+00
+5.0410910E+00,+1.5427045E+00
+5.0470471E+00,+1.5427003E+00
+5.0530028E+00,+1.5426962E+00
+5.0589590E+00,+1.5426922E+00
+5.0649147E+00,+1.5426880E+00
+5.0708709E+00,+1.5426840E+00
+5.0768270E+00,+1.5426799E+00
+5.0827827E+00,+1.5426757E+00
+5.0887389E+00,+1.5426717E+00
+5.0946946E+00,+1.5426676E+00
+5.1006508E+00,+1.5426636E+00
+5.1066065E+00,+1.5426594E+00
+5.1125627E+00,+1.5426553E+00
+5.1185184E+00,+1.5426513E+00
+5.1244745E+00,+1.5426472E+00
+5.1304302E+00,+1.5426431E+00
+5.1363864E+00,+1.5426390E+00
+5.1423426E+00,+1.5426350E+00
+5.1482983E+00,+1.5426309E+00
+5.1542544E+00,+1.5426269E+00
+5.1602101E+00,+1.5426228E+00
+5.1661663E+00,+1.5426186E+00
+5.1721220E+00,+1.5426146E+00
+5.1780782E+00,+1.5426105E+00
+5.1840339E+00,+1.5426065E+00
+5.1897421E+00,+1.5426025E+00
+5.1899900E+00,+1.5426024E+00
+5.1959457E+00,+1.5425984E+00
+5.2019019E+00,+1.5425943E+00
+5.2078581E+00,+1.5425903E+00
+5.2138138E+00,+1.5425862E+00
+5.2197700E+00,+1.5425822E+00
+5.2257257E+00,+1.5425781E+00
+5.2316818E+00,+1.5425740E+00
+5.2376375E+00,+1.5425700E+00
+5.2435937E+00,+1.5425659E+00
+5.2495494E+00,+1.5425619E+00
+5.2555056E+00,+1.5425578E+00
+5.2614613E+00,+1.5425538E+00
+5.2674174E+00,+1.5425497E+00
+5.2733736E+00,+1.5425457E+00
+5.2793293E+00,+1.5425416E+00
+5.2852855E+00,+1.5425376E+00
+5.2912412E+00,+1.5425335E+00
+5.2971973E+00,+1.5425295E+00
+5.3031530E+00,+1.5425254E+00
+5.3091092E+00,+1.5425215E+00
+5.3150649E+00,+1.5425174E+00
+5.3210211E+00,+1.5425134E+00
+5.3269768E+00,+1.5425093E+00
+5.3329329E+00,+1.5425053E+00
+5.3388891E+00,+1.5425012E+00
+5.3448448E+00,+1.5424973E+00
+5.3508010E+00,+1.5424932E+00
+5.3567567E+00,+1.5424892E+00
+5.3627129E+00,+1.5424851E+00
+5.3686686E+00,+1.5424811E+00
+5.3746247E+00,+1.5424771E+00
+5.3805804E+00,+1.5424731E+00
+5.3865366E+00,+1.5424690E+00
+5.3924923E+00,+1.5424651E+00
+5.3984485E+00,+1.5424610E+00
+5.4044046E+00,+1.5424570E+00
+5.4103603E+00,+1.5424529E+00
+5.4163165E+00,+1.5424490E+00
+5.4222722E+00,+1.5424449E+00
+5.4282284E+00,+1.5424409E+00
+5.4341841E+00,+1.5424370E+00
+5.4401402E+00,+1.5424329E+00
+5.4460959E+00,+1.5424290E+00
+5.4468775E+00,+1.5424284E+00
+5.4520521E+00,+1.5424249E+00
+5.4580078E+00,+1.5424209E+00
+5.4639640E+00,+1.5424169E+00
+5.4699197E+00,+1.5424129E+00
+5.4758759E+00,+1.5424089E+00
+5.4818320E+00,+1.5424049E+00
+5.4877877E+00,+1.5424008E+00
+5.4937439E+00,+1.5423969E+00
+5.4996996E+00,+1.5423928E+00
+5.5056558E+00,+1.5423889E+00
+5.5116115E+00,+1.5423849E+00
+5.5175676E+00,+1.5423809E+00
+5.5235233E+00,+1.5423769E+00
+5.5294795E+00,+1.5423729E+00
+5.5354352E+00,+1.5423689E+00
+5.5413914E+00,+1.5423650E+00
+5.5473475E+00,+1.5423609E+00
+5.5533032E+00,+1.5423570E+00
+5.5592594E+00,+1.5423530E+00
+5.5652151E+00,+1.5423490E+00
+5.5711713E+00,+1.5423450E+00
+5.5771270E+00,+1.5423410E+00
+5.5830832E+00,+1.5423371E+00
+5.5890388E+00,+1.5423331E+00
+5.5949950E+00,+1.5423291E+00
+5.6009507E+00,+1.5423251E+00
+5.6069069E+00,+1.5423212E+00
+5.6128631E+00,+1.5423172E+00
+5.6188188E+00,+1.5423132E+00
+5.6247749E+00,+1.5423093E+00
+5.6307306E+00,+1.5423052E+00
+5.6366868E+00,+1.5423013E+00
+5.6426425E+00,+1.5422974E+00
+5.6485987E+00,+1.5422934E+00
+5.6545544E+00,+1.5422894E+00
+5.6605105E+00,+1.5422854E+00
+5.6664662E+00,+1.5422815E+00
+5.6724224E+00,+1.5422776E+00
+5.6783786E+00,+1.5422735E+00
+5.6843343E+00,+1.5422696E+00
+5.6902905E+00,+1.5422657E+00
+5.6962461E+00,+1.5422617E+00
+5.7022023E+00,+1.5422578E+00
+5.7081580E+00,+1.5422537E+00
+5.7141142E+00,+1.5422498E+00
+5.7167530E+00,+1.5422481E+00
+5.7200699E+00,+1.5422459E+00
+5.7260261E+00,+1.5422419E+00
+5.7319818E+00,+1.5422380E+00
+5.7379379E+00,+1.5422341E+00
+5.7438941E+00,+1.5422301E+00
+5.7498498E+00,+1.5422262E+00
+5.7558060E+00,+1.5422223E+00
+5.7617617E+00,+1.5422182E+00
+5.7677178E+00,+1.5422143E+00
+5.7736735E+00,+1.5422103E+00
+5.7796297E+00,+1.5422064E+00
+5.7855854E+00,+1.5422025E+00
+5.7915416E+00,+1.5421985E+00
+5.7974973E+00,+1.5421946E+00
+5.8034534E+00,+1.5421907E+00
+5.8094096E+00,+1.5421867E+00
+5.8153653E+00,+1.5421828E+00
+5.8213215E+00,+1.5421789E+00
+5.8272772E+00,+1.5421749E+00
+5.8332334E+00,+1.5421711E+00
+5.8391891E+00,+1.5421672E+00
+5.8451452E+00,+1.5421633E+00
+5.8511009E+00,+1.5421593E+00
+5.8570571E+00,+1.5421554E+00
+5.8630128E+00,+1.5421515E+00
+5.8689690E+00,+1.5421475E+00
+5.8749251E+00,+1.5421436E+00
+5.8808808E+00,+1.5421396E+00
+5.8868370E+00,+1.5421358E+00
+5.8927927E+00,+1.5421319E+00
+5.8987489E+00,+1.5421280E+00
+5.9047046E+00,+1.5421240E+00
+5.9106607E+00,+1.5421201E+00
+5.9166164E+00,+1.5421163E+00
+5.9225726E+00,+1.5421124E+00
+5.9285283E+00,+1.5421084E+00
+5.9344845E+00,+1.5421045E+00
+5.9404407E+00,+1.5421005E+00
+5.9463964E+00,+1.5420967E+00
+5.9523525E+00,+1.5420928E+00
+5.9583082E+00,+1.5420889E+00
+5.9642644E+00,+1.5420851E+00
+5.9702201E+00,+1.5420811E+00
+5.9761763E+00,+1.5420772E+00
+5.9821320E+00,+1.5420734E+00
+5.9880881E+00,+1.5420694E+00
+5.9940438E+00,+1.5420655E+00
+6.0000000E+00,+1.5420617E+00
